15456
16485
6115
11995
19744
24620
401
16486
17163
18214
19505
18703
4329
6512
17346
17190
10490
1131
15133
19886
19509
15544
12437
129
7888
4278
1815
572
21905
24747
24256
11469
18479
10987
24848
9819
19049
14723
649
6951
16796
7739
19304
12068
19427
18584
11952
8010
7136
11260
15164
22189
16246
19324
24383
1556
2720
2973
5616
22450
7275
6402
20512
20593
3266
15386
14302
5705
15049
15670
8361
2603
23163
21604
4233
897
5089
18184
12988
1988
3130
24119
21307
13
7785
17812
2511
2679
16632
18465
19300
23421
5385
8931
21029
23943
11507
9318
21748
10809
1326
12377
17981
14774
16112
2115
9576
22241
13713
17263
865
15865
1129
18949
2402
11708
22360
2232
19768
5313
15007
6690
14224
6072
22463
22914
12495
22535
8666
9394
22942
9546
9044
18356
10659
13347
3176
550
10034
24687
4531
16067
13235
22187
18536
24201
4240
8270
21504
4061
11076
985
15336
18941
4298
13629
10850
18447
13841
10731
7772
11561
11423
14807
0
156
22610
18687
1943
4320
13765
146
20365
6029
19012
10013
448
24225
17005
8811
17169
13425
3824
21559
22850
24204
7235
8392
13132
9272
9376
10104
14978
17114
7750
23380
19018
20691
2883
23255
20416
16192
18361
435
23804
18588
12435
17024
13995
20089
10811
23288
10557
9107
15302
9661
6162
15229
17571
1509
8070
684
20437
14805
20552
8868
4004
10437
11544
20303
1308
7721
394
21456
11168
10777
9372
3166
16664
22668
16526
1105
2137
14685
5371
16264
15859
6820
18381
2391
5105
18226
3652
6901
22214
10009
16522
1046
1894
11016
23206
6381
7031
6390
10933
2459
14086
22745
21805
24092
17421
12894
13026
19361
6101
2951
4030
2864
20404
11506
19259
10857
15548
14743
784
17578
18837
20983
21626
10156
13156
24970
19599
8087
23393
20308
24750
8619
18495
16936
4543
15950
12395
7100
22393
13593
22199
24426
11635
6230
19931
18810
1854
6147
1234
12189
5882
1929
5769
19738
5020
800
21866
18466
1102
5868
11782
3026
15910
11201
19896
22091
4037
3218
9337
2814
6630
996
10244
18911
4950
21106
23777
3115
24018
2569
3111
10924
5312
12168
19969
9900
14198
12605
11235
19431
11815
10419
6621
7666
2116
21104
5917
20902
19140
680
18503
7629
16505
12275
9883
10592
15631
791
10084
21591
12692
13102
12326
7824
5097
19712
19642
7041
20018
19109
7633
21978
21579
8564
24508
4789
24277
15914
12952
6228
1042
12143
19252
14572
16286
3453
7799
10775
8672
1883
24956
14751
13963
4707
13569
13772
20060
3708
5338
11953
19841
13150
307
22948
9178
12158
18142
22330
24527
593
2209
14925
16888
17197
24115
18529
24719
24220
15559
154
14976
16460
3003
23388
12345
4842
10296
6394
24082
5386
1711
11750
12007
19941
18419
11500
1508
24340
3906
229
24646
1807
5939
3126
12355
22234
12053
15043
2238
12736
14273
16388
17856
8398
22200
4085
23039
1718
14024
8701
4060
21738
2697
7820
5145
14808
10943
869
4985
3767
17493
22005
7417
8236
24157
14423
5415
1510
6882
6017
11608
8546
9658
21847
16943
19806
21390
14356
8712
1112
1855
7207
19021
12278
12465
16842
12904
12959
517
16788
8682
1271
14903
17862
11087
5977
17191
14223
1739
22888
18552
5267
1265
18209
10525
16049
13002
5461
21113
18556
10386
5125
15954
23144
16030
10977
7126
10686
13492
21115
16381
13158
21420
21628
15900
22645
22907
11756
13763
24400
10541
6573
5889
10288
14713
16533
6581
3904
13281
15155
9082
14864
11444
9656
17381
13476
12654
14041
17333
3551
6358
3269
11880
2051
10936
6441
16630
23037
8153
19162
5351
753
13710
2582
24512
15187
4833
5579
13770
19132
4377
14473
19462
8862
18005
22332
20297
21897
19078
1782
6275
16024
1457
24280
12259
18451
23623
12240
19613
7095
21220
24041
21392
15836
23938
20007
361
19630
16313
624
17254
16282
7409
18812
15979
3791
15854
8881
17831
17726
23640
18800
16352
16207
12037
14806
18219
7438
114
6133
349
15672
7246
28
1923
22895
17916
4056
16463
6787
3749
11874
673
20875
8253
20013
14360
13618
8995
418
3219
8807
4508
9475
4770
19649
19083
16977
9782
18280
927
10240
12686
5680
222
14091
16706
5284
5473
15065
18840
7364
12874
6709
23575
19091
11686
10256
13024
24096
13227
23800
20978
14753
21145
24032
18721
22437
18070
13357
19706
20427
17642
17225
4941
5039
21167
22065
10549
11574
19182
23356
7957
10887
20495
24961
7401
3970
11568
22230
7373
8808
1742
1487
16697
14631
4698
3480
15038
1158
4439
7318
16143
10124
6488
6407
24079
18037
6424
3229
21468
20420
5005
24880
3642
24943
12241
24656
12017
22271
5487
12990
23802
126
11736
3401
12119
3084
3571
7737
4791
17379
10105
24035
19912
16925
3855
5790
4993
23581
15118
4465
23054
11818
22507
21004
1566
7215
12568
5133
12596
13726
19389
19687
747
11101
6593
21110
11607
13411
4303
9970
2242
5073
17211
5098
12339
2820
17175
3733
4496
17313
16970
10025
23250
9582
17577
10534
20550
14401
19823
1270
12779
20384
9865
6504
13607
13131
18312
8147
9315
11946
6048
2968
24681
6319
23556
12877
4923
1820
3247
1922
9691
24602
9135
2704
9716
11931
12724
6523
19897
23069
1251
7116
18108
12921
22974
5389
21486
7471
9379
1660
167
15690
20692
9154
2160
20865
15978
15463
10589
20114
616
18025
4046
4920
3709
4158
18605
11665
21662
3515
1248
3629
626
10918
13126
8954
9593
21904
1314
4480
14738
18374
2340
3167
9965
9193
18674
22154
14616
8858
8933
2237
1634
4516
10357
3284
8073
12217
2473
2543
223
12147
5030
1352
2064
20481
6635
11990
1267
4747
14792
2919
6430
1435
8451
7314
7866
8876
1062
9129
8600
8009
24366
18415
954
23182
15158
15037
8373
19762
3307
16114
2716
17140
14525
20842
1480
18072
4326
4350
6580
18494
10810
23045
10475
4602
18735
3385
3426
23999
6237
22653
7
358
18024
3030
24714
21666
640
3495
23620
1017
2112
20383
7150
11352
51
7927
9787
9040
18882
6788
9553
8893
10046
4638
7273
6426
2827
13359
5649
1903
3561
17954
8246
23676
17109
6779
13658
17633
5330
13923
9708
16992
14638
23549
15490
3292
5180
7404
13583
24193
5979
5992
14236
3398
5379
24241
9655
4733
19946
2870
22454
17102
15066
10164
6920
2291
7208
21786
13360
16830
16913
21330
7896
7223
3444
22371
8994
130
14184
15381
5222
24509
8369
15272
1672
19604
16549
4349
19463
20184
14422
18021
2642
21265
14984
1107
2699
23630
12087
13642
11433
12195
14071
21305
10040
15639
17279
6344
15939
23543
5280
4592
15877
17183
10880
4827
13135
1080
23906
220
24635
4291
2826
8747
17690
4221
6572
3091
7322
10150
21761
10701
8053
17152
21445
11015
5240
14365
6451
20561
5467
24260
284
4353
16438
536
18519
21053
17582
24351
19483
4527
631
16429
4925
8941
21732
787
1589
2062
1875
2401
21117
14197
12283
7566
16455
18741
17565
13085
5026
4316
3494
3932
16593
20585
22678
630
17621
12293
11557
5436
17326
16318
9770
18004
20307
9719
21656
8759
19285
21536
3208
16355
14778
16046
90
1021
16516
5061
13775
3772
2466
9630
16372
3650
8728
8144
21781
10913
11477
10204
22444
9228
5043
14209
3170
2725
1847
15306
23896
7326
2539
20087
1575
5759
21373
1284
24990
22553
10250
15834
10396
16276
23998
2424
4984
9651
8765
2021
14726
3752
13630
15728
23300
22088
15464
18909
24405
4571
2830
6071
23916
14708
2129
2995
2114
17932
9019
21261
493
22913
19872
9037
22899
19703
9303
17308
10468
11834
24529
12718
12853
9902
17209
18304
24853
4029
21951
23596
15590
5779
20923
12824
12297
3492
4270
21404
6855
22555
2596
19856
2338
14375
14249
10347
21885
9714
19618
20150
7938
18471
22138
5690
2561
2113
19277
9562
20496
16493
12478
18457
14912
24324
16780
3312
6611
23287
571
7694
867
10606
13153
24131
11805
11976
2016
5369
9424
22804
12002
24344
23456
9891
20511
24506
15729
15059
809
24810
11357
19737
10683
2252
5479
2496
1779
199
14621
23672
3244
21522
24814
17029
19174
21933
15721
7609
17079
6295
12
18462
7188
16146
24289
23254
9806
10479
681
9583
20093
12593
9384
6467
7502
24454
9955
9839
15460
20508
10791
24532
15393
3463
20654
18015
24533
11489
20856
22305
18855
14897
17789
22552
14070
10820
3180
11632
23462
12454
8870
17728
24901
6307
22542
8225
10974
13537
12710
644
6348
2907
7954
13624
20900
15372
24822
22531
23326
24746
13811
4105
14118
9132
713
9498
9627
7336
2825
2188
10991
10507
14212
2302
23159
357
12772
14611
23563
11690
24751
4299
4671
23004
18893
3348
13487
15106
11905
21531
21480
22965
7387
15712
21188
14301
15883
14438
17708
7236
356
18723
19402
15182
3358
14034
7000
18764
10200
5580
22674
19262
15509
1290
1535
21946
15831
17003
20632
12520
12142
4078
7864
14575
16976
15908
8783
4519
13029
17972
5407
14895
7494
9726
19238
16225
9903
13794
22440
19148
4860
4431
17490
6560
20968
10941
4544
7230
17542
15426
15044
13174
3796
8149
13700
24009
21949
12929
14950
11963
21380
9292
19058
1299
18799
2395
16683
21187
15887
3794
18085
12745
24771
12008
7579
12823
22363
14142
9901
1796
23205
7374
6704
12552
2143
18334
2117
13632
4898
11068
21996
4579
20407
12661
13707
20432
8596
8710
19320
21965
5563
21986
6337
70
11922
10260
10753
21266
2493
15706
16535
17525
12235
15382
7233
11786
14268
2837
3999
9298
23342
21008
18033
17205
16391
19265
8425
24429
23533
24702
6479
8761
19648
7725
11593
13229
16248
20940
23110
477
5009
5785
5305
7279
23828
15348
8085
3314
4847
20739
5003
24859
15946
8263
2218
13812
7978
11394
23985
21269
24194
7175
24664
24153
15064
8340
10801
13370
526
2943
1735
3373
1200
4309
13405
13013
11604
5411
20140
11538
16690
21143
20982
10844
7102
6869
14821
11094
16837
13729
22818
4648
5984
19942
10300
8661
18897
14948
15293
15283
5231
16949
15561
6340
18169
19009
11743
13572
2468
10612
9321
1244
22254
6900
22689
23090
5729
404
19043
9684
92
10234
10646
5477
6749
10257
4528
4073
19685
20528
16164
720
19429
15231
12308
117
12316
14178
4054
23832
703
5504
1396
7122
2279
13512
17060
14353
4027
10781
16530
11256
10102
13937
15449
3893
19139
15630
6316
22283
23430
5746
24545
23742
13080
18620
20433
9073
3880
12135
16040
14472
18506
3008
3926
14300
18609
3637
22219
23011
21629
11967
13552
18789
5335
16110
1895
10203
11005
18877
14941
7767
20559
6818
2578
939
7358
13864
205
5766
8069
10571
23573
24736
24462
3587
15556
16431
7338
16105
17370
2036
9363
14942
7591
16856
9295
11339
2833
17797
10919
23304
20675
473
14721
4390
3748
7386
8256
2125
216
23001
18822
6823
19170
11251
17348
11537
10973
8908
18157
17139
14045
12567
1413
20906
14910
9338
11988
2921
22297
3150
21632
10400
20290
21707
4881
11374
18570
7411
7461
16648
11716
5576
15214
20233
14992
13570
7112
12906
24802
8480
19467
5054
23881
24553
21019
21056
22521
14725
496
10145
11901
20759
23822
17047
6318
12501
11095
21940
13438
19355
6418
18660
21252
13786
3475
24016
23460
15299
6450
18993
20763
10815
23645
13749
22777
10783
22406
7354
457
12039
2434
202
10794
9777
9983
16267
8865
10253
12810
15669
5380
23122
10643
24080
4225
6928
9170
9156
20738
5755
9866
3371
12532
8541
5077
11356
12891
7165
6570
3698
486
8859
21509
3295
5793
13669
7643
18168
6503
3912
6191
16367
14166
16311
895
20975
18765
22258
20568
20889
23790
21148
1032
191
4379
10298
3069
9242
12303
14657
12062
23642
18268
22752
21169
7213
19318
8777
9346
11785
21966
21881
20509
5721
24472
3129
1604
2700
5202
22429
16409
3141
20199
17778
11899
20748
3377
19746
23971
23193
22286
1028
14123
22588
12425
21994
11619
24293
16841
23291
9045
11287
22879
9785
1483
6043
19922
12574
16727
22605
1792
18295
15142
19870
8588
4933
6927
23544
12536
18194
2093
8739
19812
2808
7780
3942
20355
19588
5738
17711
9652
12363
6233
5033
23696
1632
4521
7808
21024
3663
9811
12242
19918
4935
24498
855
22209
1985
6205
2961
10826
8530
8222
9854
16721
7415
6145
5656
3564
5546
6719
22144
17762
4070
22868
23049
22794
11298
11407
24420
6915
1343
11644
10742
21083
12245
7559
7053
24448
11529
21832
3634
3591
2142
9964
2056
24147
2229
1460
16614
15528
9095
7001
20203
15731
10587
2885
2046
20789
10929
16370
16537
23538
8027
24728
17178
3984
2077
11481
18791
22803
11345
21532
17064
6474
7913
17794
15666
9265
2585
13845
14290
10215
20081
24288
12486
22130
5150
23005
17217
19669
22191
21472
20196
20462
5582
17447
11837
19186
10914
13936
23718
4670
4726
2728
24586
1273
10275
2713
4897
13699
21235
5325
10054
23092
14103
7788
11072
20347
15258
11546
23972
18622
8001
482
2897
15612
8275
15166
22953
6166
24804
7973
7014
24657
23057
17371
3623
23022
16631
18906
13875
24900
22751
17741
634
10687
19538
9161
23194
7975
6530
14836
4145
4235
3328
9007
10412
5464
21042
18266
16027
23072
13304
14737
907
22649
23687
23719
9267
24641
24966
21928
14334
16687
7260
17328
590
14457
17142
11249
9467
9912
9256
24610
19651
23164
24013
6984
23435
5627
23256
6955
312
13849
22636
3302
18063
6821
22052
1169
8076
9468
4575
24551
2748
17668
20668
6974
21179
861
7897
7525
13141
17277
13421
20602
22104
20937
20418
11186
8045
14269
8286
12704
18440
10113
398
20658
19315
8507
9633
14196
10377
19025
24513
12534
21796
14964
13377
10364
11314
17666
5654
474
16622
19087
23666
8194
17722
11369
11011
1764
24682
24684
9439
11133
12236
13821
18261
4103
2515
21689
24066
18496
3918
24938
16600
918
365
20826
23600
19231
22193
4231
12449
11875
20831
24907
5847
11552
14080
18090
7115
11212
18751
10875
1145
17915
23030
13741
23335
1164
12863
19096
18510
19292
5211
23184
18257
20861
23476
5155
20909
10930
22379
6708
20177
13463
7174
4793
9609
4317
2605
19889
6600
14528
20876
9803
4637
2622
2743
20258
15675
22124
19115
21243
11139
4042
9260
19503
13689
9986
8036
14926
22796
22099
21223
20124
11864
9445
12311
20667
19391
22806
5957
14676
10846
15800
16184
21653
17266
14877
14540
6778
16997
7628
22141
22816
11838
9981
15575
18720
20708
17339
19287
6669
21749
203
1051
5207
20205
23373
17970
7928
13691
8989
1356
24865
16844
11513
17417
2501
9360
8579
15870
16562
20830
1279
11813
11247
22706
21394
2546
13559
15471
17883
23172
18718
1101
2538
3075
16884
24715
4582
24017
5940
17113
8067
20610
16734
16032
19571
23010
19481
20429
24636
17619
18303
10778
4351
14501
15390
22235
1163
3004
2959
15063
19959
13659
17817
21654
16448
11573
15816
8639
23219
14083
8114
1229
22775
15172
16520
5123
9134
20791
7877
21952
2054
8446
16960
1130
8097
834
8249
2614
4629
17137
7340
13991
11091
23658
3174
19775
24946
393
3691
729
16251
9982
15186
18434
20936
20152
5028
7368
876
12060
11836
13269
6031
15301
19582
6385
17969
10609
21899
12218
6129
9370
2228
10548
21598
2518
19510
6135
10021
13929
11376
341
18595
23343
6493
17458
18905
20976
21907
4222
20951
12599
7049
24868
7613
3001
7687
1016
21158
8419
19155
17837
11203
1355
14923
8819
1657
7952
22285
8921
15238
16205
14533
23293
5176
5914
14585
4631
1286
9540
4322
18649
3383
14998
14697
13412
8164
12353
24964
2712
4493
10111
11717
770
22245
594
17100
20344
17271
955
2091
12107
13550
23466
12199
3521
4419
1749
9761
11982
17448
17563
23024
21499
3976
4033
20911
20300
24331
10067
19246
2877
18920
13137
1991
16358
9864
12797
6180
1481
11364
633
4971
13815
704
22475
9116
2407
10441
18137
14384
22425
5833
22527
2840
20765
7197
20546
326
1053
1853
16427
9758
21203
4365
5006
20589
15227
3079
11728
20441
16700
20904
22490
23170
22578
14637
6653
15244
5291
18732
17336
5437
23399
18391
20540
3031
20987
17615
24671
18869
13036
17879
7077
1373
20914
24074
21807
19811
6280
5831
5
7155
7818
20022
2425
19066
9227
15972
11272
16052
334
22737
8708
21903
3899
13656
18318
8930
7972
5639
21331
3682
3797
5494
2317
10072
16946
193
1088
7746
2824
4187
655
16557
12958
9530
4835
10376
15047
4041
17018
3024
24649
18299
4205
5228
959
3674
3154
3057
3427
12515
9914
24613
17476
5716
21493
9220
19607
9992
7769
11755
22658
14323
18661
16914
17508
14518
21728
19070
24159
12329
5468
6476
4626
24387
7178
16162
2058
13574
12587
7665
9874
15477
8595
20784
13837
17032
19321
2065
22593
21901
21569
19845
13959
9545
18849
19890
15970
22932
19662
18592
14727
656
2581
13543
1533
8651
7682
16147
23385
12491
711
13944
23875
4361
10315
23278
4183
9016
461
725
16464
19654
20106
21278
6368
4211
32
13362
23078
14170
9563
20673
16095
355
21642
21920
1445
5086
3638
8092
10224
1913
10148
23135
19372
11997
13805
18308
21746
8056
4173
6880
19353
16978
11321
20745
10487
6804
5598
5088
3835
19097
10018
9677
18003
19956
14710
7979
17820
24312
1449
16265
19954
11086
14349
20428
23295
18797
22465
14017
22826
11229
11480
13808
7436
22038
8832
7331
527
3189
3304
553
20873
24401
4939
10745
19855
8987
8830
18831
2580
6005
22461
15108
285
17742
16979
9015
22717
2980
1098
21841
15772
147
3799
12466
19996
230
13430
462
18734
16815
3408
8559
24825
15036
5796
13311
13555
24890
9620
1038
529
6988
24926
584
13548
12721
18995
373
16083
5856
13826
10314
22500
11764
10228
9590
2904
3719
21005
24685
21900
7874
148
10822
19092
21031
18061
23823
6992
5177
7055
8866
17049
14977
664
7080
14536
8221
10333
24313
10788
10502
20570
3844
12356
23947
18985
19843
22561
14686
10922
22926
23130
7702
3523
13541
14311
10083
15072
3255
1642
3735
18717
4605
313
22127
18516
7588
23746
7621
5783
22436
24180
6962
9641
237
24723
19017
4800
22017
329
9501
10081
11579
8119
8021
16991
7814
22226
17516
14946
9105
13457
3105
11131
22923
18213
23766
6004
10135
18083
12985
6637
18873
16729
9476
294
14889
8240
20613
12631
24713
21557
2844
22333
21578
3919
19394
12525
14187
10877
8460
13147
16369
8763
5597
20076
20346
18468
21247
7917
549
18752
16771
3491
5217
11729
14159
18564
9518
19980
18118
21613
18260
2849
528
9410
16693
11910
10545
1494
20230
16098
1239
6500
3368
18363
9309
16739
11090
1215
5395
16332
960
18117
13474
10869
19672
16028
4813
17672
18820
9624
14822
15519
6837
4366
430
4966
23946
23893
7039
23911
9284
12011
22702
21356
17083
7536
24246
11540
18569
5167
4164
10147
1369
18130
13874
6171
21895
17013
16996
23200
15596
4215
22079
560
5400
24212
3800
12841
11920
8797
16929
4015
561
9252
23965
14701
22120
707
2083
18675
6305
2898
18580
7196
3544
12905
4683
21325
21617
15671
24829
11077
24556
7515
8510
8469
13789
8064
6036
18348
15987
11853
10311
24697
8011
8594
1674
21658
2549
20799
295
4854
21327
3410
1227
17559
13008
12201
1084
6831
6802
18313
15416
5245
11770
12018
16795
22532
15113
567
15525
2999
3653
18685
9093
24691
16405
7812
12427
8103
7638
3852
8721
16681
1351
15960
2954
980
13021
14484
12295
18007
17985
8300
5650
11902
6612
4846
4990
22845
1675
9554
2304
21079
15505
15656
20345
16724
952
1685
1834
11401
6932
18235
12750
3757
10514
3103
24560
6155
11003
23229
17453
6405
15796
8707
8046
6944
14235
5493
3659
14729
2566
7974
13455
8334
4006
21324
1012
5871
12698
17284
2802
18828
20933
12757
14722
736
21981
9171
10854
8493
7189
19727
18994
18472
11475
11983
7353
15807
5225
1405
6772
11461
8259
6404
10008
2078
9688
11105
8503
15081
5219
860
10227
14403
18593
6026
4412
7142
4498
16189
3238
19752
8422
14320
21049
128
9923
8230
4262
17196
14980
3795
18626
2415
10946
23511
372
14463
5671
1302
13646
1647
12109
19354
19943
6298
23095
12983
19166
15761
23185
23660
9210
1587
15360
24704
11655
19975
14432
3570
8495
3820
7958
19923
19519
5157
24803
23595
9817
4180
3481
1295
19198
4649
24744
16755
7063
23886
12503
16075
21423
495
24210
11346
1673
9942
9131
9862
17665
22524
12802
16387
21316
24665
9189
12919
14647
5178
405
17435
16476
6107
14857
11525
16766
8124
11661
9027
2080
5165
7086
5186
22483
4331
17687
13043
14644
20730
15406
10077
13151
5995
9646
24067
14664
15203
24647
14587
374
21787
1120
1809
8416
12221
4660
14051
5764
15195
14471
24531
23521
22855
22779
14508
18532
10726
23183
7341
24769
6584
1542
24325
17403
17483
24291
7764
2672
12938
15020
4778
537
3807
17471
9861
18102
5440
20488
5532
21851
14809
20242
15919
17195
24626
15956
23440
24806
5262
19820
9855
1027
7251
9280
24470
12707
8186
17022
18693
4604
10661
12630
20699
22705
17798
6466
21516
22336
20373
804
13788
1603
16606
3068
21875
14200
7029
11017
12061
14717
7504
12835
14337
1452
22778
14943
10925
7546
22696
7505
1458
13865
8955
15402
23948
8891
8584
1706
19784
20364
6214
11178
22576
18380
8867
11857
10599
8758
18867
3268
23950
19145
20500
8355
794
4481
24059
10885
9997
3485
24840
1231
4783
11125
10358
4169
18726
22670
16822
6808
1225
3207
12930
12394
6354
1091
13551
16284
2751
958
4948
13253
970
17752
8477
22269
22628
18128
23697
17847
9706
1938
19327
16315
21599
6916
20883
4634
6797
5750
22731
10017
23677
1899
722
20400
7592
24924
13168
20990
5985
2745
17845
8809
6790
23495
11927
18701
3113
6945
14773
23311
3118
2799
3514
22929
22982
21054
22177
13752
16762
24670
2909
15342
7202
2488
20477
1003
23953
9615
10503
838
16951
7013
14626
3323
21442
2485
4197
2483
9194
1880
21279
3017
20287
13483
8377
5896
9859
14119
2781
9851
13500
19875
18676
13177
1002
9520
2772
819
1236
8252
19100
255
8040
12637
14635
11858
22798
12884
23955
15724
13082
23428
22854
24611
8638
14082
2220
14287
18400
11960
14390
6094
4930
23315
17338
823
6349
3875
9277
7132
3209
10453
6990
24374
2890
22449
23905
3500
7071
18255
15461
20
22207
14404
4979
16335
9209
8499
22488
14346
14547
18044
18879
15757
12815
950
3019
3624
4172
23674
1949
17230
9024
3701
1185
20182
5583
12608
10576
2380
13477
6509
3616
24031
20834
18272
22228
11222
10435
20939
17134
6434
3933
3826
13582
13714
4655
23340
10373
12672
5514
16789
16964
18309
24774
10591
13123
24857
8848
5111
2351
24316
11159
8280
3050
19574
4311
12447
9358
21637
5846
7971
12794
8402
16280
2187
14408
14233
22684
1519
5555
9206
19819
973
9279
8828
24083
15955
1037
10108
22211
9251
8748
18923
16328
14397
15120
4513
21500
17934
501
8484
1612
472
18469
20281
3007
9167
11512
13211
6498
17734
5830
4836
18979
6325
4801
5432
11482
21646
6814
11916
9257
22960
1060
8107
4864
11285
5417
6651
13818
11950
7027
11236
13481
13384
22470
24727
17514
10904
3066
15929
6982
20722
11987
20746
15152
9857
8923
15251
6256
562
16241
81
6417
12714
3051
11385
11246
15236
21912
20674
16000
10696
7422
24957
14833
2079
52
23750
17342
15936
15810
20964
9579
9619
22202
12665
5090
2033
4753
21041
22201
5730
922
322
17939
15132
23729
6284
21256
4245
6367
10881
21161
7584
964
15082
4098
5064
14813
24422
4388
5235
10911
16803
19905
16984
2765
19932
21822
7768
17978
23231
23775
6585
16663
21132
13385
19421
10263
18224
17250
21015
5648
6314
18647
24321
16540
1690
12392
22143
14668
17145
35
22680
4720
5065
18973
6508
20263
13053
8354
7460
14124
15663
8922
14981
8604
3560
6996
5248
19209
23675
21759
14957
12442
8146
13226
10979
14581
23812
9995
22506
7046
18095
19877
24039
7894
22119
21882
16547
19370
2702
11845
10466
1511
17836
13942
10495
9592
13097
17025
864
7798
7312
17444
16086
16270
8106
2591
9246
12922
12149
118
7193
14035
5956
4614
4610
22637
21937
20138
11173
1113
6406
5099
13397
18322
20342
23785
21726
3787
17054
8937
9760
22962
4344
16761
21224
22764
17808
660
24270
7700
14303
19556
19165
24953
3346
10005
9368
8365
14494
10511
20037
23585
1317
9051
2625
17389
2412
13333
16716
17034
2095
1061
13330
4767
9810
16715
9648
2532
23140
8170
20533
2533
16911
18769
24995
944
19290
23969
3900
23903
6605
3535
22810
14755
7074
15377
22252
10289
2612
13018
4714
22646
12178
21063
19652
20950
5289
2834
14646
19441
19449
10879
4955
10323
23808
16732
17576
7693
18230
7595
10100
6891
10550
12610
22643
2570
200
522
11
4917
5327
3224
22754
5594
4665
20947
9278
16675
12579
13558
24892
10383
12629
4080
14056
10371
1019
4276
20697
5726
23713
13682
17268
9967
4986
17764
4500
6437
24227
8757
1459
10800
5057
11417
8652
11962
23018
23584
9573
8303
18902
3998
11884
468
1078
20291
24866
16777
7198
5642
22067
20367
17949
21857
2265
20103
4730
15875
1736
19108
23534
7604
6496
14281
22304
13933
15852
23629
4820
22090
5242
20266
19545
20726
14618
15198
7420
13838
13764
8390
9516
19172
6085
22171
24834
760
12987
4239
4693
1400
15677
15501
7551
16849
20369
1859
10252
12986
12766
22420
13861
6903
10556
7057
23177
22669
3766
5529
23058
19953
72
14555
21824
6333
21284
14073
9071
2149
7997
14057
6252
2301
5340
3805
2050
22735
11639
15815
23919
7730
3866
4816
23503
5163
7640
21309
23416
14793
19392
11559
18771
15928
13169
248
11965
9117
10995
3122
19710
9500
10039
5243
8569
11456
20306
319
15839
12472
24482
16033
297
16814
16921
15705
12830
13576
6663
15647
5845
21408
3212
3271
24918
13118
7766
14734
13116
2759
10573
22089
6937
7062
6080
11058
17118
11163
23259
573
19495
4139
24377
19837
4283
22743
2223
5007
4515
1188
12272
504
14622
7704
1322
150
16172
5703
5920
15730
10478
15583
799
19776
6976
23248
18630
14252
13925
2387
20532
3925
18053
14259
15789
10482
2587
5517
252
15380
9032
9191
16525
6661
12271
1444
19424
21801
21506
12213
24474
24975
19407
4865
1861
24142
7427
4891
14921
1590
14999
20771
7783
15099
13663
17161
15823
9682
7394
10733
15056
6477
1784
10724
24581
21812
9591
1264
20666
23050
5037
7634
22700
16941
13635
8329
5696
6939
24458
15995
19136
1935
24934
24501
4850
6544
8969
11765
11794
12865
22106
18144
11304
5382
21871
12220
9791
2363
10308
2344
24249
2550
7994
6917
16059
23518
19344
11252
11621
3142
21444
1441
19791
22085
17468
2260
22011
9947
8980
4035
17553
11108
24481
8640
11580
18816
3811
11516
9602
17366
10872
5451
17772
5151
24755
3363
5113
3572
18708
883
18020
6905
12284
18461
19173
18826
12032
14589
12963
19560
6491
19522
4255
16647
21921
23408
15260
23992
10276
2981
3669
24255
21317
12702
23936
19039
2343
726
8590
12239
13049
1760
24678
23475
24264
8856
17616
9446
4256
21035
21508
6554
9484
11263
16254
9757
23192
3731
5876
133
24847
16772
6259
21896
11368
7492
8950
19761
162
17799
11358
20539
24925
3892
15355
24826
23498
14560
22724
2219
206
23964
21731
9764
23641
24352
24860
20211
24480
17285
15070
12096
15189
19383
2527
18091
5935
24597
18919
18332
10679
18709
18006
1327
12935
11531
13400
6153
8491
13172
10179
5657
2962
18548
11663
21402
1583
24051
2879
11457
13675
1033
21175
20474
15746
7575
7659
24721
5148
17455
5947
14496
19447
22736
16133
13084
22626
12391
18638
12302
22910
17869
15374
22112
5787
14530
24694
5141
10615
4371
15750
8842
391
11466
13673
24413
21963
14280
15183
6595
3884
20884
1960
15012
19178
6445
22959
7782
22940
1054
3416
9860
13930
21271
5334
16938
1119
18041
12476
12879
20682
24393
8625
17701
15947
1624
17280
20115
22432
21431
12368
21540
7611
22554
11143
22945
24882
4410
4840
17248
15129
24145
10274
10698
11594
15499
10940
21251
12730
8875
16958
19531
21439
22448
9423
21398
354
13184
10883
8560
18763
10381
18052
22280
24574
13732
5922
22955
6227
6698
4332
4640
6899
2621
13649
4446
340
20928
11092
7949
20816
3619
19291
13762
14342
1799
17023
15405
12305
3518
8185
18166
9938
12124
23625
22970
9349
16293
2664
15325
17824
9551
15610
20943
13681
13048
6326
4911
13143
3520
16008
7508
3149
11031
7907
2660
21850
1958
9234
8431
17369
24571
22833
10149
4315
17148
6023
18170
22922
2440
12504
23993
22624
20419
11013
761
24883
22760
2388
22161
11267
24049
14126
3204
603
19558
15782
23891
13219
13059
4114
23490
14749
5414
2637
23464
7345
9519
6301
5309
4541
13600
24338
10351
18988
14744
20608
13676
19398
11460
6834
24389
15847
19325
10639
3375
21326
3343
13383
1969
913
303
6007
24173
10892
5230
17648
2174
19154
7590
4569
11049
5701
7893
23052
16166
18684
2874
10472
5919
18438
2119
23370
6244
15112
14586
4772
17743
16482
24572
15981
6785
17853
24337
20716
10737
13844
20302
4476
24559
4195
6793
1194
6809
20374
13167
4122
2557
24368
8899
6995
1812
24979
24770
813
9169
14414
19767
2107
22716
15170
17541
14953
17401
11648
17070
19041
11587
66
15906
12099
15520
11435
1022
4658
10219
5300
19126
9479
5265
22864
16857
11631
21910
4280
3279
13479
20999
3869
11895
9934
13546
12090
15178
13526
20130
5672
16341
13042
4360
17833
3052
12728
11790
4002
8525
6198
22844
20866
22135
13373
11026
5301
10338
16156
15011
14372
5682
3441
17281
6671
21178
6642
14165
18750
20594
3945
22954
4518
20497
14529
12566
2389
10598
20046
5392
23419
17040
18326
20202
3359
22597
8014
15151
15368
18631
8268
24187
24345
5478
7107
23831
23803
6120
21490
22239
20531
18396
18267
15795
88
16416
15872
4596
8690
15768
11964
2418
7490
19513
22459
9676
20034
16297
21835
24897
17442
20956
6741
18014
20996
9612
23860
10387
21798
10322
23769
19967
15340
18008
9783
21254
21855
10266
13668
7414
8603
16152
14499
21908
1103
11185
24184
835
18846
16377
19019
16492
11821
19393
16800
8296
2400
39
7699
2325
7032
4428
21061
6116
4603
13025
23033
18651
4265
1777
21498
13372
21478
15572
8247
1127
451
7801
16652
7421
3524
17201
6487
23624
429
10269
7924
20922
7623
9780
15373
8755
23770
10824
22997
15297
19950
20334
466
2750
9426
20664
5735
18420
7790
18768
7532
2359
23867
8996
17898
22204
9908
23473
16983
22750
12575
16575
7308
16061
8467
2105
10110
24234
12982
3968
10183
7697
15153
23225
7499
14433
1488
3645
2815
24124
18367
8982
5279
11606
7356
18492
12121
19005
23762
13431
24022
14264
18201
5808
5055
17193
21403
24182
4577
7030
14030
10268
13074
8678
21414
9715
17740
8459
3978
10703
8411
15924
6609
4635
1744
22886
22059
24456
24150
17086
20341
12448
21484
14982
102
11819
767
9062
21361
23423
18686
18112
9175
11042
12770
4194
21171
11777
5402
10819
20476
23559
3493
15282
3742
14853
16213
24842
23228
2131
3336
24376
22934
19411
9344
10436
18640
4374
1304
17235
19849
13328
11490
20929
20551
771
11939
14009
17990
23755
10010
796
13506
21514
19673
261
5323
23066
20639
15210
6008
6902
2332
17464
14399
17875
21166
9101
16790
11446
6912
4760
1983
10361
17286
5132
20721
7309
21023
5348
10363
1984
9642
9416
7729
12883
19543
11060
21429
6059
11833
20868
10658
10638
21737
15466
18147
14376
18583
3320
6604
5603
6389
17522
10090
10766
1979
5214
12748
19375
19288
17111
9951
16155
23417
20776
3763
11153
7446
267
6302
1313
693
20549
4273
1354
12456
3654
24492
4961
775
21084
8787
15869
87
23232
278
12139
23604
24967
15896
22784
22495
1951
3997
24000
17162
8711
14094
20920
6373
8216
11840
2804
19773
12739
2556
2133
20885
9657
22590
7238
3468
8762
17872
20494
2290
370
4959
14106
18353
15202
1560
22291
9707
6681
4461
8082
20958
12939
23274
5318
15400
18853
2988
17184
17033
10304
9404
8464
247
18689
7960
12598
14428
9560
6350
19917
11280
11949
1183
14699
15720
7382
12070
9153
17153
3553
9717
15526
9331
13554
20050
13799
10265
4389
9001
2859
8581
15016
21623
15275
18621
1611
3948
24503
8846
10225
14133
491
8209
24148
8702
23161
16722
12157
6975
1712
7307
6830
4734
7695
10471
6097
21625
10127
9094
22783
7383
1531
10280
20447
19992
21649
23608
18762
4462
94
10340
14052
3935
23646
13077
7458
3290
19793
1887
14627
19150
6281
9285
1074
11553
6277
18969
4230
3848
20191
11714
24993
23213
5426
19584
485
15788
22640
12337
23249
8174
15921
1858
523
6887
9091
20917
13069
10633
9361
18076
9585
10015
18029
23587
11620
18106
11128
2604
5408
12941
8320
1348
20392
18097
13718
3248
9409
15127
21060
93
1953
8624
8795
17946
14534
6332
7786
7847
9632
24689
23756
4894
441
5619
16833
15756
1125
23450
24461
9025
4356
9226
22468
19960
24319
18754
1085
21961
17058
24063
18247
16965
23345
20680
5761
12254
7620
15004
16259
11672
19948
20151
8376
24800
19684
5803
5867
11999
4458
19857
22585
23609
7470
18075
14930
6232
20753
13192
14559
8565
11515
2847
7969
9897
24939
14407
20629
23741
10989
12997
11064
11380
5530
23657
23578
21745
21236
8457
6532
10488
17829
19743
13432
13983
22732
23924
12166
2484
19282
8487
6925
18568
3909
12398
12558
2727
459
5405
4443
9057
4514
6052
8785
323
16149
2326
2261
2442
4296
23115
24257
17414
24618
2798
14025
2275
7544
17352
3497
24402
5665
2900
7816
20436
24214
5936
12804
7050
735
24273
4739
4097
14039
5184
6472
5206
8586
8556
9668
24435
10938
22111
8217
22842
18805
18538
4645
14599
19520
2098
22451
11037
6255
13064
23019
21048
6021
2136
12341
10651
4307
21998
4817
2659
5872
6592
2067
20039
5823
7844
1920
22633
18931
23444
16922
18043
6482
5595
17594
12290
13951
3817
7147
16634
8888
10001
23447
1134
21365
22494
10403
9422
21571
14789
21379
22010
19256
24261
21916
3565
6599
21366
9877
11634
2353
17481
7040
18596
3636
20813
7365
7092
6777
9124
11501
19645
5292
21722
2313
11237
21564
4583
10509
7986
19179
23036
20992
15415
7493
5592
6789
4896
18714
5303
6865
16674
9463
814
224
12222
6412
17974
16401
17499
9534
24519
23008
5857
22909
15276
392
18269
4066
4490
10845
19681
2372
23280
17572
7670
6816
13912
15092
5310
16216
12304
10087
23479
12845
14577
14596
19549
16751
18575
21813
6359
7291
2905
1067
16396
14120
3351
3456
15829
9759
15727
24333
24488
11464
20986
5810
14182
2213
20215
6822
18524
10692
18182
2867
16999
12173
5971
10143
23106
17219
13291
7183
10399
21033
8729
22611
2477
16253
6212
13339
3598
23175
7834
4072
10024
13705
22602
2666
16165
4364
22549
14157
6399
19741
5538
7827
8673
18574
14087
24583
4684
13349
4293
6643
5298
9580
4909
17112
24930
3487
42
1500
9768
3994
9944
20761
14234
4619
369
3160
11912
23167
18787
1111
2235
17177
10249
413
22714
24487
5361
4538
14213
22568
23798
20212
9867
18729
9858
4109
22911
7872
15013
15030
5083
20542
5633
9954
16876
16168
8002
11335
3123
21663
2470
19295
14217
5196
5260
13557
23104
22928
16828
18833
7619
24116
11586
2454
657
7708
18146
23358
18177
17138
5614
8829
16064
19104
9341
15160
12696
16945
15873
2293
15830
2706
16252
1144
18488
10988
24303
11438
20977
5490
9148
5590
24637
23852
17554
2629
11539
31
15837
2860
13588
15959
20505
18039
6449
11221
23043
23917
23599
1257
15684
5854
8311
3685
24726
16667
23348
4568
19940
15311
21452
2640
19880
7568
6771
19185
6179
20145
8089
2934
10758
24162
11485
15880
9537
13634
12482
13459
13768
16763
21774
12111
12131
23606
9941
12774
13556
23975
20513
17439
3283
5900
3511
11861
7103
9869
13260
2714
3002
11851
10670
11775
15465
8314
13051
14480
8344
3837
22439
9776
10218
13407
2809
6985
18241
15140
4314
22348
8364
18742
11259
3604
995
12120
8676
20363
12685
6517
12267
7570
16538
11193
3063
23879
18704
9340
21354
18416
24409
10848
4227
24449
7403
18123
3047
12638
7858
17625
11373
23083
24992
13716
21556
10384
22905
6843
3558
2328
3765
8055
23979
9566
3988
5866
4020
16347
13278
1294
20412
3096
15945
12544
6991
3751
7256
6264
24910
9879
24091
15403
19386
13124
7007
24428
15493
16521
21779
15483
8764
4533
17349
179
21126
3496
7317
23208
2858
3390
13266
16886
5093
4347
1316
43
4702
18167
17179
12251
15776
18992
3717
16502
16345
1165
2852
19029
19468
21848
21272
8015
19147
9266
18862
11395
24395
12725
23902
13419
5501
22328
669
5635
621
8971
23817
17878
24605
6334
14634
23654
13505
7286
14362
5541
16633
23020
18793
8003
13228
3813
17290
11757
18096
17006
9452
7402
12542
9535
18215
23960
17368
540
6374
11152
14413
13244
24054
20075
13160
18603
4162
9493
5702
12028
16070
11107
20913
21939
19603
5048
18212
5715
3985
1174
21120
22516
2563
8716
23176
2052
15001
1392
10568
3406
23426
15701
12623
15126
4532
8940
4960
23196
9605
12225
4588
651
18048
5852
21021
19788
4719
24361
12738
21163
378
19493
2647
59
14883
22941
21159
785
22313
14856
8385
7605
22766
21075
7270
4184
4387
2251
7248
7923
23328
8738
13196
23178
10103
20798
1446
12122
14549
8958
5588
21044
19340
780
12994
14747
14138
10965
17433
6878
11033
19297
7481
4735
14758
11994
3308
19830
20757
1766
16054
16446
23605
5599
3162
2405
7520
16376
19385
14131
23795
3788
21428
11933
11195
9604
17955
6914
4829
22361
2182
8272
15641
7024
557
16007
18539
12533
426
11802
19055
23320
3273
14633
12806
16350
21173
5522
18589
11387
19733
97
1804
8852
11936
18360
18379
23928
19879
10062
4048
9769
288
24997
21351
19641
12156
20438
21170
8880
18915
12431
14008
5209
20605
15032
10980
15418
15344
17129
6330
12535
19666
488
615
19038
4177
15375
22315
15347
1328
17212
5442
4249
14076
18955
5023
6524
18248
10432
13594
18981
2801
23449
6652
15222
9905
23103
4200
6760
17218
14728
14189
21883
6039
8815
11317
22220
738
6676
15290
18057
23240
19007
14506
21407
6683
12378
23747
15263
16442
9825
13857
5674
22034
6195
7549
24007
4818
19037
22411
24515
20554
3946
483
2514
21092
15326
12944
1631
3317
20736
13117
23111
17224
23355
13458
479
2776
8389
12232
7705
4213
11171
22395
16272
7254
7667
1497
21152
371
19464
2964
2667
1791
19106
10115
11479
5081
4662
7407
11061
1846
22546
4368
20295
22698
18945
21754
3695
16741
14641
10413
1967
12775
9737
6044
11797
8328
12690
11908
21700
7330
17496
11404
9845
16955
10060
22178
1473
10719
11893
12073
24172
4034
22707
10561
410
24219
1946
20459
11172
157
17377
12334
12651
2057
13896
1789
6465
6306
15475
6576
2579
6742
21137
6774
10666
5536
16801
21121
16360
4910
23895
24781
21678
10232
11826
3678
19771
5625
2512
15951
5269
3
24935
14848
20309
848
13277
21565
3851
22830
3446
24776
6324
7120
14669
19286
4049
645
18140
13524
16962
23898
24300
20967
20379
22708
19127
1192
9969
22353
2573
12444
7135
24468
9238
15174
19644
14255
11676
3846
7442
12528
17861
10176
10829
7076
11904
4370
9433
47
3832
5188
24754
15620
19164
5901
5991
23683
4312
1873
3531
24812
21136
23134
11207
13859
12381
6565
5277
21750
6218
8150
7698
14888
13290
23044
264
10851
3215
11271
19008
22298
6042
5084
8718
23562
11440
18265
3681
11375
11978
13170
23239
9236
953
1238
10059
19284
21388
4472
9380
23727
4746
23305
6692
23337
16889
425
12632
20276
6099
9634
15649
3011
1171
16142
10729
11675
21927
18942
20844
3376
3525
19646
23583
20526
12616
23243
11776
509
7348
12855
17253
20257
18930
12897
18237
19765
7744
2997
13250
5443
20218
21181
20715
23708
16447
15935
24433
17926
12913
2480
10774
13992
12888
9722
18116
23429
22785
17567
17321
20646
20409
11113
23339
18817
5777
22282
11623
11814
18746
10372
10596
18555
22128
8554
1924
4207
16218
974
21718
18307
11831
6338
877
14954
2017
1630
779
12923
2231
8013
143
3823
21619
15474
3253
8489
14904
18114
2375
24942
22589
24699
3610
11709
663
8700
22477
21372
20631
11678
7850
21475
20354
2584
14137
19902
16123
16986
7181
14933
18961
14248
19535
13429
16336
24209
20644
4138
19623
15617
13540
3240
16255
1704
17380
235
15094
15564
5858
17659
23453
20132
13091
4441
643
24127
3221
22876
2755
8204
4494
7753
5884
18818
9653
14914
15616
16934
11439
3923
18926
6245
16603
4970
12928
16053
8827
20895
6063
23171
19990
920
4936
9293
21298
15543
11932
15654
9683
17580
18034
14481
11332
16832
7214
7389
10839
14564
13187
19778
11871
4594
1237
9069
16169
1811
1470
17555
10905
3296
1337
19993
1066
9159
16694
12205
12170
21118
10032
23952
14603
12365
15628
13246
5990
606
19925
21466
17980
5399
12461
18293
15074
13392
17312
19489
9928
3070
3862
10662
8531
19069
20014
9471
9704
20502
5345
2278
13296
7400
22620
440
15484
1069
1202
18625
23806
8849
10285
2013
24796
14532
1950
20028
20803
7861
884
23364
11214
14911
2128
9798
18928
2742
12937
2029
18159
15048
23866
16758
13953
23558
19280
21558
17441
24320
3054
1665
24360
7646
24445
17472
4292
22601
19230
4857
24650
5153
15510
6309
2323
17335
1505
10016
22384
15025
16998
23105
23454
7498
9195
20921
14654
20665
24915
15952
1701
15139
14720
14153
17226
8884
9933
4302
19528
6949
15619
20484
10045
10559
7660
12657
1118
8649
310
20979
7531
1196
8836
776
8437
3750
14203
17943
14801
9461
11415
19236
6536
2070
15039
10422
23253
582
22571
10163
5930
14363
24603
6384
17317
14386
22387
20193
21943
6323
9525
18069
5108
3413
10171
19671
23580
9936
24658
14318
13256
15130
5446
15097
15652
1595
4963
11191
18782
17334
9330
5221
9146
15370
12030
20574
13491
14378
7891
12870
18411
18530
2099
15828
20655
437
23181
13019
15740
13514
8044
4819
14607
17265
2139
754
8598
21093
23035
4808
18376
13776
17588
13529
19702
2982
3127
8540
1345
3618
9374
3825
18695
19158
15842
20779
17451
19331
8527
19269
23269
3928
9504
2786
19979
16071
4697
20137
22255
2661
17895
24816
14406
23614
18227
1453
169
15161
12821
22902
7034
13869
17429
14678
1187
13028
12196
14370
21259
24864
3957
19334
5760
15827
18064
9835
15608
17130
9971
2189
9626
14812
18274
14881
21320
14920
490
17150
8158
23482
7548
2955
12422
19
22489
3723
786
1260
4047
11666
9427
3400
12852
9008
13418
23458
9578
818
15594
1325
4565
3005
19426
8965
16171
11297
16288
4471
6261
11120
13341
14968
18691
7301
21009
7220
11414
17592
14798
23074
11647
14861
873
22512
2571
6077
1179
19610
19679
5832
19248
4795
3303
13590
16605
7661
1447
2254
18774
5354
6267
2155
3241
20393
617
13907
11050
1927
19357
21424
1841
9830
20445
17173
3065
5485
1646
16748
10816
5424
16394
4399
21932
5121
12151
15889
24823
5959
6388
5733
21705
9056
22644
6174
13375
5604
10951
8648
22870
10898
16383
15646
18680
4895
6329
13050
15821
2102
7333
591
14675
4473
13395
15249
6854
4989
9211
13695
18125
15643
4882
353
19966
24006
2993
9496
8224
17437
17801
22159
10818
15813
3033
15041
19913
3157
2101
3299
1092
11418
3214
19322
22742
8960
9595
6341
1417
24355
6514
9160
12162
2146
14838
17795
3602
17164
427
3882
11683
13067
9898
16915
21071
10409
2873
16117
19268
6846
1476
22980
5878
1334
9406
24807
10325
15894
23535
23158
24811
14451
20945
18629
2467
12177
12670
12408
124
9432
8730
24382
11692
13578
6393
17976
10654
2675
7804
19750
7784
7483
17294
12765
14078
13651
23512
16035
19600
22718
9536
24696
8997
8567
22540
697
7218
19583
8741
11408
17759
396
22612
21954
12436
3829
1201
306
7334
20849
1255
7805
10221
1995
19721
5812
14102
3090
23892
9448
14874
941
3119
2928
13625
18781
12367
22858
14971
17315
21563
11024
2777
24138
20893
17108
919
8617
46
21551
22925
15487
16531
6143
21671
20869
1795
4250
16161
3612
5925
14990
1987
6815
20148
14164
18040
23212
1580
15437
5970
21777
1482
21715
11230
4823
23063
14470
21764
17241
15281
22704
23598
14327
12663
14947
13985
22165
11081
23589
728
12577
16145
6197
8415
22281
11035
6897
10934
20634
13672
1471
7266
15801
9731
6615
7554
14448
17887
22260
2319
14296
7809
13755
10317
17670
2677
22447
676
24870
36
24748
11239
18351
22813
9029
699
3845
21312
10161
11303
5390
16150
5877
14850
3259
14066
19722
15230
11694
14811
11200
610
15845
4352
16410
15973
23794
1794
12840
19133
13424
2244
10438
23121
15886
15700
1018
18018
8778
7887
14208
20814
24831
24056
3476
5520
6460
21797
700
2736
19592
5741
19310
14640
6619
13759
3021
1698
23189
13964
15602
10448
14545
20216
23611
24040
19024
2311
20051
8766
20633
15964
15668
4253
21323
13180
17992
6668
16807
13394
5460
3097
7025
24977
6125
19951
11930
22859
21742
3784
20077
11470
16196
15055
20727
20483
23548
5628
9311
18337
13816
23941
13035
10853
7876
18134
6098
23197
23877
23780
14160
19181
1835
18898
5418
20782
6712
18283
3532
15002
22625
20166
6363
21583
8975
11591
6910
24432
16756
23215
7673
3631
2411
15046
9853
9392
14579
23710
13973
3969
14554
1729
4838
6511
23944
13858
24541
11989
10175
8030
12027
1975
2996
16022
18385
22629
778
15552
13899
14219
14279
5591
6490
24906
7282
20381
3222
5159
3759
20588
4425
7022
4141
853
7191
14417
18783
18844
8642
6597
16467
20800
9300
16875
10480
1904
19736
20070
7787
20270
20107
24856
24567
19577
8611
2236
19989
21724
17809
20142
13934
22635
22839
8743
6095
10906
1565
12576
14396
16290
15180
24029
14377
3736
14201
15017
13361
15710
10162
6757
8696
6371
3643
18355
8421
24217
21389
19723
14830
8717
12645
22808
8127
8548
19168
18339
4843
2967
19534
16793
15310
21693
