24093
16804
3517
1679
24784
1428
8067
24206
12410
8553
111
4327
21514
6344
24988
989
15095
20966
4069
10601
24790
15440
2431
14761
22886
23688
23392
21287
19578
12397
8383
22122
11826
21924
327
21485
7787
19828
18128
2433
4948
8540
704
19321
22900
9176
9294
9759
1754
11374
18196
18308
23305
11893
23992
1090
563
6879
23283
17593
5542
21098
23927
24074
21260
9826
341
11974
829
4590
22490
8077
15623
13619
21868
2439
15551
13517
2906
21270
23566
15461
3843
12779
14324
22576
3285
18223
4147
7038
2711
4911
20996
3645
18964
20729
21966
17008
12426
18413
6134
21375
10527
18082
13979
19386
2825
5248
1252
15001
2239
595
10792
3339
5108
8329
20762
6548
23604
10808
3961
2309
15827
5540
515
24636
24042
9198
10042
505
12970
7382
8984
11127
1336
806
2437
23461
11566
14541
14071
18691
19543
12226
12129
13248
2227
7175
6367
20761
23448
5975
7072
24175
11198
12166
9087
10717
16406
7833
13570
21203
7111
12724
18849
748
19986
14377
3950
4741
10652
19174
911
14459
20171
22486
16550
13690
16096
11223
11324
2970
7107
8682
21957
4660
21311
6933
4991
1381
16056
24162
20031
13323
19864
8428
4390
21712
14152
743
20903
10746
2066
20192
11536
12308
37
16932
8153
14119
22533
14429
8495
1163
5141
3658
23199
16007
11049
22755
2608
20039
16333
24820
18142
4707
12086
20753
9330
4919
6680
16230
8632
1107
14596
6471
5892
5188
5964
16220
16409
19292
15184
23342
12918
18140
3956
15766
21580
5955
13662
5473
7290
3341
22175
8305
5709
16842
19045
2548
8581
12828
5081
8625
12185
8531
17691
3722
7083
24472
8409
19796
23728
6052
12349
5200
8976
22302
3356
18105
12217
527
1064
7429
19838
21295
11655
17787
17968
4401
2047
21051
6905
7514
23939
8049
24961
2310
5543
1331
3373
20700
4573
10413
14140
13741
20126
11070
20467
22053
19851
11349
17526
23099
13687
19677
4897
8907
2725
9184
23864
23040
12262
12331
20119
21619
4475
15237
11159
9080
1219
1517
3046
7043
8862
723
14543
6699
13442
21602
17552
21220
1102
22763
22176
4628
2015
2848
6540
10388
8130
3175
2262
9969
16612
7166
3626
19992
19058
24366
1737
14573
18079
5676
9526
9695
10474
13252
16789
2754
15114
23346
11221
8145
7933
21382
5126
19463
14897
15964
12909
987
5730
14612
17856
13164
6241
19933
5647
21733
18323
10014
5442
17365
19649
16407
780
2449
3088
13598
20178
459
19595
23081
5829
22535
24159
24254
7709
7842
23561
22567
14178
9644
148
9598
721
12138
17859
17604
3959
13973
11995
16697
17472
3958
14323
9113
2487
21630
12437
23610
21552
3709
16675
9480
10539
14853
1194
770
6259
18725
20916
19913
22473
18680
20408
8729
5382
5933
19994
11160
22035
13834
12675
2969
16820
23950
21883
4238
6226
5610
18173
584
10044
24994
19021
14971
9616
14013
4022
6530
4624
16145
11345
16251
18782
10251
16683
8610
8458
104
22123
1792
20820
7956
4467
15974
16464
20474
19477
1778
4096
9913
15671
16543
9042
2977
20054
23536
7196
11916
9797
17499
4384
16375
24801
12019
18150
11630
14032
23109
24330
18215
12589
22710
4488
20747
1847
4874
20681
16607
10147
18096
2718
7190
20754
22385
1362
14804
10568
14051
17298
5246
3189
6262
16781
11584
16547
16013
19641
6690
2349
14943
17170
22874
21310
16265
22586
18377
3385
23888
11539
3634
8344
15637
11605
14479
6545
17913
15791
8493
15062
24847
9951
16538
7738
24113
17315
20212
8508
5431
14938
20576
20540
11128
3174
16919
20131
6416
5815
3299
17367
21936
10512
21586
21154
3933
19437
21526
6418
2933
7664
18012
1236
21504
2491
9993
23331
7892
531
2527
1705
4018
23281
17397
17217
6981
18399
21653
22410
12390
22871
13892
9038
10563
19087
22456
3944
12386
9406
4987
9549
20349
11120
21699
11989
19549
1321
5580
17685
16404
19148
3740
15421
14651
24454
19295
75
3754
15278
15970
12588
4776
19886
23884
12871
17318
11384
3453
11097
3914
24841
24242
19382
21020
9447
1636
5166
9690
19941
22389
2981
24626
14142
20910
11650
15561
7610
10799
14286
4056
3281
15862
10177
1671
16992
6786
11743
2513
11111
3742
11772
18059
19315
12398
11199
2637
20605
1417
20914
23045
11081
24120
7338
8717
3612
18594
14461
1028
15055
18531
19447
6
11036
1485
8212
13746
22023
4981
11727
14955
1879
24906
18094
11267
2288
2773
15011
22085
6571
6120
9380
24960
7360
15764
236
4703
6974
17837
13351
14809
17530
22868
12563
13455
4231
14100
3039
13184
13886
8302
10610
5375
1364
13140
14898
22429
4478
18592
24915
11645
21224
10945
20306
16168
22815
22202
6352
5212
16278
12034
2551
22457
22475
8161
4001
12742
14113
11801
14685
15733
16289
9882
9324
354
23092
6676
23367
12776
17012
17702
274
1135
16067
22907
13186
12418
24396
20148
18728
18304
18332
3109
3587
1196
24411
8312
481
13004
15736
10712
5096
12411
4073
15246
6343
1918
4438
1716
13471
22294
15272
24836
3097
4587
3606
16122
12787
11992
1147
23270
1944
21609
446
4767
8916
19178
17340
12854
13514
9773
7483
13921
611
13754
17091
5468
22785
21456
3799
14492
7389
11961
14649
2418
20079
5359
24160
22957
10140
3451
3622
9964
7485
21357
20156
16523
11986
24165
13291
9922
4284
22757
7372
17723
17295
13202
15530
24351
3987
7474
4038
2649
20422
19789
3243
22628
15667
21778
20974
23157
22677
4002
21297
8640
22220
7384
23440
18998
11318
11063
10558
17709
4121
5601
238
15039
19664
23292
16239
16137
6153
3978
3902
24378
12755
10993
6713
938
5739
24672
18719
19346
17960
10718
24625
10595
23650
8418
1939
1673
24656
9866
22531
10417
13736
16653
17812
10386
5402
20845
14978
9597
10083
18907
9355
21428
11614
5068
3338
20246
15287
3242
15506
1925
17740
9337
12578
12499
11451
18163
6202
5736
11093
9360
15810
22030
18631
10978
3261
17304
10018
16635
8398
12880
22625
19005
8580
649
20607
10136
22290
24022
1915
21344
4540
11200
7403
9691
15612
8726
24661
15878
18038
656
15308
17582
19530
11028
8820
23450
10723
18853
14277
5380
6017
4014
20388
5576
9712
21058
1138
1097
20682
967
13992
20692
22837
14749
12122
7282
17395
19120
1650
12031
12149
13793
15698
2940
20409
14287
7522
13421
21956
3099
24945
15130
10128
10756
9053
15938
1744
1910
13293
10607
4374
20378
2403
3936
21889
2907
24056
2684
22702
16678
16403
21008
21108
13881
21062
16383
9394
9804
2698
16026
5593
14088
15234
2664
9726
17458
24142
11883
3153
7198
13090
7192
12709
17204
13952
2269
24192
10771
1587
5179
4281
17921
8761
24599
15590
7890
22003
15248
2466
1186
13821
10172
17931
4825
16733
331
8643
3747
8680
12264
18493
691
17619
20384
12691
6702
14125
15289
1530
24181
14868
4675
6951
5480
1051
14920
4661
4560
11969
7649
16029
12827
19471
3253
2201
13812
8946
19383
2968
11790
22618
18661
20397
13446
12893
5777
9552
21415
3589
5396
12796
20718
18271
14047
22404
17662
5181
388
7847
1291
2897
6304
21276
17678
8243
13187
15896
22419
2909
23403
5381
22577
3470
7898
6162
8618
2757
13947
17937
7867
18211
19236
17074
5417
7633
23669
14012
407
12786
16308
11972
4552
51
3566
6230
9120
22061
22461
6840
8746
22765
24122
4532
12414
1677
18972
14309
17071
18411
3472
23585
8845
9988
3935
18357
22903
19162
1858
5128
5882
8604
5113
15734
20253
20892
6260
16845
18312
11497
10904
13161
13760
6218
9633
15836
22813
13125
5715
4216
3881
6491
23880
23344
21622
5720
1034
22309
17009
11404
19318
7361
19747
12074
16114
13204
13159
8281
11563
8887
215
14696
5937
9449
6439
17449
1376
15591
17983
6723
4784
1326
16449
17556
12994
20634
480
2022
4366
5147
1833
20985
1487
2004
18626
6266
17860
13628
23039
12771
10502
1198
20790
17233
14707
12912
1116
11728
5573
4517
21884
10146
13008
23630
11949
23760
19108
355
14875
7355
20117
13586
3168
22351
3542
6368
20316
17250
17981
19111
17534
15063
6119
24473
6389
13673
5611
16301
1644
6219
21540
16497
15644
1306
14590
10785
1482
7153
13829
23862
15142
14854
17849
20277
17296
8768
16708
10261
6537
7194
14936
16087
3707
10614
17480
23543
4019
2827
6116
17814
2017
24647
10091
11256
18711
18479
11240
13541
4418
14384
9215
11450
9806
12587
7461
23887
19826
4519
8440
8003
2559
12153
11622
18748
11803
11917
8322
4864
278
4889
7913
20209
3056
2073
6741
9057
13383
14533
13867
2986
13405
7023
19786
3770
2662
17800
11235
2666
24241
20851
786
6045
2657
13903
20502
15692
17663
5907
8345
22636
17566
4107
11330
16590
6178
20015
5237
21139
13084
4912
7647
14064
10175
20180
8497
3804
18937
10557
16057
12951
19496
2059
17276
5171
23841
8126
19359
11370
3911
8025
16231
21680
12585
17198
2569
15283
10782
5311
6654
24309
14957
13096
2107
14269
22190
23667
17522
24696
20639
5019
10264
22162
20890
19006
2138
1581
1801
11570
7799
3016
16200
15650
24536
19538
21434
5427
645
405
23015
7276
22522
14759
18033
2295
24205
22111
10026
12568
18888
12043
14172
12292
5796
8787
13220
20617
8327
6494
14968
16228
22690
6612
22375
18752
3572
9734
21991
672
12362
11575
11132
19514
11483
22991
22564
18673
8646
4256
1187
5924
15587
4042
12842
2543
24425
951
3553
18365
2674
1078
9462
7352
7706
24914
16602
18772
6278
14754
14043
15563
16894
19265
23115
17578
17971
24698
4251
3620
13636
3882
13416
3120
15347
8962
19469
18331
19606
12961
9928
18469
2317
5177
76
19574
24313
8834
13684
18186
24184
17489
14502
23151
11747
8841
1752
5152
11810
2078
1920
11323
12307
5415
3395
7488
6090
21738
16549
7525
14998
20642
20176
11642
15418
3416
12580
696
13969
17095
24995
9989
875
21917
24916
22756
13879
21768
8138
3034
24178
7280
20141
20241
24256
14937
1999
20871
20593
2872
8289
7779
21149
11561
24777
18143
14266
22726
19597
22867
8911
13751
7517
23463
16281
18992
21435
6354
13201
7760
10941
20578
12543
7344
13934
14118
20902
24219
3436
21576
22105
1384
6014
19093
6528
10033
5462
15018
8172
24687
8016
17305
17788
19378
22129
14180
4240
4414
22168
3782
13787
7197
18026
6235
23216
4621
21348
12631
7752
22440
6322
15663
6509
13058
8070
4420
14504
16077
16946
15383
12041
6479
7390
19139
591
6108
24089
3141
5017
23152
24233
23316
7366
13743
13197
1675
11623
10574
1234
12072
637
19186
15482
18924
22083
13568
23341
9246
19171
5322
12804
4988
17672
2002
8317
21418
14238
13392
10819
10932
13669
4376
10676
20410
10236
21075
19224
3086
14029
16011
24356
11100
19472
22696
24057
18683
3963
16439
23500
11161
24923
11850
11942
22166
10548
1929
9767
9135
19033
22736
22536
9684
22028
19256
1854
17651
20807
24017
17355
22761
23214
3076
23190
7051
18784
12278
7304
20568
2854
14990
7239
9566
1461
23829
17412
24732
1425
13797
14094
7677
17831
90
21212
4065
20094
22415
65
14381
22745
9642
9238
8578
4814
6170
17147
21642
10873
16433
24580
20689
5276
4567
23361
4351
16381
14406
17636
7758
2416
21828
24969
2052
9720
13018
7140
17583
22961
820
14820
107
21723
8975
9645
16248
9127
17344
12161
23774
19358
14515
23583
12474
24624
6856
20139
22259
19850
6597
11564
20224
12069
21692
24146
10299
18492
17446
255
23433
17433
20195
6979
14981
2164
9015
7978
14232
15346
23868
5977
7340
9356
11053
9503
7358
2143
1067
7557
24417
13543
21284
6087
9945
19009
2515
13448
263
16917
5636
19130
19765
6526
23964
17308
7234
15966
16860
9420
11474
23638
2819
11415
3206
432
24095
2397
4871
22899
13686
12057
3209
15277
273
18959
13422
20125
9886
23743
7303
4799
21430
10805
13414
5998
22672
13696
17054
12977
9098
7480
17255
3247
5918
18281
7127
13257
21491
19674
21881
788
4061
15385
3306
18117
19347
19785
21777
17134
10303
14852
18168
22644
17988
18794
1273
19237
23537
2400
16984
24086
19781
7195
13319
24079
2878
5811
5044
21879
13790
5539
13840
14787
8517
23807
21026
9335
20029
17869
18858
12182
12922
9673
18789
14430
16491
22716
23742
19329
1388
24842
13770
21998
11665
22391
12157
1009
20129
23022
7022
6267
16942
16394
17681
16641
14162
2051
3260
10617
22648
5669
14439
24164
20114
21073
20017
10647
20362
11808
16928
22408
17687
6935
23847
17070
18043
18109
16493
279
18916
22852
2567
9749
11786
19055
23779
9193
15781
8824
23615
16658
15054
17075
17002
21683
12347
16189
21190
19464
14849
24552
6246
1161
15239
13722
21551
11757
3781
6549
386
19217
2399
5716
21363
16386
24541
4188
6808
3719
11543
17062
23966
19350
18442
6918
11066
22022
16672
12869
909
4996
4693
639
2645
17668
3505
1318
10001
17325
9373
11239
1387
17504
9390
5161
24918
21168
6079
16148
12681
8187
17603
8959
20463
13591
17239
9459
20727
9191
139
3447
16435
16086
2358
421
14889
23654
9060
3699
9400
12306
12132
19076
2101
22828
61
16890
22775
15668
4853
2023
18212
13029
21590
10689
575
19888
3396
3497
11787
5208
8932
4266
16779
24716
9585
15058
18765
10073
19702
9580
22310
14845
12594
11559
16625
17056
8888
9210
7748
15661
15532
18721
15617
21229
15965
14481
19325
17920
16752
24618
1335
21349
24910
17543
944
14050
3169
1379
267
20822
11688
13823
1657
16555
18913
11654
6441
2184
20508
24481
684
22185
3637
21067
24215
22769
7838
9621
4900
20345
13640
23298
10866
13556
21763
5577
18239
2702
21111
10524
8121
7984
23629
5370
16207
15449
23056
5778
23402
2312
5510
1674
1604
15190
16267
18716
12492
2428
7074
24212
16692
8007
7061
473
20371
3507
8204
250
4543
12467
18739
18006
19537
14710
543
22341
17626
6722
661
22352
24456
4230
1595
7961
4664
15005
7356
21845
6438
7211
13605
21857
17648
7000
23287
9602
19700
4318
16959
14139
13296
20735
23914
23033
11012
11603
21681
23834
15430
11495
7560
14546
23090
24644
3980
5938
5145
172
9092
23973
20786
1873
24465
18045
10969
20708
11956
21327
20635
1903
20370
18845
7621
1550
9783
6599
4962
23916
12186
14908
7756
15787
17767
9183
2950
11499
8511
21831
14702
6378
7811
6652
16922
12706
7661
16655
2752
10176
24088
17535
5295
15306
2336
21689
15890
17213
10522
9458
22484
13225
15701
2406
8623
16684
24273
14513
20110
21022
10616
21160
13930
24149
15640
5844
11208
4487
6544
4332
14793
19468
21452
7922
18467
7007
23673
10331
2370
1588
6057
18979
23386
6377
24354
13386
17838
12548
12747
22729
2895
24646
11420
2075
1703
4183
2786
2445
22504
18931
1981
3163
8505
18933
23258
23503
23867
20496
18395
22880
1660
21554
3925
14390
23012
21758
4922
14321
4582
20111
6823
2472
17283
18499
13429
3850
20701
16962
23300
4575
24156
9725
22780
15403
63
18714
6473
8139
21380
403
13390
24783
10194
4164
1089
20005
3688
24828
8323
23823
11925
5788
1997
21486
126
10633
5505
9094
14215
13036
23695
14858
24748
4495
9853
17901
18720
14625
20832
9311
1450
10114
15918
21216
9548
2351
9280
24882
4907
7388
13663
12348
8880
12101
12119
9739
1986
20372
23413
3154
22025
12840
9045
19261
5047
8810
8594
2064
24080
23234
21636
10684
14996
22395
5285
262
1936
8285
474
4234
9879
16836
23597
8340
12062
24779
1017
16302
12794
20929
10736
7718
19366
20427
4964
414
18756
12181
19407
19793
19305
9861
10624
742
6485
22699
15236
16323
22491
14529
23202
20730
5176
19539
23233
1904
17571
8699
22623
3092
16508
9455
5553
14765
17697
20469
23750
18327
19555
12357
6899
12253
17117
15798
20021
21545
5449
23477
8081
23215
23471
15179
24709
15378
16912
5229
22614
14376
16613
1707
8255
5075
21711
3157
23658
21749
14874
8316
4396
10305
8369
6826
5097
19764
14984
608
12083
8364
21761
2999
13805
10066
16417
3035
24409
11742
13720
14661
10482
2682
3594
18046
21429
16237
1308
477
6264
14486
5737
589
13381
8306
13016
16023
2061
20596
23582
3879
11752
17517
20675
16670
20026
21633
21513
1773
19420
23001
1769
12911
14554
19250
23262
19965
9956
11938
21488
20352
7430
13919
17394
15552
18865
8583
16190
10506
18198
21412
7261
17942
11574
4545
24706
11446
24298
17263
7916
22436
9254
4829
14916
3328
23178
22387
4761
21017
17591
16773
13091
556
24293
11048
18378
4625
24642
21629
803
22598
11528
20175
13217
17253
3871
8147
7836
7985
23731
58
22007
24908
5841
15028
2455
13122
22890
12936
8947
11677
513
16801
3202
2998
13440
9392
6428
13027
13041
17216
4738
7895
14245
16107
11927
11793
7332
10080
23656
3011
3393
22637
20401
3300
12028
11016
2945
20891
7519
19413
5868
16599
14283
5303
16242
23647
1472
14744
14054
6996
9843
10731
6010
7012
17191
23529
8194
18224
8342
8507
8755
23339
16717
22620
6424
13172
12998
23029
15141
846
23019
962
5144
3989
12682
11008
23336
582
3689
3370
18844
12242
23494
9615
15354
14300
6887
10737
10630
21308
14714
2599
16046
8756
11976
18351
7743
3198
1921
11832
20116
914
20652
9890
3017
3974
6538
7144
24575
5478
282
23308
19014
17866
23112
8264
4485
10879
18242
21161
19296
4594
22878
13431
9493
3748
7860
20772
24821
23655
11957
19581
20254
23222
4854
17053
83
18451
19490
6047
10309
1899
13473
15962
24533
5114
9026
15256
10311
22521
23595
12500
5139
11809
6789
17794
21693
21965
24153
6772
24462
14251
4312
20392
11000
12522
351
8210
11366
18055
20668
7141
12795
7685
7670
21289
4406
5315
19505
22817
3538
9875
13826
23002
4740
14437
24931
15213
3208
12507
14157
21806
10192
6619
5353
18647
19503
12261
14035
6225
3570
874
20888
3418
18
13606
18839
4095
17929
8627
4657
23162
23928
576
4860
23553
502
24251
20947
18430
9109
18669
19978
3267
22433
22744
4179
21979
10526
12481
23146
12834
3438
23957
3348
19380
10115
15170
1183
23763
8951
23058
14794
16203
14165
5512
20252
7376
5400
12106
14227
8433
9757
10973
19800
9291
22322
12387
11792
23205
18235
16369
958
798
18920
22562
23431
20203
11554
482
2963
14256
23999
15867
2954
6430
13859
16198
17273
9438
13839
11912
10048
11698
9122
18382
2366
4557
12713
14248
18036
8501
20613
21409
22516
21929
23863
7603
14307
13706
17537
6944
1122
19810
20232
16690
20218
24798
22574
4224
20694
11228
24844
11905
15753
19493
6836
9077
8855
15261
16679
10323
13723
16097
15727
8877
24234
3135
18930
17647
20289
6404
1561
7155
21265
1628
14039
13447
5031
21304
8108
4833
10480
8063
9007
9753
6475
7103
5151
11020
4578
10028
18702
9871
7730
10259
13037
3283
4891
17262
18437
19207
16887
3333
13232
22425
21390
15218
9488
21885
168
11822
4161
24350
79
20527
19876
7369
19552
6917
5012
9110
6080
5521
10356
22336
24560
24943
12957
2063
4453
11180
5558
19220
2425
24433
13356
7940
4681
19757
19568
21663
2861
15327
13949
888
12268
508
1359
20839
18811
18316
954
10084
12248
4387
666
21446
11353
5180
13701
23628
7784
15441
3420
12450
7650
5450
15580
19783
17882
11243
4525
22372
17918
20414
19476
4010
4892
20920
12958
16727
1565
20713
23793
1968
15222
7003
12915
19311
18209
8676
224
6091
18090
16258
9590
17256
7572
9168
24116
3694
5307
4157
18543
17119
22103
11587
21329
14813
15425
22968
2613
2161
19596
10021
5316
557
2163
21151
8647
5727
1360
18668
23077
16273
7582
12477
812
9477
10223
10161
1324
14368
18345
15251
22883
6849
20626
14564
132
4321
9908
17313
11190
1665
7070
19625
21935
8771
8492
22001
9639
20833
16724
16219
2322
6213
24730
30
17349
22667
24589
3323
14133
14356
4876
9224
15847
18890
11438
3079
10315
23727
9484
11899
19306
9221
9248
3296
5406
20811
14201
17875
3684
4239
2228
5242
8331
19843
13165
15510
15429
24398
18396
13697
15498
16157
24857
9444
8790
23902
24738
14903
17285
1141
6738
14156
10791
20853
23451
10012
9391
21196
14080
4064
8287
7945
15413
2092
22464
14075
16211
1011
460
6112
18348
8552
16649
11470
6003
10359
10533
16162
1732
11265
19003
729
11377
20073
3652
23624
20328
4635
12200
17473
3560
24691
4082
22642
18339
21520
16443
3733
24382
13584
19731
19958
6446
21114
16445
15569
15334
9301
11621
8105
15839
14689
14158
9211
21044
14746
5693
20870
24336
16083
19586
8527
20503
22712
8468
12488
6206
1177
5
1162
19925
14308
16399
21701
626
13702
7631
92
20346
3826
9976
22443
13937
7995
15973
692
13369
5405
11751
5199
22920
12299
5195
20166
23073
21856
20004
1941
3103
20200
23200
5846
20658
6183
12297
1169
2464
10823
3471
6464
17580
12152
17620
17378
1805
14354
930
5358
32
3991
19520
4242
1048
3293
8910
15245
24758
5367
18950
22432
18640
23446
19620
12819
11389
6336
14917
15196
13331
21431
20562
15257
5121
2374
698
14231
7705
17768
23318
24675
18089
13162
9798
326
5267
4294
20391
6359
7546
24238
18137
14489
22097
11504
21946
9307
18911
14033
6990
258
24875
3457
7894
3024
18684
6618
6995
22171
14576
15748
8232
18130
22659
19342
22335
22211
7991
11162
7694
19316
14672
5127
14537
13271
9483
15593
3661
17045
24271
8218
5872
13852
1970
24049
1299
10362
23670
17426
13328
8123
10101
16596
4154
1859
2828
14510
10519
18663
2975
21264
23611
6193
24516
8479
14491
5309
9490
22819
12198
18270
24001
20128
9316
5010
4293
15015
4760
3466
13959
14392
8397
13742
18495
14263
21982
13435
7253
2196
87
19314
4779
17595
2117
3613
16313
18798
14374
8630
2308
16522
23791
3967
20432
3490
24665
8710
9666
16668
8396
616
21938
12170
7426
20842
1401
12726
1684
12476
20174
12655
15046
12703
7626
22445
12342
21113
12314
21031
8280
5224
11178
7150
17669
19585
188
5320
10011
4591
20041
22224
6960
15035
18806
18227
23481
3610
843
20877
2268
24117
22128
4133
9555
3640
17957
13825
21215
12727
309
8743
6590
24397
1809
6073
20532
6742
12317
4395
18288
11291
24305
9683
2270
24050
14468
8388
19479
5348
1211
11948
7209
8489
7399
23820
5023
16829
17695
2815
5091
18301
21561
20290
18300
11776
23271
20315
21668
2359
2520
24981
2988
23623
12861
22814
24845
22098
4195
13132
23329
24314
7736
8202
5256
8367
20160
18670
17828
19973
16140
19603
22528
8111
12767
3697
11191
22649
15522
8698
3080
13926
3928
23755
4646
16043
16335
21573
11613
9367
5117
16351
3960
24936
11431
1759
8856
23091
23618
12897
10153
11114
9968
17103
17288
12708
1966
13205
353
10009
16346
22057
11853
1288
24163
20994
1552
21356
10344
9547
23510
14496
4929
2555
9699
23364
15432
18833
19215
9600
2454
6878
19152
5239
3043
10438
3513
15342
6353
10293
16276
11733
6158
5947
361
13073
9865
22842
17607
1245
4614
14117
3072
7273
11032
2297
13312
11255
24362
2040
15104
9382
5111
1380
15167
3939
22187
12888
16585
10956
2760
20711
18384
24063
24084
98
13103
6408
11179
24352
7233
10852
771
5991
20547
23036
14061
18381
22015
4647
22782
22274
2392
24593
5292
20074
1808
14958
20347
1696
16647
21112
18896
17873
18712
18052
822
12415
21581
8079
17785
10927
2021
23886
8276
5807
655
13228
2730
16665
12417
14159
11249
23049
21756
7620
8201
8424
13288
11498
24297
12902
21517
362
17717
18799
12583
21907
15892
6848
11590
17133
20000
10982
18503
16648
13794
12325
7089
9260
984
10551
13956
14944
3087
5278
13761
2453
15550
20704
1577
14789
15192
22976
3389
20045
1042
18092
1528
12495
16529
13595
21156
20680
23817
20608
14637
7345
16218
10130
15373
5784
5563
11465
22414
21381
8486
22770
16175
23851
8559
19302
23943
22551
8240
11959
14024
23876
12238
7516
6948
19608
577
15688
21657
3791
3521
8703
9657
22826
18537
16580
3711
17982
10135
12469
20188
15235
24629
2174
21542
19922
3556
9738
7147
11670
15084
15665
17919
20281
1479
12341
5392
11429
18659
2591
12651
24279
7524
6106
23387
20609
15456
11148
10979
24527
11611
11071
10833
12395
16142
2220
1913
17115
6476
16660
19156
10930
24342
16002
7963
9064
4364
14741
8745
18064
16517
13482
23072
7054
22919
401
16771
5332
13932
17680
13273
8737
2650
19567
6564
18022
4805
10713
1768
16194
3751
21002
7761
16693
17806
15887
18535
4975
21095
10041
13384
17272
12140
10154
7227
11418
15033
16709
1629
17226
8524
12570
1363
12809
18392
16494
9358
4425
9663
18864
8909
15811
10788
5140
4483
16659
24434
2089
9530
13480
13707
20774
17159
21283
15800
4477
22140
7675
5915
3873
13757
20014
16671
9638
21859
22513
10538
10575
16926
7125
3641
2953
5850
7684
3636
365
5678
16020
20359
16706
7059
11991
5992
10000
10117
14861
14752
18075
15478
16434
9967
6369
24964
12105
12680
8605
2127
18868
15585
7663
6838
22293
16581
162
2140
7084
14483
18071
20272
16488
22718
15106
9469
15183
22823
9150
2050
16970
20481
21813
22602
24329
8850
667
1109
17120
21021
13320
9760
14052
9328
24229
20138
668
22905
24275
3580
11785
6099
6500
12812
23830
20905
13214
17080
10252
1545
14155
13550
18278
16127
7762
22301
11518
9894
6299
23665
15098
6949
4506
21748
10010
16696
7458
7260
23589
6736
24760
3878
12353
739
1005
23459
17634
21404
22954
3654
2232
22196
22151
24862
3098
17189
5009
19769
15083
16235
11424
15780
2776
12821
8731
6449
15090
23170
24907
11078
16764
24337
4551
2670
6204
40
19333
17257
9414
24220
16244
13607
9156
23724
24729
3499
4652
22645
6536
24311
9926
3125
18854
10695
10549
7766
15935
22075
2667
17437
7098
18272
2203
15645
88
15395
13104
17352
7627
8046
11839
13712
5149
14267
4008
4921
23831
23877
22807
16027
18983
11030
23297
15067
13601
4223
5685
3231
3464
17987
24446
5230
20332
1631
11077
19500
6813
6829
19570
11083
15162
22283
17795
2049
18141
7772
3723
1466
11117
33
7099
17803
3014
10019
5916
23063
17567
12022
9510
749
14725
22377
23326
6689
14237
14438
9332
2126
21320
22792
23051
9618
529
6490
22006
2785
3480
20240
16224
4375
12293
20100
7333
23180
17034
1800
18889
18633
17201
9162
23220
5082
15316
18176
8720
2570
4024
8963
16053
13082
9632
2974
11963
11007
7362
8391
9460
14561
17564
2801
6643
9836
19482
11962
12051
1623
11689
21521
13635
11869
6109
12249
16579
19855
9980
2965
20736
7768
18923
23054
24542
4827
24991
10062
7129
14388
2191
15545
19899
296
20360
12094
22376
3368
5779
11945
12097
13560
15386
17734
7404
21447
7249
11485
7824
6287
12597
19024
12241
14364
15814
24831
10214
18952
7821
1762
14433
8957
7120
20606
20279
11306
21703
21496
10832
8237
3171
18449
364
18915
19741
7463
6581
6443
20794
16201
20504
5645
11344
10316
15657
3964
8950
24713
22559
11238
3367
22891
20399
6290
6350
23275
11907
23290
23359
15353
4282
2550
19240
11836
2404
23935
1693
16783
7658
14326
12155
17
1954
9605
4965
413
11043
21339
9256
20885
3187
10313
2081
15027
23622
16961
22369
24733
19847
12567
3727
5042
14066
5304
17693
7311
3544
2521
11633
6973
8897
3044
1871
7656
3995
638
3876
18474
2987
24258
1522
19200
18369
2276
17310
17769
22832
6026
9276
12933
8028
22174
10198
789
1780
8249
5726
4593
21325
23705
11414
3811
1434
2169
6024
1978
10598
3642
2617
23802
511
8363
7408
11903
6630
193
800
18637
17154
14960
22925
2155
1834
4168
18210
4060
12045
22601
12725
16520
19564
13156
2340
24068
18560
8793
14919
20186
5718
11254
18557
635
8272
12050
12932
20403
14469
7809
11725
21700
16413
9017
21262
4080
13715
9558
5801
24185
4998
10125
14072
22305
375
7053
1160
16389
2468
16629
18660
2784
23357
21654
4615
18445
9421
790
17069
10939
16468
530
23821
7841
20886
7855
19254
10943
9096
19718
14829
19600
5816
23213
14803
14185
13276
14733
11362
18189
19647
21632
8802
22452
22402
9822
4538
16286
6671
16184
8815
7163
22514
6247
9943
14340
9662
5206
20731
4243
16172
3824
997
14369
7790
2304
17214
15127
6771
8866
11928
24955
15298
24705
2053
19898
2
18860
21247
4383
17815
14954
13487
10678
20431
24442
54
18402
14812
830
20706
16166
2183
11205
7189
1501
21030
19498
16506
13824
22234
24076
18759
22946
14003
3953
12456
11731
10188
7872
12125
8445
20809
1393
2722
6190
3468
4920
12850
3376
16254
24942
866
20738
22632
16941
1923
7201
5945
18540
4206
10954
21023
19916
21560
24826
11644
9574
24614
8166
9841
12612
18147
15099
3331
15596
24253
20707
20353
17811
14078
19349
10197
17242
24393
18076
1043
17939
3846
9345
19246
15704
14053
18440
18393
23272
2887
20844
7108
16972
823
4415
5961
16152
8711
3530
16715
21876
22225
609
1525
4325
9485
6667
22285
6732
6799
14188
4362
17455
12007
21963
16178
11663
5711
17696
18951
14927
7886
18738
14676
17658
15952
13915
7888
18565
18194
23501
7735
9082
16315
6180
17176
22810
960
9971
14167
5590
4555
5677
15707
7080
47
2824
10907
7885
4373
4788
13553
24344
2410
11624
19721
4622
4464
23436
22876
7410
2634
8663
14337
14560
9813
11368
14197
13402
21615
17588
4611
15589
248
19071
302
173
10644
2973
12799
119
14073
23224
11994
15646
13404
11569
21715
17185
3983
13664
20759
12945
8300
12232
6685
4935
4081
11337
8045
9867
8595
19301
4800
7820
7433
2145
21072
19634
8071
2346
19338
15491
7868
8092
19049
10455
6251
18342
13240
1635
18861
2195
13818
21853
11788
6924
18303
22902
13913
9152
2633
13498
12720
15523
8538
9624
14015
12281
3492
14222
4888
373
10570
11920
13060
12040
4214
18240
5107
174
13940
539
10306
5411
10179
24208
15524
1575
472
17121
21502
1494
6081
15457
23288
6236
5951
16141
570
5441
5824
5118
15527
12272
6769
17527
1192
11193
20788
11580
13253
19680
18685
3301
21660
16794
21941
19929
5959
8570
6469
16247
18591
24700
4809
19248
20633
13866
4319
24503
9772
20136
14046
22499
1868
1088
20220
2753
8754
1924
16126
136
23411
19020
4562
2652
10625
24663
3768
17654
11612
9794
18349
7452
7026
23854
12740
7331
24856
23930
24869
11004
15280
1456
5338
17108
5954
19389
3880
6067
12135
14228
20739
4816
2813
5515
23378
20056
19307
24140
12212
15616
18487
18904
4966
17174
5294
17411
19803
5312
13657
11186
10138
12383
23619
2016
9828
3272
15100
11806
22406
19341
7606
11298
11764
17878
15057
11264
23484
24508
2287
5377
16650
5930
22948
1556
1063
12569
23150
23005
13182
15898
2301
17834
13208
1676
17460
6543
22688
3199
5192
2367
23141
17180
8697
11842
24441
19489
11532
24455
19630
11606
17755
11641
18589
15773
457
3614
22711
7341
21877
919
12930
11866
21458
14924
6776
16045
19638
4360
12694
6844
20296
6977
20533
13519
21482
13713
12416
16893
24755
21038
13180
20679
9568
14472
3515
3210
16726
14361
18955
24775
22073
2994
18835
9764
24438
22117
17771
19351
8385
14077
15172
6946
11593
12393
20816
10055
2440
13569
20077
20564
18767
8893
21033
6921
24035
1351
19960
21718
14663
9273
11568
1533
12908
8001
1764
8651
4209
12729
13397
19494
3352
5397
314
19819
22597
1702
22494
5260
16420
8662
5887
11993
4811
16702
8426
11091
15633
3184
6224
1991
4862
3216
12738
7229
8192
12136
24792
17637
21057
16163
20169
4457
18971
19369
3769
7630
19379
22988
20965
20019
20108
7614
13239
8908
14485
17435
15013
12602
23437
7416
11312
2738
21350
18416
18425
16095
12423
19945
21232
13851
21370
10520
9609
13758
12313
12921
3502
17280
20453
7313
1886
24565
8819
16388
4171
5058
959
13642
3771
16885
1992
4434
9676
7944
17249
14832
5624
17725
3476
9686
24121
11123
7406
12875
24913
24211
16744
24776
9126
11385
15579
4837
7171
6998
615
1313
24154
1758
394
6859
14416
9381
11874
22252
17523
9372
7851
950
19105
14557
3545
1343
21093
9158
17477
1113
17674
18830
5653
2787
10986
7553
15285
11489
8791
22338
11738
1033
7109
24734
14467
19144
6869
9770
15133
24011
11158
15480
13627
9072
20921
4131
18460
16472
10872
13672
16652
8804
18828
24407
233
2931
8821
8042
22777
24379
8983
1539
20406
8958
16988
22896
4470
7396
5724
16565
2150
15700
17984
16256
9263
12927
21687
22739
1638
11269
4949
1814
885
15047
14063
17660
682
4317
13117
8360
17383
7740
21170
12540
15770
5557
14440
6796
2282
4785
3233
15829
6233
2693
5333
10411
4952
6889
21565
23737
12807
21893
7203
9237
15686
16489
11768
15274
14411
6520
11299
10870
24390
22895
4724
15703
8352
21510
15477
9411
18831
18897
1117
20513
14
8725
14687
19787
8936
1458
3197
20541
4547
18455
6152
7327
23940
2502
19879
20273
8944
10847
2102
19658
23443
9918
4512
11706
13562
15572
13968
7246
24873
12422
18578
12811
17826
8942
16495
6445
23685
19109
11825
13379
13870
1624
9808
4867
19771
17633
6606
14349
5854
19286
5508
164
3588
5464
11628
7443
13310
24135
7447
18254
6216
11984
24323
24522
8170
9439
24519
3271
11527
15979
17467
8949
5899
18901
16004
19798
3318
19337
19072
17732
11411
11336
7771
12287
13985
14514
6166
17413
4443
14549
1567
4136
1511
1887
18586
14864
6804
16416
4085
10285
14542
11074
12424
14738
5883
19639
21825
21454
22036
20663
14218
12344
23576
18258
10208
3546
8706
15809
3945
21136
13928
4993
17475
13522
14617
4309
14970
10806
2387
6523
13026
11014
23409
16786
19340
24413
16014
18274
2857
16811
21537
24749
1008
20043
16462
8451
17357
1498
8394
7595
23105
6114
4688
5337
18171
11643
8968
11031
8438
10355
6709
2675
1963
7845
7347
15290
23333
2932
12532
15511
11998
5071
14134
2925
14597
20454
14674
6056
22048
13176
8883
2522
11383
20983
22732
20326
3445
8660
7629
15016
8319
3443
5663
6312
17145
18263
15608
18569
3359
22849
11314
21684
2826
24889
6535
20101
21661
16156
15419
15092
2821
12762
23430
8569
16191
18134
19098
22936
22124
18123
1457
19456
214
13961
17177
14592
6174
19964
4941
12117
14040
19129
13306
20664
20868
16500
11459
12111
8715
16196
7400
13124
1564
19209
4671
11233
12556
2737
19669
5763
20135
19257
15309
13699
7272
7392
17041
14697
20926
24071
1327
6519
11436
5637
18149
4755
5040
9010
7025
8716
16851
16600
11635
6847
22617
14431
3041
13755
6919
8894
4452
304
9564
9750
7179
19653
5272
21074
18686
11608
20065
16905
23900
6712
6038
15151
6818
1030
22428
17269
4527
18494
5793
18961
7526
9992
8839
10131
1060
13038
4093
17624
1407
9006
8419
22296
999
16160
16232
15363
9009
20517
6927
12142
342
17727
4308
23139
4077
16765
6068
16896
9892
9194
12829
11320
16028
22343
20400
24551
19588
2420
20805
15624
12025
23043
4708
13171
741
868
21637
5022
22575
20238
23548
12756
15825
11177
13777
15758
17465
2790
12581
24449
21556
19198
20659
10964
13333
6265
11002
308
14107
19465
9266
12866
15191
9243
6872
17139
8668
22848
8262
16269
23852
22032
5662
6908
7975
9046
18208
14600
12295
16074
5655
1235
3710
10716
11882
6793
15515
23140
9520
7414
9160
17746
1322
22399
17065
8759
21451
9289
14036
14347
5564
22658
794
60
7438
20674
16012
18996
9696
89
6405
21474
5690
14619
12396
6890
7081
17003
14413
4676
14836
18646
23703
2758
1756
13040
17754
11401
9542
9915
16973
3392
17629
16815
5646
12352
22705
15340
8010
11387
13819
9008
11683
20826
16964
17508
5852
20571
2534
23212
23517
13939
2305
21836
7082
9174
7562
20875
14042
10173
16446
17907
1609
24332
5254
9708
6708
17166
13318
23465
22913
22917
12965
643
22155
18370
2430
22448
16208
24277
11139
11909
10149
22141
96
3998
1083
19970
4057
15541
10589
1687
6487
7971
18941
19854
2225
3718
19814
6703
24924
11585
15224
5101
10903
9423
6381
15238
22193
4062
13806
17827
17925
3817
24759
15619
24415
8766
19362
13479
16103
3160
16948
3215
3473
14680
21238
5838
22605
947
8115
15291
22080
14548
9179
15687
12561
9371
21049
15796
1753
5600
20197
11712
19078
20627
23789
5437
17706
1589
19231
6332
17899
23169
23024
269
22879
6727
10047
2946
946
6132
1214
4129
4498
15375
21307
17195
9041
18099
1014
2905
2886
4711
11009
10307
21949
3975
21829
16669
3583
20155
3611
7182
4139
22256
22134
3814
5956
11675
19540
14103
11315
12628
17590
4076
15061
2705
2498
14235
5579
21664
13648
6194
6649
9169
4885
5088
17932
12460
22790
14817
4682
17601
15931
6922
10400
21213
18101
10389
10898
2176
1132
11852
24009
14588
24189
13017
14544
19521
1414
3083
1096
21789
24586
24855
7724
3412
14763
418
1182
1831
16798
23166
21823
4399
2939
16595
24677
18636
6958
2641
6587
7767
16099
19406
22673
15695
20330
1036
737
8506
8584
3578
21048
4159
6651
6892
19234
24430
14565
1171
24322
16149
7015
18190
15483
18542
6458
17493
18330
8196
7102
4745
3455
18287
5317
15669
8775
5859
23739
14279
9978
5830
17179
11722
439
24429
11597
17246
4602
10704
24252
18625
986
2837
15323
20589
23700
19229
13308
14899
23504
15166
3158
10586
19751
23894
15944
12174
12377
11701
21842
7840
18595
4927
4101
20986
9104
17756
627
8781
18559
21392
1024
3755
4339
10133
7805
24721
19866
20143
13951
14684
358
22306
11376
15844
22547
2473
18529
18127
8487
10780
2721
18488
3255
17428
2563
15401
6598
18674
2671
10947
5584
22985
21655
18200
16676
15578
7462
15094
801
20714
607
13774
17780
11101
6858
16424
23904
22901
11805
24813
18932
21766
18326
2412
22704
23676
7798
6586
1576
12361
497
21009
15943
9573
5018
23968
12407
4563
21274
3601
16262
17173
18976
10119
3131
23911
442
8408
21691
7754
23384
24493
9745
19523
5900
1398
24956
12749
6621
18742
24247
7181
8140
19077
23738
13080
23696
22095
14706
8197
13678
10946
1846
16674
21129
9587
227
24383
4323
17311
1818
7793
23908
12082
20827
454
13814
19258
240
23613
6497
14497
6679
1532
22321
5452
7086
7874
14372
18376
5094
20191
23722
12162
24683
22314
23129
20848
24643
24327
23302
24395
5800
8030
8823
5925
3159
6223
16849
20102
23196
13425
23337
8971
18891
8179
17419
11126
9924
4479
8778
2971
13088
2844
17400
13056
5226
4111
23460
10691
9239
21713
12391
2716
10593
8362
7848
20228
14525
24621
14375
23464
11744
14127
8585
12824
14198
10503
13890
21981
10935
1302
18419
6573
16854
24972
6326
873
21676
6775
3289
3491
17908
17895
15821
12370
23319
17208
9074
9532
23987
15232
19252
11134
13244
15907
13354
18169
17865
11773
3567
6805
4972
12303
24833
21089
13983
3180
18561
24031
1883
15399
18185
4468
15528
13641
22664
18414
14443
19430
14126
21282
18649
2942
9789
20512
15618
14540
16052
19529
13632
21745
10054
2274
23269
7904
19948
4771
8560
18230
24741
23668
12274
463
4020
20297
15424
17259
8996
13223
17829
19492
8814
17726
10393
16264
16907
7368
16338
12113
1907
10090
14942
22892
10990
24997
478
5132
9654
20286
1777
20603
14179
14447
17870
11901
7420
7609
18522
14338
7678
21993
9129
22666
11309
1237
897
7411
4577
22411
7040
22271
10396
20984
3691
19235
6177
24897
15206
10070
19310
6009
10578
14399
22133
21695
20433
1521
18698
1019
8158
9385
7248
1654
23569
23518
18570
2800
12087
14182
12701
8332
6122
16698
12629
20699
11857
2665
10566
24278
10144
8236
5664
23771
8782
15996
11534
6327
24711
1619
6665
9752
1721
3262
15775
13737
170
7037
12732
16924
18166
14913
8380
3934
20227
402
982
5327
9000
23435
10122
23588
7529
5507
12650
6835
16867
1328
17172
5339
7776
6117
2277
2128
2882
514
10384
15762
9576
5648
9870
11540
18810
18014
2441
13221
10226
21372
4752
24965
13621
16521
727
1406
5231
16531
15343
6764
11358
12465
19381
4250
7737
14745
10882
12333
16627
4684
13382
18527
7807
24927
16535
21728
2904
10027
17799
1557
8881
4617
13067
21527
18585
18880
15985
20487
17060
19550
781
20387
10555
14740
11003
8794
14645
18981
22550
17546
11549
17399
14453
10151
22017
15279
20354
18110
19563
18136
21362
24530
17738
1741
5222
6012
20051
10339
23803
10957
9610
8961
2207
3063
619
20800
11443
16271
20621
21772
12940
22994
2609
5420
24780
16929
12659
18581
4474
23933
12029
20443
21318
22154
9693
4496
21918
18008
20858
24495
14988
23578
21996
8844
19270
7177
22360
18302
5476
17821
15565
985
8892
7269
18031
6042
21731
4605
8076
2695
5243
15740
11915
18443
19433
12442
5821
24028
22381
6634
17164
16881
22505
6357
10465
1281
19953
19770
15356
20137
699
7728
16128
20447
12669
18751
13534
3842
8116
11348
11041
2079
19084
4013
10255
11881
23094
3292
24852
11649
1802
23197
2098
10728
22008
1315
2272
10515
22728
2506
16954
17676
23358
17324
14535
10308
14608
1960
23334
12462
808
18813
6997
18639
1080
20189
7827
21177
15265
3867
8203
5529
17072
18129
21817
16844
24179
10715
8267
21246
24623
3454
20239
3775
16051
1275
16183
18571
6310
20755
2531
20988
4114
12894
1139
14964
9925
10145
20412
10845
24485
4653
9716
7446
2672
24014
20435
22829
13596
11375
18473
13462
186
16080
2212
11195
21063
5684
10673
8530
9755
16518
7747
19877
24932
15731
1536
4437
8938
13716
18731
5535
19291
4043
23946
4524
15664
4710
15858
23307
8767
1154
10392
9267
9376
17059
20899
20475
17100
22106
17642
10227
23657
19068
18144
24971
5342
15778
20489
7585
9551
16681
2382
10886
16270
6176
21070
3282
5250
4040
5745
4177
5605
18346
6576
22872
22966
707
3818
12600
22808
13119
19939
23756
21903
8689
8120
5191
6062
15484
916
21397
20882
1259
12434
22824
19478
14878
15118
6508
1747
15870
12579
23631
10708
22970
14821
7583
24132
21563
7575
23691
6792
17289
2483
2250
12689
19631
15199
11045
8102
13508
9704
6380
7374
5433
775
10535
14532
7927
10742
11762
19672
21865
2426
12032
20396
21472
4743
850
8685
17403
2384
14838
2448
21793
22207
5008
5029
19735
8577
10725
298
24846
18963
23455
18787
24735
12444
24587
17884
16758
4977
3554
8439
10127
6169
11075
9114
7087
24666
22058
10103
4510
6934
1987
16719
16070
17748
13247
6331
13139
23118
15108
24799
14700
11010
20024
12554
16574
18773
10478
24044
10975
10351
24712
3486
4465
22412
15502
7032
15784
9065
4295
8347
22912
3628
24612
8200
12515
8374
991
8533
3758
17867
22749
16979
14282
24999
5335
22348
13388
19893
4270
6271
7510
15078
13116
18148
3021
11086
3810
17776
6928
5120
1507
3750
7679
18234
11250
16076
17429
15447
9952
17101
24966
21064
4973
12275
1062
17500
13194
20439
17586
11707
12020
3304
10399
20202
16480
20852
10922
8776
16895
4142
22959
2624
6939
15713
21450
7243
11150
18600
4725
1453
22553
2894
2712
18905
15370
8047
9521
980
18398
3433
21942
14355
17417
1723
10891
21770
20618
12744
21588
7599
20007
280
8450
17393
12355
1934
21141
15559
2699
862
13578
12863
14895
1477
9741
1208
8813
2616
24751
15967
11583
917
5319
21495
8681
17013
23018
9737
14456
24295
12466
558
15487
24304
4137
15156
13526
112
23405
11026
14656
17142
17650
23972
4021
22042
17150
9534
2057
17560
6462
18436
15903
21015
23278
9937
18541
6853
2213
21291
16688
16944
7199
20343
16875
16762
18233
8207
14288
4132
9881
16398
18882
12714
13465
13449
2723
14607
3176
4113
4492
24280
7423
11219
10743
24406
3883
3904
23075
8208
14332
13583
19313
14677
2095
2566
5785
11840
23097
15525
18855
1794
68
17113
182
23744
15936
7092
15752
17000
10613
1170
1409
22072
23609
19744
736
20893
17731
1449
1155
13822
18496
14786
10327
21116
19878
5893
20081
24129
13483
12096
19280
9801
12995
18001
4162
5761
3677
21497
18536
110
12224
1289
18290
16030
6125
18350
13014
22893
2802
20638
16238
22758
11732
10530
6084
23176
2585
17611
15715
9040
21041
14314
15331
19972
20276
17521
10917
5416
2154
12046
6095
9617
3905
23662
1893
9612
18800
745
4391
21638
4986
23997
24317
12002
10814
3605
6046
7014
2936
24228
19179
21055
23313
19320
5105
3006
19225
21043
9679
8948
8176
7639
19598
18245
10705
3291
24439
2148
6335
14441
15690
20314
14975
18893
10238
13226
13685
1560
20317
22318
4533
21324
15607
2749
3665
15971
24884
8701
15817
14575
14713
2761
15029
23684
12004
15313
10965
1197
14621
14956
9437
6440
24055
7651
11226
14681
7033
2726
1546
12538
5257
23145
11496
313
1971
22498
13470
3381
18575
2614
5631
18763
13357
943
867
16787
8753
152
18464
22691
8159
16015
747
13329
2026
21774
15560
18966
13888
13235
21402
21257
13651
23839
13013
21989
11868
6843
8891
11703
15708
8095
5330
8751
13927
19402
5700
22839
19392
23519
14089
1079
10896
8330
13986
24067
3435
14212
4883
19157
22955
16456
9655
7132
6032
21672
17879
1004
21574
8817
19348
10087
23762
13808
18085
20157
2435
7699
1178
1906
18426
5236
13828
16298
805
2444
11897
15819
5876
1993
8504
22416
17377
8436
9297
6860
22199
15460
6504
13300
14401
1838
9896
20648
24905
16677
8825
2411
6534
16215
10752
10735
12851
4659
7917
7882
4190
8270
13846
16320
9857
19667
11673
9153
5804
13302
5435
5324
10674
11541
23764
19673
5428
14518
20915
22182
11425
12110
24710
3595
1338
16904
9702
8645
4298
810
21432
19281
23066
8470
21606
23404
993
20702
11042
3036
24754
9051
120
15066
8649
5270
8437
15993
10897
17792
14305
8467
24686
8349
8082
1633
20897
6306
6341
9825
14686
10379
9509
8498
7554
13970
23296
3756
8462
17684
19975
12696
5074
23407
18735
3973
22722
9986
623
15558
21079
5757
8812
3236
24060
12065
1554
1086
13342
19623
21710
16378
1339
14464
22269
15318
11919
22723
467
16560
23598
8641
15927
18989
22082
23915
17047
18477
22599
15185
23907
5764
17073
19536
20460
12546
22431
2162
12887
7773
13340
12372
12717
4820
11304
2071
19759
15400
3235
15899
5927
10164
7128
18874
7778
671
10579
10857
24400
11478
100
22152
13353
5569
10221
10881
8748
13861
10611
16920
1212
14691
