4315
6726
16477
8012
20764
3893
16872
7829
440
9120
14437
19678
9728
9088
23293
11407
24464
13730
19486
2887
16286
17955
1129
4600
9269
4668
4325
1645
12922
1158
15149
4225
22445
7520
14619
13432
13956
21054
18675
23372
10538
24603
24985
11986
21351
12255
2559
15450
23824
1610
8144
19228
5339
2869
17561
16464
14097
23384
6260
22607
900
15979
10810
22232
17106
10570
5726
2289
16600
4693
20711
24144
8046
3533
23281
10268
21116
17990
17791
5524
18228
24936
13021
13972
14473
8793
5900
23571
21285
8211
16755
24058
19788
8943
16069
24655
15894
6803
24855
6576
9270
7258
15291
4890
5628
10188
22825
23171
9099
19194
17247
24710
12469
17340
16533
16905
17289
15601
16503
10431
7634
1092
9073
6954
11636
20856
1137
12404
22209
21012
17630
351
13192
2072
604
14896
24724
21266
9656
5102
15598
6294
1408
17450
19938
16815
13765
17436
24583
1306
4450
15094
19824
22083
16990
8003
4691
1224
1308
972
3935
16120
16178
21964
18951
18888
12175
10277
7937
15929
13382
7840
13756
21286
3944
3262
2039
16146
24516
9463
23224
22771
3315
13630
12592
6838
8640
23923
4882
17343
3845
6880
10785
1058
1864
11815
15881
21806
11840
7513
12086
4979
19585
17950
7356
4361
7917
12003
11846
19310
13905
18840
8978
22286
15301
8006
5898
5395
21091
20837
21751
7483
15710
9068
10914
18696
4406
22925
19529
8163
6752
3510
9092
3021
17419
2932
23563
20443
14202
22134
8141
949
24854
24993
21289
13408
400
8449
4814
15923
5347
22221
8368
24245
3131
6743
8201
24188
8348
9387
10419
16822
22030
22972
17333
2262
20252
1115
5100
4526
16489
8948
12717
20488
11783
971
2002
21196
4795
3151
8
3194
1177
9295
6134
13267
12035
9813
7080
18903
13898
20935
2703
23137
13064
4525
720
5284
3098
18554
8322
13451
23169
13901
11676
1509
6883
17764
18563
21370
3180
13923
6177
8306
8902
11450
10300
1987
4700
16128
17799
13566
9186
19999
17617
6849
11584
10441
22275
9177
1642
1874
6044
3934
8143
22904
24732
24321
16662
17578
2010
11285
10775
15231
18308
19578
21182
1350
991
6312
8917
8580
2496
15674
16323
11896
9945
21309
3482
767
7730
756
5030
7505
23807
11680
10211
11449
18494
22826
22598
1633
24281
8596
3464
23020
5084
23174
4419
6665
4607
14564
20255
7291
7285
11761
9328
17092
23676
10980
17125
15434
12651
8467
10200
19522
7521
23214
5884
9296
23949
5432
14941
17225
18064
11376
22767
14280
19902
10592
8307
2226
21753
17153
4667
7155
24228
8616
7141
4946
4383
14366
22004
13867
22169
23318
16010
2464
8866
5106
12314
2382
17863
14927
17296
4179
4184
14494
3954
21261
15712
23860
23825
18184
10264
23813
11818
2134
10295
24609
4973
5244
3908
5603
12132
23546
20170
9903
4258
21058
20274
4037
9574
7782
24156
12848
12435
3101
3587
23296
12689
323
22210
9641
5996
12609
17718
22023
7072
19463
1566
17982
20432
21563
21450
439
11377
9391
3077
12452
1719
13552
14246
12453
16309
24692
5824
12642
264
22649
7342
2494
10442
19621
18597
4721
11927
10947
23047
6377
12787
11752
20717
1231
1911
6931
13440
14876
23316
2259
22559
2681
2312
23495
18122
22550
21620
10183
19859
2457
5713
16342
160
16463
14766
7010
19573
3193
63
14335
2309
16434
6308
2981
17007
2769
22479
11199
12176
20447
3481
17468
24776
8969
10237
2922
413
24444
18455
3772
494
12640
18897
21440
9830
19205
7494
20618
7612
4960
4772
1343
5034
12746
3165
7524
8690
14206
18155
4855
3079
8781
5066
9894
3663
23287
9011
18982
14208
6140
7042
9721
7274
5700
7120
19204
5171
7679
14684
6043
420
21070
10581
4312
13582
16922
13301
23505
6661
10449
7469
12645
9078
11942
17072
20910
14019
9074
15849
12776
14913
10741
16685
7814
361
4916
5022
12997
19308
12529
15783
4180
13188
4007
11157
19130
9769
6513
20814
16770
8512
9632
3855
16343
6956
9792
23544
66
7442
5593
16396
22256
18731
113
2965
16192
4767
11385
17159
917
24043
15538
14216
10208
4554
2417
15829
11414
17025
878
13994
5417
22879
16602
18894
13422
23270
12738
22461
22554
13889
18985
2361
8130
23183
24817
17294
14986
925
516
24159
14474
13390
17394
16215
15968
4043
9901
15883
12010
15862
15875
23101
21221
4338
20075
16073
24130
2459
1372
1281
950
5998
6086
14305
7887
15293
20108
729
22829
5297
1844
20198
16507
13714
12172
18612
3129
17006
17987
10573
718
14196
7729
15689
2357
24639
6598
12548
19148
5313
8681
285
20000
13480
20529
12752
16381
17687
18800
21212
23910
2749
18608
15785
20450
979
3094
677
6190
11335
6862
21328
12700
1896
15837
16459
22757
22533
12296
5049
18660
5483
21348
12534
17942
14070
14599
11697
17246
16984
3456
19277
4356
10101
10333
15021
20545
1421
3571
7629
11481
23905
19189
8395
24069
22710
7414
3861
22694
17620
13475
7813
14086
20033
13805
4790
3326
24752
24628
24573
1061
17571
10130
16160
1139
8845
4494
23162
21862
4597
9871
14103
1221
8659
21255
11583
16778
16132
19457
16592
22947
5230
9022
1685
6470
17111
20382
20806
19502
10722
23721
2444
11771
15175
14384
13731
15831
8842
15792
6723
5990
19557
23215
15287
5255
12163
7219
14349
21487
11033
4454
15227
6226
20498
7830
21392
23403
15154
11759
1431
13127
19221
7344
7894
306
24693
23969
21843
18568
17319
20296
16212
19612
20676
19368
23402
24095
18276
12896
10125
24258
7096
10982
6607
22085
6981
14402
18149
24789
15959
7803
4149
12680
15350
8355
5988
5289
16953
9809
17551
3320
6555
16613
23973
11755
14241
20152
8789
11744
4194
1539
16431
21980
22348
17656
3226
21955
17374
4000
4577
15460
11088
9538
5702
3187
23210
24576
21808
10620
14632
6698
8472
6845
16559
14338
20332
13461
5306
1095
2931
11780
12380
46
11855
19970
4958
1067
16674
20019
5817
14874
23965
16637
3786
16899
7189
12704
9969
22616
8259
3123
6722
5519
291
23205
17323
3345
3446
12006
2691
17622
7635
7199
22747
16234
8397
1677
60
22639
11343
23517
6868
7695
18272
17754
5724
19467
3264
621
4912
3276
8946
8532
13689
11961
24834
23867
11810
19072
16289
13427
11971
16320
24895
723
6102
14025
21380
23559
21388
2843
5154
503
12108
11506
715
1060
9209
8859
12092
11369
3247
21142
22572
16806
18727
20415
12228
22815
8839
21539
17071
7451
9104
2389
1553
20810
3810
394
4107
14210
11129
22468
9216
10541
12085
12959
20576
1973
14536
6733
6653
6113
20286
12467
13052
20331
18464
4508
21167
8792
4039
19005
2533
21908
12188
11913
501
4504
18397
14891
17237
10745
19061
2098
11498
8040
6327
8213
9217
11540
13518
1616
24509
6059
14217
2505
7097
8668
6281
12145
18022
4639
7908
8682
20670
84
20211
6085
16870
9793
14411
4786
13027
20798
21165
8995
10495
397
18548
1718
13429
5843
9124
8963
6337
3596
12355
7355
12895
9121
9118
1676
22202
22802
8420
24527
9742
4743
17884
542
8759
11862
17461
19334
21663
11560
23044
10082
24253
13654
3843
22581
15521
17499
20858
930
23419
13541
5036
11348
20964
23587
14483
17658
16136
11514
10827
12631
15847
7870
12530
23993
13256
15624
3041
15797
11074
18853
8736
4020
8405
5298
8202
21176
23099
153
23029
15196
23697
24799
11072
3382
7409
12566
16310
865
2364
19801
6991
12115
19117
14820
16569
19002
13304
23437
16683
17974
20923
11749
22698
8646
19168
15397
11827
22174
20162
16388
24987
22427
911
4701
24644
13489
10401
14788
6054
21166
10625
12518
17292
16200
19925
2522
19360
23594
16193
7061
12420
2624
24579
4193
1674
8551
4661
956
22000
5317
18441
7544
15520
18751
22287
17560
6795
9190
23276
19363
23875
10380
1173
1941
12546
9677
22502
4304
17709
21076
12816
2638
6419
15033
10828
728
10350
15013
791
17527
1336
7182
13139
129
11176
10344
19679
15765
14266
22260
11392
1438
1564
22388
23499
1824
23136
6290
6921
8182
7013
8081
12644
6170
20278
23452
18601
18215
14168
3721
22946
4458
18746
16545
15616
18691
10294
1569
23649
21424
3851
20696
8416
18868
10653
1909
14577
13067
20694
2677
329
15106
14398
15510
11378
12627
11277
4939
24370
14085
13159
11525
18111
5533
7450
15906
13271
11488
8746
15042
872
3585
24461
863
1714
10302
22049
10931
12595
21726
12777
2747
18386
18669
6568
13807
574
21546
7474
10951
24925
1699
18347
18246
5476
24115
9339
8459
18925
12919
5635
21969
53
3013
17978
5760
11472
12995
15613
6052
20078
17380
11372
21642
6971
2588
21672
3160
10248
272
12670
22288
12465
9715
22851
16277
23158
3669
21205
22285
10304
7348
11071
17832
1698
2492
20329
23064
17396
11276
9688
19218
5742
11388
13711
5759
22763
1904
23213
20470
11992
3413
12856
3859
24669
4063
17276
9961
24376
5352
16303
888
17162
9212
600
13842
212
2918
22309
16763
23757
10752
7703
23494
6204
7647
1775
3290
5175
15429
3530
13971
10518
4585
10229
1568
7397
9237
15801
19518
3698
21522
18546
22053
7939
24399
15328
21925
9652
17315
1071
4552
20953
10962
21191
20248
12936
13234
9752
11404
24689
16213
2191
13033
20477
5714
9517
18266
21490
9962
19717
9220
14330
22050
21232
19766
17078
8654
5813
8402
3105
17045
20427
15309
13502
21014
24931
10711
17300
21721
2171
7617
7418
17258
3091
2108
1331
2855
16560
13525
5570
18589
9108
20704
1887
15607
24906
5638
23541
22429
6304
9141
13340
12607
7261
2138
9033
17265
8171
11973
3010
4763
7194
10516
22344
16783
7246
12625
13728
5687
15305
1023
15184
13126
17932
20817
4822
23097
18165
9543
8107
19222
16752
24542
12814
1523
10520
19091
18569
19852
18192
3704
4310
22473
16167
6311
1789
18499
1562
21767
24010
1613
13337
12426
3870
12389
1341
19135
4386
17567
23581
10735
21502
20348
1018
13482
8140
10044
3198
24849
14520
10795
17689
9030
18124
20521
3204
16524
14428
10945
4233
23295
18530
833
17604
17002
16951
16034
2099
14732
17401
16127
4991
11131
12972
9278
4828
13172
12811
17933
22916
5971
15302
7140
7651
9452
8264
24739
12781
13375
12457
24927
10766
24678
21409
5911
22242
2793
12739
5282
22070
10618
2593
21457
15465
13284
240
16232
5074
8926
1337
19982
24566
7537
24884
17792
22055
7161
5234
7954
22072
7428
16826
5164
24857
2732
18035
7994
15065
21194
10146
2188
13553
6938
12801
34
8190
15841
19494
8482
18027
16640
10823
19968
6870
23935
6988
4531
17399
4989
8066
9879
6565
16113
8497
17307
7787
14739
24302
15891
7236
12809
6066
6355
21683
13456
23436
22151
10278
23161
22602
8035
18820
12156
18216
10769
20992
926
4213
24919
1658
3896
5579
5954
20458
16035
11882
23159
23032
20361
21837
19355
3016
681
1583
16817
24922
22697
24437
1076
2628
3241
21332
24178
15926
16668
3492
7564
22920
13197
14964
18902
15872
23082
5182
3199
6178
10714
16367
20866
23908
9602
18886
12515
12565
11219
12722
7035
16745
16470
13089
14904
2151
13528
17640
8630
4153
16076
15239
6182
22846
23602
10634
9489
9746
2461
6282
21855
12881
817
7779
13559
20547
3380
18658
19268
401
13001
10488
2427
6724
17748
4360
11624
8208
23981
1219
20751
18376
6557
15961
13531
21718
21092
5067
19646
19849
9197
24327
3660
12690
9054
13132
24804
19587
529
11921
20354
23309
3305
21047
4391
23690
7890
13200
19290
6827
19088
18099
2327
22338
17783
7662
4595
10427
20675
16941
20400
11438
16383
20956
4105
10039
23896
19474
15060
24233
3474
463
4720
24286
6725
286
76
4334
16449
1812
22189
23160
3639
20755
15005
6517
17941
2517
10359
18372
12891
20102
18977
2460
16633
22831
14759
1591
16589
6297
24697
4387
19181
24393
578
625
15816
18137
11508
11941
12511
9722
3714
22292
22472
5019
18631
16075
23493
10196
7871
13511
7404
13312
21700
18287
3293
9985
23263
8285
21709
1918
15496
23366
10778
2276
1218
21801
15006
3000
23886
2486
14665
18051
1784
9052
5014
19909
19978
11543
8718
2366
13950
2730
2127
17976
10366
17755
7600
9770
310
20315
4694
15225
284
6941
9827
10204
18139
20035
8250
5292
12775
16676
23616
23764
7092
23479
5590
16757
7509
487
6701
16952
24522
8464
1597
11322
7187
14497
2385
20680
6084
6040
13096
12920
24138
14279
13419
13852
8135
16614
12568
9107
8162
17735
3910
22547
10385
24921
12702
213
11610
5623
20913
5860
23802
23343
23264
7041
2497
20577
8353
3052
4656
1496
4841
14738
5217
6716
15217
14481
5152
18785
2877
18472
16923
23879
9202
4603
4613
8728
3726
13471
2792
22127
13656
21246
1682
24339
15985
11156
22397
3816
4559
7565
2137
23772
5516
12853
10363
12741
14348
20164
10015
15806
2209
13136
7799
5791
5799
24325
9558
19591
18109
19289
5796
6073
13180
22562
16019
24841
7839
4094
17473
11715
3911
16946
10439
6737
5903
22095
13861
11863
10636
15582
11617
10548
24905
16032
2847
2310
3183
11225
7350
12918
19854
2939
9395
5852
3688
16390
7435
5365
4457
3549
22503
24418
2806
23176
10160
379
13558
434
4055
7311
6048
15794
16940
20617
7990
2859
17729
20122
18880
21245
10000
9050
13763
2286
12901
22671
12332
7093
17293
17641
253
9134
4799
4305
16131
1360
20801
24553
13007
19897
8401
24469
7485
18034
18299
23522
5578
14201
14240
17623
18378
7242
24320
16448
16622
19736
15545
11495
24417
22371
19180
14209
1644
5046
4848
23185
8524
24051
23410
620
6659
21732
20637
17488
5545
22567
6573
4697
18460
8874
17443
14326
20720
20882
2013
11790
12617
24328
14294
23777
20727
14625
19195
3966
7744
5482
21481
17879
6376
21170
17521
4416
17048
20180
11979
13292
11433
11055
24088
1518
1715
7823
328
13094
7334
2025
15104
16416
4879
9060
4480
5474
16020
7481
12817
1555
19835
15312
292
409
2246
6886
12797
8612
23193
12256
24653
11401
11307
13493
4137
96
24540
10757
21719
5689
20556
17134
7491
335
9432
22039
14618
9071
11130
9561
10063
18684
13682
24415
24002
2739
8004
6471
18141
10918
23184
7144
14163
14301
3081
12591
5431
3618
22873
16336
16055
3275
23924
19664
17892
16957
8851
6375
4657
14373
13411
5071
7142
15457
2436
8918
23473
10034
19200
4945
24809
20832
13142
635
2772
22193
9585
13883
7970
24899
24030
24373
219
21041
10351
6751
901
254
5302
13932
12479
24147
22280
765
4353
12526
19614
3235
4095
6550
17036
3443
9541
1425
12516
20679
20609
5670
14482
8534
13937
14634
13406
7134
1228
8325
1366
21259
22443
2041
5844
14755
5199
17690
10417
9441
23141
21591
22245
1521
21880
21965
10647
3136
24271
20559
12057
21172
14250
17583
15137
1767
3490
13328
21497
15344
21820
9970
388
9511
7094
10367
10846
6157
5758
15121
19998
14616
23430
20117
3397
5374
22233
20966
22494
885
8255
24581
506
4570
3018
15416
8777
11390
14872
4574
10202
13500
18395
24214
3110
7759
11934
20429
7625
20125
9298
19618
23269
13710
8305
12342
15619
15726
12552
11064
14817
10668
23685
5319
5866
20301
22882
16820
21970
11261
24403
16008
19530
4925
13890
15303
8805
8388
2911
20495
22820
9689
3803
7436
7861
14231
2035
23997
5731
16796
1072
9971
22841
15719
13544
16855
81
18047
3134
16604
541
12097
18362
10399
4840
4177
13887
20114
5184
23959
18479
7745
11117
11923
24085
5543
17115
4435
9702
6589
3854
5073
18689
23808
8341
16220
8254
11502
10552
6919
5293
937
19651
24076
14610
4921
4844
12504
10584
1166
18518
19985
7118
8270
18697
7226
714
21741
6538
8620
10249
23611
6925
19923
5597
23622
3892
7107
9246
21327
10456
12842
6693
19455
24126
17298
8398
19552
20891
14898
17207
24197
6449
21972
20700
15358
13900
18406
469
3776
17570
23102
18729
7652
6736
17360
24839
10630
14224
3240
14269
18343
11051
15413
13049
4048
2637
9385
1760
18536
22259
16615
1389
24003
5150
8347
15455
16916
6153
23091
20640
21234
16328
17807
16369
12197
11920
18125
11630
2761
15336
18439
5864
17533
11011
21916
7300
2060
9668
19291
12493
1383
19543
17182
11362
9490
22239
21756
17643
13045
10733
6995
17726
8356
13926
5497
17459
6649
22665
6966
23976
19094
8079
23978
17925
5556
3300
1191
17750
13092
18261
14790
20592
9518
10016
2401
10783
16408
19890
3296
9362
21030
19158
14960
282
4810
10593
3026
6242
12556
24744
1942
10395
17270
19272
699
1010
1592
12376
16646
23737
19865
19396
8101
8122
14316
3962
15012
12180
14131
20012
19446
23006
9655
21444
21811
24067
957
16274
15229
18513
10941
8138
16994
23311
3037
22402
18486
454
7023
18353
14655
11057
2253
21643
5845
3080
19810
10408
19411
5110
15105
21443
17410
3522
4349
3280
10549
5649
13407
4928
11174
8716
4718
11232
23966
7653
24357
9352
18011
11159
4576
16975
21349
20822
17916
15292
1111
11399
17421
3322
21541
13997
4015
16316
17188
17812
11259
24923
14421
6632
6115
19140
3295
17119
8772
22418
7916
13649
19740
4806
5260
135
15396
14186
680
20750
23228
9126
15525
17109
3785
17757
24866
23964
10935
8618
6229
18501
813
6217
14680
9725
22029
3949
10924
18094
13933
9748
12171
6021
18984
16950
15347
15320
12
16240
10140
21137
24596
5205
8536
5599
5905
9639
18113
2900
22370
13116
18905
13185
18194
5825
19421
10762
16228
4664
16813
20579
17511
23455
9162
21488
4894
23400
23201
20995
7961
7766
22722
24538
10451
21930
3505
5094
2832
22462
2022
10651
2167
18000
1906
20372
2055
9911
8853
23900
12463
8581
18615
16871
5531
22778
9211
1370
11000
14432
2954
16585
5495
24640
10166
22894
13976
8543
13562
1311
15228
2315
15474
23077
13651
19154
3297
883
6531
23409
16140
16368
1587
13217
15300
13072
23359
17059
14299
9044
15573
13346
10616
23337
17121
5419
16876
22293
4623
17648
2531
17898
3835
6542
13996
19602
18571
9883
15506
11903
4923
24210
4561
6126
6100
16260
24284
8840
16607
17538
20030
15432
842
19845
22798
9998
15472
6545
10041
7502
18463
18067
24099
17034
8295
22122
4794
22258
2356
927
1643
2268
2194
14439
10402
5397
72
380
4350
653
1153
15504
2322
10644
20625
4155
7001
24631
23845
17548
8754
23869
18327
14230
2554
18417
24183
9263
7666
18131
14815
6080
12653
86
696
12828
16122
14526
23146
3173
18413
8767
16830
18297
23800
18909
19157
12947
199
7982
840
1498
4004
24930
8389
23552
11504
3076
2715
2916
9673
5960
7376
9867
2228
10475
13759
17157
5650
14461
9090
4427
11196
10060
15892
19422
3167
13260
20988
12298
16197
22364
24886
13269
12412
814
12575
11329
21868
8292
1116
21079
18008
20441
14438
577
3420
2453
2177
17786
17077
6138
14523
22328
3200
6986
6108
193
2708
21431
7463
22705
11645
21159
22932
24323
5472
8895
5142
8587
5957
4658
19558
12521
5163
21297
3414
4497
22983
3952
13606
19936
6893
7313
2716
12179
8976
24174
17876
11679
7149
21688
11451
18584
22857
13134
7815
3565
1397
24531
1298
19488
7077
3877
15610
20189
12762
20713
17069
15511
16525
21284
1706
14818
7137
10938
4439
11836
12338
18474
11015
5252
1328
20231
22505
20924
7298
8091
8117
6727
16053
17826
8469
1325
3279
19808
5923
18637
13344
7700
15989
18706
20072
13968
24749
24672
15082
12584
20879
2162
3600
3542
14423
6762
5588
4627
640
1154
3373
11317
18736
3897
16225
16693
4467
21641
5601
2467
18462
15547
16164
530
11125
11358
16594
16302
23003
23663
7408
18274
5146
90
8437
16859
21496
16897
24132
8513
6673
19995
10152
1579
4835
16930
17593
4451
6610
15125
16666
5295
15306
19526
8734
18426
19477
6898
17167
9784
14084
10791
868
2558
8886
3546
11406
9036
23939
4099
22927
5626
2430
10968
23240
3604
12767
8438
14337
3407
20386
10915
8390
22973
17164
1621
11482
2165
4102
5972
20224
8205
8453
14037
18345
16221
3556
14869
4211
11519
6193
19062
12942
2665
9131
1187
14943
16352
12840
12620
20215
24195
4281
21574
4706
14675
7215
5703
21888
14172
9856
293
4503
2115
24521
771
22871
12269
9047
1123
2183
7460
10604
8885
15937
19038
15851
8526
21119
7221
6601
23173
21111
18333
12267
19525
507
23027
952
9576
9699
12843
24588
5443
22234
16839
23889
21761
10562
16044
23732
18625
9651
1143
4699
1162
9469
11599
1168
12135
23340
11118
11928
2827
13568
24055
15729
12280
16511
23333
905
7802
4999
20404
2950
8957
1035
22510
20466
9893
5715
7197
21528
484
24306
10312
4023
5333
2009
18510
13071
443
13848
12917
24435
11049
22876
14479
5858
23980
12915
11797
3710
4948
8176
7387
15597
13810
19283
22469
14703
9271
10165
16290
24801
17721
467
4247
14690
9972
4316
2923
15285
16362
12910
24416
20050
14594
6382
6349
17893
15010
11619
10629
8115
8729
15671
12405
5920
22303
7659
10239
3486
17228
15264
12064
7955
15282
6639
16115
17194
15183
11576
15820
15776
2970
10743
22460
4845
9389
4695
6691
13276
8636
24330
23833
1956
24635
15079
5481
2423
7235
6196
19804
18089
22181
7615
13792
8565
601
7788
16913
17051
23657
14811
11308
10869
9501
22930
15028
5820
24950
183
12628
22312
4385
6796
2050
19659
22793
9923
21694
7951
15753
18290
9079
18023
23288
16243
4679
21799
4826
14714
595
24139
14560
1471
2996
6860
6770
12798
15615
13204
11324
4082
8072
13087
4085
18884
11826
7969
13253
20461
1261
9408
23745
19265
20042
6192
2702
1544
19933
7266
14492
16714
14505
2326
10440
9926
3986
8330
12804
19480
9583
19011
22195
23652
3569
21826
1037
11391
8103
5072
207
21923
1097
1525
1928
15226
16183
3066
14491
20029
20955
19942
12201
8048
14364
3878
13019
4910
14406
77
16446
5452
4062
2796
4485
2169
12962
21320
7992
4968
18538
17068
16106
10802
14621
5787
1073
5002
2690
5372
15984
6384
20937
17664
2733
17288
20644
10837
6387
423
11535
6454
17525
20813
1485
6124
19798
17859
15119
2037
22750
13449
16945
15805
7373
12400
22112
2344
13982
3038
5215
24113
1730
14456
9889
7111
17173
23148
24798
12945
10986
3673
9161
11933
4967
9835
15711
11578
10054
23975
14254
170
18356
13446
19493
7884
13433
22514
24347
20763
6875
2472
22161
22362
10577
1649
6347
15550
8540
14129
19671
17624
19559
22444
6488
12075
20678
6800
10330
2645
5981
20395
13473
6013
16967
24574
9771
4631
13268
15939
22017
4253
304
14701
18593
17626
14868
9028
15843
2077
14359
19244
22592
21220
2247
7015
8516
13624
18309
20109
1822
8835
2967
4604
2201
19415
8351
20650
8435
866
15988
1118
7686
20747
8642
20028
14871
8052
15596
9886
13391
20927
19818
1739
11453
19777
21365
2094
8515
6185
9153
9759
4331
17189
19611
4380
23391
4142
9672
10114
4918
1996
13412
4379
3733
8667
5947
14611
24413
13616
6114
24634
2297
15824
8553
2570
16502
6890
16222
19821
21175
24778
18695
21161
11145
10964
17716
7523
20514
7694
6982
24858
13478
20619
13157
514
7822
17909
17110
15243
16617
16417
23005
14382
16797
21998
15668
4843
20997
4424
16578
238
23646
7462
22389
5962
23481
22542
5180
7228
22689
3684
24240
7211
2082
20598
11607
16012
14816
17736
21108
6211
5085
21924
7138
24097
22109
8635
2707
3415
23501
7286
22021
10943
2343
22456
12283
6465
8465
2397
12925
17594
24293
21985
13075
3628
20820
9922
6256
1532
5559
15199
5054
19705
6961
22332
17818
2075
8522
10677
24485
13287
11717
24426
8598
8764
15101
4400
5827
7252
12088
5680
14757
1163
3833
16331
14362
9573
21967
17001
788
22988
4615
21004
9790
24389
15135
8698
1401
23111
21252
13470
5735
6983
23871
20314
15404
5632
1348
1984
9275
8393
8203
16842
3266
4919
2336
4906
12824
2856
3252
13504
873
12436
12913
5530
11076
11516
190
21466
22246
6873
8785
4787
9492
14718
11132
10514
15495
3577
11460
809
7597
18412
1266
11738
19026
7459
24270
16816
18083
20869
3069
14870
21189
20179
23028
9056
17965
4726
23730
16442
2578
24780
638
4340
9853
9159
21016
10901
17066
5065
5520
9138
17985
684
15151
19814
13922
23034
19212
17084
13484
18616
22776
14220
22637
4097
15532
13317
20124
18889
8506
2176
20663
24103
9800
6859
23624
12715
15609
15844
14905
1303
9986
15927
16879
17858
20276
6051
10143
16314
18295
7477
7162
16377
17779
24333
11048
18588
7795
10254
8488
14283
1291
15387
17094
7560
18361
2335
4293
19133
12014
18540
23262
7891
21021
14909
4740
17429
16573
5822
10233
11646
9662
12788
20182
6789
12164
24335
3391
26
19680
5778
1884
14529
3284
7458
13527
16042
13535
218
6425
22121
15456
20257
1053
3389
15560
17378
4339
17099
18288
14319
4117
5666
24757
24278
15174
3286
1877
6264
14321
14159
3156
2393
13286
24363
5927
1267
23529
14409
3904
16749
6335
2872
22058
14114
4625
18824
22732
9144
13332
19580
17973
9097
23488
15723
2818
10763
7656
20544
19932
20111
6496
1923
19325
7480
1122
2160
18596
18896
691
14009
6139
14825
23282
23235
2622
14597
12754
21889
24101
10316
16744
11295
6745
1705
19520
4413
16405
14570
4842
8290
19281
4165
7760
11383
9874
5223
18885
22896
17275
3945
2097
22420
22454
24366
11781
19051
15176
17363
145
18818
10844
6390
5416
12496
12036
236
19730
2032
9812
9455
13678
8579
20410
11492
4271
10703
6067
13946
8272
12352
20299
12720
2479
22465
5547
10852
920
4640
22921
20360
13333
13117
11139
21602
20622
23374
19430
17344
5411
6414
13313
20902
22628
18787
6506
15258
20965
21942
15635
3748
1533
9711
23382
10646
18459
12841
23230
11355
11279
5846
10348
10246
14512
7691
8606
7722
1355
17383
16206
20356
3752
10942
22822
10104
22648
553
5127
12991
22346
24238
15120
20635
717
6535
15097
24948
7345
19190
1028
19683
2251
15530
5840
23450
22148
17516
5916
24295
5851
19911
22011
988
21131
23197
10338
20549
22654
22752
20515
8367
21792
10747
3195
11147
10564
23351
23729
12032
19634
11006
21940
8230
702
7201
17214
19949
8344
20169
17543
2799
19303
342
15570
8755
13175
17141
566
22723
7828
5818
21870
21428
4445
16334
5606
19839
24889
4730
23339
19104
23648
17145
9863
17725
22551
14679
14122
9334
20575
22426
16433
11440
10611
19652
11395
18676
22231
12604
6911
15686
22777
6590
18240
7848
6735
1807
16868
16707
14400
9630
5453
9017
18115
11688
6515
8697
5694
3444
4086
9243
11918
23796
14096
10759
8299
15874
6418
10655
20771
13881
13070
5774
23521
16549
18789
3860
6996
13927
9250
22428
20396
7838
13112
186
19650
17541
11881
9560
3087
6843
15887
16036
5607
1919
12142
1220
3725
23066
11260
13913
2802
18761
13355
4505
7881
5692
24589
960
24220
2546
9957
19413
13612
10845
13090
15678
14832
20685
15451
14219
20141
20368
6702
21155
4443
13311
17269
2282
7203
13068
7133
13658
4635
641
10657
10298
20351
23672
9360
19052
14488
6459
21595
21126
14937
15994
16730
14091
20138
21435
13310
5050
9355
14184
21089
13963
20505
4978
12475
21197
12346
16803
22500
9546
16443
11716
16151
12765
21943
10270
17176
12921
12107
18496
13979
2596
22881
16171
15685
8787
8528
12867
6412
23873
11637
14343
23126
11575
24074
10909
4548
22769
9551
10386
18226
13418
23995
22203
20106
9459
10244
5826
687
14214
23537
2548
15464
1959
2116
24916
24605
613
10027
14244
11
17076
5227
19450
9550
19755
523
18387
24926
19299
12474
9029
7380
14671
5029
19763
1607
20840
6869
7486
2567
15160
17906
8595
569
8164
5502
9888
3718
21587
16129
7453
24149
19296
24616
12000
17355
6556
3092
3268
23421
9786
13384
24647
18883
8809
9014
24131
24727
5686
11075
12823
13564
11658
7669
11839
18555
24814
22331
7492
4328
10095
2413
23424
3225
20567
5449
6094
22317
12437
17476
9143
20887
4157
740
10387
6174
20175
20053
21750
1036
19723
3043
22463
23189
1684
23151
14329
5076
21739
7262
16802
10210
23610
1074
24709
9323
14363
16429
12946
4520
1447
1594
21958
8288
15424
21525
23564
15614
7457
12049
18523
13199
15908
17310
3920
137
15053
19492
4781
15848
3940
5589
13542
11428
1845
10321
15577
16049
13347
6593
15206
18838
6940
4936
9103
14049
18423
11042
18635
24825
2857
12139
10684
6408
19102
24592
15587
15325
5978
24141
1319
5480
20408
426
23422
12846
5587
7167
17367
10159
15893
12903
5169
19823
10585
17669
24937
23152
9075
17158
18374
5984
16929
5908
14415
14720
1515
24833
3643
18682
17457
16824
23760
13896
20628
9995
8653
18197
22068
3113
18782
6891
1083
8632
16878
10723
22827
12614
24289
7562
12226
4644
5889
16280
24893
14060
11332
8289
13295
20446
1782
11023
17328
9358
20316
17317
23849
10355
2521
23251
12699
10352
21276
18740
7639
13104
18975
18550
20860
13183
11487
21225
22015
1014
13725
18241
6017
10895
2817
6664
5881
9261
2410
23943
14683
20987
2529
10883
5446
17504
21113
15718
11538
22854
20647
7406
6122
9423
10792
3278
13825
22289
8220
12017
7998
13610
13232
3508
23075
16663
13481
16536
14865
4374
17440
19098
16970
24471
15772
11520
751
1552
10730
24832
11585
5797
8643
2658
354
14332
11013
1124
24638
6819
23342
11861
21140
17642
20243
23728
19412
11365
22787
9692
16964
6491
9424
18579
21778
1125
24774
21594
19248
1459
16104
24425
9100
7210
16834
14805
7739
24683
6012
7675
24807
7043
14855
14709
20942
8038
15941
24882
20472
24756
4152
1586
1142
12089
17747
24904
21542
21373
3495
1302
9963
5109
9612
19725
8600
21273
6757
2684
17064
16579
15170
12044
9002
16210
13213
8818
473
22727
229
22596
8732
11824
9200
22849
11386
5221
11726
23096
8304
24755
12968
2290
3072
8133
3977
19203
24533
12231
17037
21994
8415
19819
2591
19984
18845
14549
13402
18020
10822
3621
5296
22883
9846
20380
6592
18492
16501
8008
14726
1626
10271
20768
22172
24738
14306
18575
8641
5309
22501
5326
15567
8265
11733
18133
4927
20244
12124
15684
13698
24226
21956
4807
7382
22746
19658
20933
14127
13643
12684
24194
15139
8475
13460
1246
23385
6176
24294
140
2274
2192
17582
16203
16892
10858
4059
3217
1238
6317
14608
20985
22430
23853
13288
13632
20010
11405
2776
18837
1670
17161
17751
21839
3795
21884
12363
18010
13093
4128
4051
10777
16059
18009
15717
4351
23304
12250
2395
16208
12379
14571
942
6680
10815
14002
17373
14069
6112
10084
2313
10126
9503
7383
19046
22670
2205
3807
17921
9796
20589
24187
13254
17968
676
10937
23636
7825
9280
9601
1671
2454
9988
17867
5267
4275
11293
10343
3646
9253
20543
24691
11739
6110
8466
23660
16702
13909
24450
15224
8964
7572
8039
9170
5783
11111
941
18981
580
10120
13445
23486
1611
23022
1150
9288
11786
22803
5648
12861
7665
4428
23625
5781
18465
19164
18739
11694
2331
5243
24982
540
11136
17263
21601
3677
14828
19020
19351
8813
12211
12872
4402
5806
528
8811
4530
3303
8936
10633
6014
12289
13854
15505
12356
5933
19642
13776
2649
5062
12417
9156
16504
7758
17231
20318
22046
6245
1064
9375
6278
14942
13035
10944
6030
8823
24040
20270
15111
2952
15355
3484
2710
9505
24557
4308
8310
20949
278
15156
18369
12719
9151
10074
8088
24082
12278
13272
5478
14697
21652
16276
14748
15949
22986
11313
13140
12245
18321
10956
17277
15319
23682
23572
7598
12974
19320
13298
17708
9361
19302
2705
1104
14645
7056
19840
8631
6949
20405
18728
1470
396
13062
16632
13296
7511
21449
11958
2654
2383
23303
2140
10831
2660
11683
6808
23887
17387
23591
20158
7794
6759
10958
8737
16456
10929
13726
24994
21500
6654
17981
13145
22770
10251
23533
6514
18245
22414
869
3179
12656
21368
15116
15861
7965
12688
16701
23632
6326
3516
8940
1082
6479
7423
8153
20076
11701
14862
4292
20440
21536
24725
19512
14568
5484
10107
4111
10695
14911
22527
11218
12418
6848
9114
12706
2443
8473
5111
15856
23247
4993
11651
9548
11541
16866
154
18950
8904
19144
15502
12219
24980
4715
11758
24022
24805
15470
5451
2186
7510
21859
11230
18503
22954
24073
6238
16389
20654
13404
21060
18873
10641
10340
14968
17434
184
12692
12302
5641
14092
14575
19589
3636
11370
16406
21157
13691
15411
9885
16356
17414
18367
21979
24199
55
21646
9232
11007
1763
17203
588
6553
8570
4181
15546
12611
3350
24851
20627
3751
14189
24591
15677
18574
18708
5997
18032
12505
2243
11655
21343
9849
2123
22115
16530
14149
13969
11353
23399
7892
15580
21254
9795
11908
14387
15654
3616
8691
20681
6730
20501
10464
17605
15185
12709
13809
24360
9744
21471
8749
11940
23026
17828
18473
22922
546
5857
2354
17663
2602
6530
1860
23408
7255
11964
7660
24608
6197
6634
9168
10245
1047
24326
2909
13327
23762
23463
11741
2007
15569
8575
13297
7050
14552
343
20247
11459
1522
13811
19639
24785
13657
12820
10702
185
8830
18790
11175
1910
13748
14713
12813
1388
21095
14782
2532
3353
18671
11517
14693
11767
13749
22268
14994
18700
21812
15531
9204
1069
10771
22819
16939
10865
18779
3720
24555
15625
21407
4581
12498
8556
1212
24818
509
20562
24800
1250
10116
7216
12324
8819
24442
14973
13659
631
3053
8657
12484
22319
16027
22383
12029
18667
11349
11462
14770
24715
7720
22578
23336
24619
17306
10505
14712
19667
19993
18314
21932
13098
17947
10314
16999
18775
7183
8925
14936
20079
23250
16954
15517
22991
19689
18205
3404
20392
4889
17813
10139
17426
23925
23562
9695
24777
3801
4283
15690
8709
17673
13331
2882
7784
21692
11859
16168
18638
24239
13004
20260
7638
1279
4440
1215
13729
17420
19058
1468
15766
11500
14990
20165
14304
20456
6351
2324
15576
2619
10296
8741
20376
5245
2556
13652
8424
11043
9691
4280
24353
20868
3423
7354
9478
18214
16394
15390
4673
16250
8541
8545
18849
1662
22858
3672
3802
24079
9157
19059
21250
12067
3617
14722
1151
13458
12319
4630
8379
9523
17603
12577
8266
24378
22647
24422
1252
18898
24909
10649
7923
15915
7165
21559
8240
12963
21987
9758
14939
10854
881
2648
22099
6972
17922
16191
24561
14264
1002
5318
12999
6147
21535
13704
7257
8694
14949
1872
20178
12222
22164
5660
23150
13266
10020
22486
4670
1346
6363
14138
20145
23094
7153
4276
23381
1297
16005
20027
11871
5425
7774
9767
8277
24568
6960
6731
18618
12677
22553
14906
20192
22480
19391
8150
20007
13775
11272
22291
12636
14499
6356
165
1550
4139
1462
23227
3157
6872
891
21723
22736
22518
4899
7017
9555
24880
2064
4857
21314
8119
946
11562
18346
13028
17015
22521
21864
5830
15315
15103
8261
23907
3537
16150
23041
10450
16819
12449
7514
13581
14259
9101
7674
8822
15970
17823
12099
22618
24512
17042
3220
9947
19226
266
5274
13529
7439
12131
21226
364
14517
15817
10182
6668
4358
7930
10100
18514
15201
24019
14462
22981
22956
3334
1606
1374
20815
19432
2790
7619
19186
11711
21399
18096
16774
18983
17889
21379
17850
20307
6060
1917
2871
12055
17506
9878
5828
1020
19000
22104
24787
11290
13580
22208
21477
10313
16959
13767
10329
16014
6234
18183
4125
13945
12648
18340
17397
251
9191
6237
8695
18244
9788
17628
21540
406
21136
16515
3709
15562
8105
8333
1420
19601
19489
1211
4523
11589
4769
9458
18483
1882
23985
10917
6548
3950
17196
4033
3331
19571
8064
21701
6166
12491
10679
22229
8765
23266
1309
24530
15938
20510
14045
7271
9978
14691
21042
22653
4455
15663
2369
1497
11087
10418
13577
24063
20023
12196
21145
19920
10487
23461
945
19703
24423
12637
16090
12165
10780
3826
14498
10410
13372
13939
21543
3648
22799
13681
2275
3651
21193
8121
17585
15931
20969
7551
14640
3189
2067
14183
4199
24750
10760
2266
24345
6232
10753
8508
24263
11684
19677
3703
21690
20263
10135
9916
16285
14277
8610
3611
1778
23300
642
24500
13354
12146
6473
8448
10129
8165
15025
24250
20615
20191
21163
13508
16134
3692
22749
16236
7456
2603
13306
15055
4461
12693
20161
14688
16245
14566
12835
21503
23639
18842
17737
15516
19436
15498
16357
10742
10691
5487
8158
19345
20827
2267
1805
3535
6053
4587
20686
9755
15380
22786
21948
16052
4322
15189
24386
12208
20733
9140
16586
15099
11337
1324
6252
22935
13074
21945
24015
19150
12210
12406
9495
18662
23861
7393
8938
24943
17670
24446
9801
2757
13443
16636
22475
15399
18552
18665
8637
9952
22301
5418
13438
9402
11238
13987
18650
1038
23001
1429
6679
14115
1395
18237
23746
9198
5246
11865
11757
22416
12955
5561
22586
18500
16697
7721
13947
5122
6544
20945
1752
13780
6580
7464
12470
9335
10993
14919
16330
15740
365
4288
10978
4633
20491
22028
3890
19476
6383
13514
14866
2084
2269
9529
20754
14797
18076
6501
6127
4429
8712
20437
6049
19124
24940
20904
4016
20087
15210
19439
2078
20088
7115
615
13818
15645
24847
1780
17802
1863
3337
24627
11060
481
10688
8706
17447
9857
141
18454
10069
15467
10994
4376
19794
8546
19461
24945
24108
17495
4750
14288
23536
3406
16691
22683
9345
12460
8428
21631
16057
5945
6861
3107
16734
14286
13082
632
17702
23434
2391
17696
1628
20086
555
16318
11342
10157
8648
3462
12519
1304
2340
1406
21253
18943
20796
15636
7398
1609
760
7152
9363
21123
1734
6422
17611
6452
15629
7889
23984
8132
9165
19758
5354
112
20999
16852
21883
13513
22620
16039
4818
3605
14745
4659
18130
9754
1862
6613
10018
139
14128
7064
15346
13603
1086
12402
6331
19867
16099
8082
23918
8973
21397
21206
7171
11860
17462
5583
8078
9798
15745
10512
18229
21017
16170
8427
16156
5379
383
22179
24193
2026
17837
3594
20371
11642
427
8693
11932
17587
1838
19727
23509
19078
22062
15731
7327
8815
106
2311
16791
3024
13379
12659
12442
3483
6779
23089
10099
15421
11809
8278
19206
464
17544
1016
15067
5321
17896
10389
12899
23941
15172
17386
20983
24894
7330
11010
21514
5389
7812
11843
20725
17195
3184
8041
11068
10240
24060
24570
10469
8916
20254
11251
13755
7757
12257
11707
9512
23472
22887
24621
9407
15770
20560
17398
3342
6042
14830
10731
20794
6287
9925
12748
21744
15932
7405
23785
21885
14148
8531
20499
18393
5558
17728
1576
8374
21800
9640
23714
10537
2416
3125
15343
14581
11120
14467
4384
22931
15865
18336
22688
15857
11053
11957
11998
3383
20852
23570
17479
21939
15386
14656
11893
7925
6141
15895
7082
21774
9720
10005
14010
12950
22945
19509
9745
10975
8844
3141
5141
14298
7112
6699
19967
14838
13474
11844
22603
20241
10228
2347
4237
5266
14346
763
3665
9222
10168
21393
8678
21342
21854
1581
10029
2184
10110
3958
4885
17962
10989
3736
2695
12970
18095
2760
22764
1894
21805
10147
23863
6018
14190
22700
825
4327
1363
2720
1574
17910
18605
655
3102
20339
9730
17201
18127
21736
22078
17865
3521
15548
3555
17975
7088
4696
1543
17531
21158
12168
11509
21633
5327
17113
18019
14895
16881
5878
13930
2473
12048
4732
4813
12697
7968
20906
8219
24136
13801
8564
11457
7278
14932
11883
14687
9178
22865
6071
17147
20407
1800
23852
54
20564
5640
17919
15146
22874
18917
7827
16145
19178
9390
16439
1004
15866
22061
12254
9465
12892
23938
10173
12111
9292
12975
22806
19975
14887
22555
836
14993
24523
22564
1205
23508
14307
10320
22235
8263
23542
4827
8175
8511
20230
24970
14253
171
14951
16652
3723
2073
1201
8960
6456
9146
12740
22295
7412
12953
1386
5539
3799
15197
167
9233
6446
11182
3259
6203
3853
1820
6181
3100
22447
10276
23830
12551
2587
13557
3623
9238
8634
21664
15471
20867
21853
23840
10824
3147
20912
16562
3057
10504
13591
2643
20242
11823
262
17934
3503
778
7705
20865
6536
3019
7369
3743
5624
24974
3742
13336
1041
4158
19021
18315
22489
24746
16626
12771
19547
13866
14117
6989
23131
11300
9806
7143
8753
22343
11187
22379
9869
21892
4544
10332
22226
18869
12050
18703
18995
8001
20032
24718
10612
18643
4042
23344
15233
19024
21971
17699
19922
18140
7912
7259
17951
21164
10080
18231
10878
12221
18368
16550
21919
2524
22001
14293
14243
15480
3027
23950
2285
14226
3668
3163
17938
3981
21499
21830
7503
9619
5290
17226
21686
9257
17979
7445
374
23848
20734
15593
24290
14883
21666
15298
7690
11470
6572
10283
10013
1490
12322
3779
5398
11828
16801
24146
21275
12732
19774
8118
9950
12851
12382
15425
15627
17575
16344
11374
1199
15761
13226
21445
9571
16882
17053
22966
17087
87
19315
13664
24142
23373
2504
20034
4245
5168
23948
22222
22318
15942
3073
3930
9751
3223
21400
15828
4175
22063
1040
8446
3097
22045
5003
6581
3841
144
23352
22716
1270
10643
13018
2712
13902
16492
16004
17406
2400
18444
9966
15813
14593
11885
9852
928
5456
3086
5701
11601
11579
6082
13793
1891
11552
24021
22439
5690
18664
16980
430
13233
14278
23661
24991
18672
22720
15846
17359
21065
24611
7732
18726
13781
3923
18158
18097
3662
1749
398
12225
4449
21081
7475
4839
9040
19037
9580
2590
12958
1908
13579
24309
12773
6394
17385
23994
21707
15354
24367
2157
18110
14193
9174
23394
7466
20137
11410
8483
7858
14120
19737
14743
1505
14551
6442
22197
4284
6511
11040
22611
14034
17647
17761
10134
9586
24998
12358
8573
4598
2487
298
10238
11884
8371
19953
2074
8651
20213
16283
5537
19129
22392
18449
216
13751
21829
15016
42
345
14670
11286
20848
11282
16771
16465
24331
21411
10976
2944
13374
2136
16207
16229
3255
21391
9623
19438
2620
20901
20538
3408
20436
10197
11419
23645
16862
2314
1787
14930
21968
24235
11671
10835
23186
9892
20548
19826
21886
21480
21281
23049
9386
7353
15552
21103
6744
15260
17888
21386
11162
24996
11267
16176
18471
12495
11999
9578
10156
14292
1790
9214
6162
14379
4911
17871
10930
18870
20476
22326
22989
11038
671
2850
5271
9497
10587
11622
11476
6717
17384
12902
17480
18915
6502
22431
2669
9023
16235
3545
11258
5902
493
16561
9350
1292
21934
23776
17885
14035
24158
16329
23518
7984
19855
14669
18326
19742
16226
21833
9765
1867
3898
11817
18294
6896
14487
6719
23567
17244
17491
13815
8961
21952
13025
4238
2709
14233
12001
19609
8495
4156
1964
24554
18502
24610
19700
21838
20818
17215
591
11720
19287
18887
2609
13955
11558
22216
6263
20250
24096
309
19955
13884
14787
3096
24580
9388
12229
21000
16688
8645
9701
1339
12052
16978
22685
28
6887
22412
23115
7593
4957
2662
21505
11996
22915
5891
24734
5591
1738
10003
24203
15092
6061
18279
11489
5780
16907
19990
17144
835
24870
9504
13779
7482
2028
15852
17743
17840
14051
21018
4401
14550
16275
9468
13176
22895
11557
19134
2333
22144
958
7447
22632
797
6934
21871
10421
22230
21818
12572
4446
618
10024
7947
15064
1901
4634
8850
10190
22478
2466
21048
20303
287
18332
24501
1068
22938
9866
14081
3428
23940
17338
20707
6512
5410
1048
2418
20855
10896
21722
16353
19491
1390
8287
8337
5254
8209
10026
13712
1103
24244
11347
302
21100
16716
22818
2921
19172
3615
1695
9239
10908
24267
2805
7530
6173
6984
416
3881
8899
6785
19400
8014
13733
10995
4498
8603
22728
2125
1077
17606
6586
19217
24211
21863
18865
9678
10438
6447
12884
12119
433
8723
4836
15673
12523
1937
24914
11905
18385
8944
11980
20008
19670
18079
3595
419
9189
19350
6676
8273
7322
19472
2599
7427
15954
2576
24280
3008
21898
17534
23607
12083
22913
19434
18913
20531
22982
14955
4234
15208
17171
20184
22322
527
6289
20353
11537
6627
17650
18623
11110
16488
22719
7113
9445
17464
6806
14607
5025
11058
14900
20346
435
6099
24011
11035
23236
20216
1687
977
8002
23770
19806
7713
1378
1121
234
6142
2997
16018
18750
557
9265
21954
10709
16031
7650
9696
7644
23589
18752
8760
12563
23489
1826
4612
2607
5035
2946
20119
3042
11323
8701
15324
998
452
18088
4333
21302
15253
20967
3702
22162
6522
16634
12237
12193
2478
24564
524
13799
18050
2227
9155
7284
12927
16326
8829
13488
6951
1495
6807
2641
11168
4853
18427
12528
846
8665
22071
24598
4218
20842
1892
5203
12313
6813
4296
20148
17592
22543
3468
4557
13405
6409
10788
21520
3011
1637
11737
4289
19881
20745
21224
7282
17838
12330
13919
17019
556
24216
5382
4261
2490
5664
9596
7169
5872
8382
17588
18456
17220
4453
1765
23664
13550
6509
1105
1983
18005
1540
21577
17785
14844
19899
1127
5885
14908
9624
21677
20253
7007
11966
21763
5421
9537
5114
18150
16723
18753
5572
24260
24234
2841
22102
14629
19928
7901
8098
17937
1754
24145
3168
3680
20328
16627
15256
20753
15578
5941
6507
20444
18577
16468
10761
2435
386
21704
24176
22079
5210
9055
9173
10770
8599
19901
20394
19369
21949
11947
10425
121
7413
22549
7394
3832
5612
19064
8058
10953
16011
441
9694
19807
16700
5008
1823
48
23149
19352
4441
21992
4541
11171
18112
13803
9823
6386
1506
17970
6640
24992
24093
18802
4205
18056
2216
15691
14480
21909
21807
4346
17239
3775
8375
19924
23681
15401
19045
12230
16491
22583
2431
12485
9376
20454
4476
6373
13492
13123
5773
23609
13046
18806
5880
15427
1287
533
657
1602
12189
3572
21037
2419
20139
21094
7337
3701
12992
3149
7928
24565
11207
3375
19420
10064
12725
18557
5658
6020
7980
24745
12585
16513
15738
20739
12293
6619
17061
11639
6116
5662
2168
15000
3946
13206
10261
22579
12487
5950
16376
3139
11974
14239
13469
6992
13466
18489
8381
13326
5097
7310
3028
19644
14344
6685
1601
10319
14047
9606
5437
21616
9902
24324
12512
6889
15534
22047
21107
14436
16670
1424
6091
15069
5061
8471
17129
9984
11600
17179
15715
9045
7764
24262
6430
18935
9290
14992
13177
6953
16537
23781
2866
3261
3806
17994
19519
16460
3109
10527
6993
15419
20113
19662
667
23190
18337
5544
16709
10547
2409
2962
789
12331
7821
9509
10732
6765
5436
15279
21579
22300
12940
23898
2015
7685
24577
24369
6180
19199
20847
1688
8750
9842
