12108
23523
12126
16035
21149
9823
10545
5393
271
4284
21309
86
4939
22096
1766
6085
13372
18308
23879
15687
10855
8460
2761
13613
16489
4923
7937
21341
13217
13330
6687
21845
3698
24418
22673
2650
799
10477
2474
9843
806
23223
4257
3386
24516
14457
3952
17977
18903
23249
23313
9246
10786
4723
12591
21385
22823
18611
17804
14559
3287
11616
5740
10201
14203
5319
16392
19058
20934
16971
661
11845
1750
7813
8953
17865
17217
15384
1928
8541
3426
8348
2616
21546
18982
13274
9022
809
2117
5505
19129
18832
6100
14907
10130
5139
12393
9012
3021
21659
5395
21402
20098
23826
14569
16361
5265
1366
16172
18301
21615
10164
9571
982
8160
11511
1667
10706
24258
3450
3925
305
23142
543
4203
9473
12192
3084
22958
24632
12541
5273
19993
16020
16991
5847
14962
4680
4827
17163
6029
23081
1618
15605
7799
20268
11465
1347
13115
7410
12940
7006
20259
5639
5576
14020
862
18047
21519
15345
9739
13905
15834
5694
11221
10007
23225
3849
840
9976
9544
23035
19283
13074
22735
13696
21104
24387
15230
8593
18384
13706
10055
6133
22004
24549
3153
17902
15460
13154
1472
9863
22617
11011
8296
13336
11763
4528
17593
5325
4327
22511
21410
18463
17797
31
11902
10964
4564
13771
14222
12420
16255
14620
3828
2006
21707
9292
5953
18319
17405
24037
6949
9899
9758
1962
12362
10442
22686
18408
15159
3909
24405
13366
17744
22245
6380
5176
22648
10607
7340
2200
1009
13469
4415
23555
4498
9321
13699
16107
5979
1700
5121
7107
21477
1544
4195
24457
11913
24719
4275
1135
13052
18694
24252
10417
926
15792
7337
6080
8987
23090
4998
19048
19158
12992
23175
21038
16673
805
11601
14986
23953
19475
20334
21713
13283
3374
1054
24855
4951
17417
22409
21449
24593
18426
13037
5877
19556
8084
5878
1305
19612
6210
16658
15262
4035
17920
23637
16464
5982
13356
10962
20668
11246
16822
1752
3073
6716
12529
15013
22892
22041
21843
18610
4149
16819
13062
17219
8229
20935
13349
4934
9674
5327
10754
9522
990
10087
17354
1325
15416
8807
21405
22035
19097
3378
12546
4492
15505
1367
22216
23970
4688
13224
5723
528
7016
21910
23938
8781
21170
1685
1825
20396
12497
16143
19584
9388
14091
21097
17212
23948
17825
7453
21759
19982
12544
3593
15426
5601
11252
7516
6803
17282
23797
6242
13549
22457
402
11174
5188
18276
16247
24295
17292
24030
6018
10539
2553
21812
21761
8513
20848
2732
22527
17265
927
24903
13265
6785
17196
22463
9374
4190
19792
10194
3869
18582
22642
10979
11195
17188
20013
19693
18374
15387
4151
21323
13353
19250
22549
8596
21022
11683
183
10150
18710
4295
1644
3478
19322
10053
119
19233
17073
9248
13256
3137
24531
21000
205
12001
23059
2707
19192
20552
6123
21187
14662
10644
20479
3986
10296
1010
8351
1681
17767
21570
22710
9912
18157
7788
19529
7075
16440
15690
940
19764
23512
22706
16467
12174
11765
21926
6388
24337
3327
13924
5190
22150
4023
7233
15946
4836
2535
4177
12060
22258
19219
15981
5165
1624
12831
8396
8118
2175
2838
12522
11206
17949
15661
3444
22938
9940
10358
11487
3942
17119
17850
12832
19131
4811
17616
19897
24062
23545
1232
24668
18320
6902
15838
938
16102
8465
15216
5275
9315
2968
19104
7683
6511
9643
12945
1958
16186
2073
8036
23469
18775
9252
11693
13326
1451
5215
17522
14360
9567
2365
17170
4080
126
15930
10692
22898
20017
10762
5468
20314
6050
19795
23461
15846
10327
18457
3133
4766
20758
4470
7002
143
7712
4907
8475
9139
7037
14772
16333
14540
16546
17249
21918
494
23534
19390
8191
7563
988
18
4689
24499
10118
24125
173
11119
2122
22292
23421
23976
3712
11179
22937
10465
10050
3443
6317
920
20051
19452
16354
4349
7281
22111
1652
24152
11345
4478
4681
4337
8758
17586
14561
7121
20660
17707
18699
1002
6807
16219
10391
14375
12640
9023
19410
12653
4256
8737
10668
12029
8471
18909
15575
15686
14765
17673
3791
5050
15302
14210
12186
5681
18273
2718
2151
8782
11299
21356
12562
633
20692
23392
11820
4862
8982
17136
2033
6725
17242
19132
15458
9454
15337
23814
24771
23160
18263
17911
6289
13799
10232
6623
3957
14413
18121
14251
3644
17180
2173
13150
6422
3663
8865
2679
13919
14536
23394
18835
21353
1144
12400
12887
21284
424
308
24262
22197
11936
7686
1221
7526
1033
23092
13463
3718
98
16535
24233
16411
1265
21705
2845
17735
23357
10154
23026
737
2142
1792
4241
9618
12921
7061
9373
21231
17021
17323
9945
22654
7375
22314
7213
17122
23204
14235
20042
24538
10893
17639
11697
20867
20589
8711
21056
2084
7606
16360
21950
17816
17932
7262
13975
2673
7575
6386
19418
8123
4217
12084
6142
10235
12073
21398
14970
24568
11928
19521
19454
4127
11720
20746
18945
6674
19016
6570
21630
13908
14499
14658
20131
12632
15604
22075
16
15787
14267
21913
15115
9934
19261
11703
9380
11967
12542
24965
684
11346
4710
4006
7013
20154
11163
18439
16743
16275
9408
11915
23785
19984
12909
14606
6946
5363
24217
8768
24098
24619
6362
21901
11987
21045
12539
9042
6496
4037
15635
1847
8102
11816
19425
18036
6704
5528
14138
13281
23377
12720
17247
14427
5196
1773
22755
10997
18335
10656
13654
18885
17773
17039
11911
10905
22649
12583
21775
9600
8437
20570
7977
2557
2022
9779
9552
1567
14420
15965
17113
22594
9459
12676
20420
9786
19747
15955
21504
6082
6622
15580
2774
10913
804
14597
24711
9427
23907
22370
8323
14161
22392
801
17543
12706
11301
8379
22694
22355
23636
23490
15467
16221
22680
18547
9619
6625
13601
5482
9065
10242
14096
2739
19732
23201
1437
10678
14348
19118
10179
4306
16661
12979
268
20
1782
19575
8297
23476
11220
4559
22986
6736
6516
17863
22007
23018
7781
21899
23224
15068
6677
24657
2087
10873
5230
2041
4623
3252
9747
8634
16875
22266
23827
442
16028
2869
10099
4964
24612
3780
869
8762
6921
880
9005
21444
14760
4461
5345
3647
6281
6309
9466
23159
20919
2092
5034
5314
14570
4081
21579
1483
9687
13226
18690
17076
21083
11000
7245
17085
6211
19411
21217
13752
22922
670
22306
3930
13427
2527
19950
16476
21528
1678
7297
13738
24579
24272
12566
1100
8453
8141
15736
22286
3536
4992
5326
4936
11067
7419
14704
1837
6435
15472
13070
10160
18587
10364
17868
20933
16480
375
1603
24741
12242
18549
3984
9508
5588
3848
14073
9272
10884
1159
19728
16174
1171
13635
1098
24535
7978
20726
15514
10900
18770
21127
9110
24701
15037
2252
7070
7596
20348
19266
2360
10240
705
14868
16481
14655
14782
71
18133
3025
4706
2763
3081
7542
912
10567
19974
8525
4440
3080
17758
10101
17508
11072
18844
24498
7440
19320
5618
10403
10230
14443
22904
22665
3775
9969
16328
20587
9630
16540
19626
13043
24011
24216
12214
8974
8311
8238
270
21915
13852
17031
24299
12872
17753
7743
9414
15054
21456
15027
3860
23120
23936
5550
24245
19891
1983
18201
1675
18561
3505
16130
20511
12684
3795
12361
4479
18239
760
6709
18310
6399
23407
17842
22388
19394
19045
15875
15034
1843
21850
3282
21057
17789
15381
21890
14418
1764
15267
18839
22770
4835
16885
15360
902
4086
17176
18382
1608
18164
1839
46
5296
19820
13339
6260
13136
10968
17871
3447
19997
18638
20518
9488
5442
8849
5788
1170
8255
1967
7120
19186
657
9240
16104
20974
14957
255
19152
13934
4395
3028
2413
3764
776
19436
8949
11442
3263
9887
15827
5217
10925
9000
11647
17185
7856
23396
956
945
18662
22446
19510
7627
24056
24351
21237
5497
2929
8524
5435
21145
23703
15722
10148
9404
15508
4375
13169
480
13387
5048
14594
1819
6669
23611
8493
9908
11702
24652
5667
22440
17293
24134
7829
14650
22520
12028
5871
22487
11073
11435
5008
20441
3507
12648
6811
10795
19938
5636
19503
2574
11043
3457
19951
373
19160
22063
20921
12043
24116
854
6997
1850
8419
6849
7409
12824
1293
15950
7950
10348
10049
27
23513
20517
7422
11422
16923
16657
10458
10892
23594
12257
8588
16491
7018
11590
9291
7857
14125
22597
7103
22037
1805
2976
9563
12724
18122
24130
7909
5848
5331
311
11870
5398
11509
24716
4963
17581
18720
13318
24646
7790
4745
6528
17875
15430
4367
23486
17335
21897
24298
12613
20853
13597
23121
1686
5748
14246
1973
14227
1423
10011
16915
23240
17862
8712
22047
23167
8603
14671
11506
15189
1398
23962
20062
4999
13874
5077
24888
15688
23650
15405
20005
16976
322
22337
379
11323
9451
16463
3297
23699
8032
24752
16500
8056
23573
15168
3302
23274
12771
1605
17546
16094
1633
23284
9533
3328
4914
9951
4075
15239
11925
12779
11652
8190
10763
24591
16633
4424
14306
23558
22066
16346
20674
11591
24409
9734
13014
10213
15352
7318
5889
14482
12507
6888
23921
16105
7125
13267
12000
12556
9877
18284
11685
11929
15943
23939
14996
6533
8300
15960
9242
5724
3310
6748
5469
11308
24124
2165
22842
3246
7401
4494
21588
14444
9885
23068
3064
21182
13923
2317
12312
12595
14281
24981
20861
22242
2290
17235
18540
9002
19776
18412
6192
13662
2123
11557
299
3233
18759
21425
7548
15926
7698
20454
16744
22800
22422
1829
8743
23869
10551
12415
14726
7192
15680
2167
22191
12131
22826
15502
17995
23566
15183
3179
6991
3113
14593
21576
23457
4152
17355
5643
4678
2678
22208
8735
771
24373
24059
19642
10061
17712
18934
13928
24071
14787
18392
8267
10513
7669
2267
19798
4743
13312
13877
10889
12809
5596
53
24760
1964
24052
20666
15849
13955
867
13409
20792
13494
19679
11298
295
1963
12957
16482
19962
14856
19680
6328
1941
11787
2822
15917
16893
5082
9134
3672
7901
5417
15438
8558
3013
6551
18931
17778
20318
18532
8363
24808
11409
14062
7980
17937
5476
526
15755
11133
19614
19387
23363
13263
11421
17951
22340
4820
22888
13765
18806
22963
19998
17564
8933
10901
9614
827
15788
19627
11926
14529
16668
8543
3811
13437
11691
23757
24873
15839
13719
10343
756
8858
24633
4219
10331
15814
19927
21793
15160
14013
5852
8662
20357
5869
10852
2534
8523
10142
13
1985
15963
22344
22192
10711
4436
2654
4304
22674
16391
7413
993
6258
22925
24794
22656
12370
12088
8448
14933
24901
8274
6189
13938
18011
20206
12388
4121
11425
9941
16334
8046
24466
15044
12034
23548
2284
14888
11704
447
15124
1388
23546
2140
7314
19004
13865
3410
19492
20112
15742
5943
3883
7973
13404
22878
9799
14109
24983
10992
22368
1978
23061
19073
17795
1533
17121
15836
24462
14278
3124
23941
19745
6919
2071
14901
24408
18271
16592
10590
20634
13745
20303
4975
8641
9850
23965
23364
5065
15819
12395
8656
14715
16527
12075
15290
13607
23725
24291
24603
1239
5487
4444
12612
12974
24356
6201
325
24592
6120
3888
3843
21695
4737
12830
14023
20895
17692
15780
9150
11827
15187
18363
11938
17096
3227
24665
10027
12523
4355
24305
16738
20826
3882
6019
18188
15192
6089
9017
14834
20929
19138
23595
19301
3235
18331
6541
8315
6148
23230
13697
9008
11217
18796
8319
13622
4637
14524
10261
16958
17415
3537
2469
20514
24105
5737
21515
6759
17783
6733
10768
13991
24091
8829
16369
15389
14855
7929
11007
8879
7289
14971
22401
637
6032
10883
8303
16153
4214
10549
17762
8834
24333
6534
11957
4502
21840
8599
17406
5753
20091
1390
10263
1296
9316
19576
21983
4596
3998
1370
7508
19552
6131
1151
21234
13180
3261
7463
13123
10223
4449
783
16455
6906
8805
7818
18136
18183
8034
23029
23360
15576
4703
19251
17070
1922
14534
3155
12175
1463
20721
19601
21390
9482
10978
2785
4977
9436
22879
14362
22103
19548
24205
14995
2325
2539
6538
11276
1023
19737
13711
16232
1043
2316
18364
22224
21963
6425
12651
15928
18528
17913
22217
4211
12732
10046
14116
14046
6456
8163
11838
797
22231
6838
16709
11681
15658
18420
23368
74
10909
17910
21023
19022
6136
11371
18371
8528
12456
24551
2133
2798
11695
11087
14601
17358
1081
15637
16631
24459
14403
21468
2819
2322
12146
21662
11931
20519
11197
13454
5347
18494
9393
22708
11259
15237
6693
114
10200
10738
18688
6877
15837
15351
5110
16243
23064
12045
14007
1991
12841
9826
8375
23041
24412
5308
9197
10209
1758
188
1536
6773
10914
21328
9437
15281
9384
12937
23747
13646
16505
11518
2936
21506
2992
4508
4529
15749
22394
15322
14118
14099
14003
15264
23338
20816
1971
16961
6398
5432
1826
8557
2728
22260
24290
21629
14694
13687
6179
5967
13402
16766
12473
7635
10001
13620
2885
14950
512
366
2207
12686
2094
20485
13255
24939
7386
24144
22534
3108
23315
9548
24000
20937
10183
11124
9159
16155
11326
5311
21526
20383
12036
4619
19973
13686
9838
13489
2000
14799
3283
5492
16049
10666
22988
16011
16859
2102
3058
11865
16140
14342
406
463
15215
11266
5030
22634
19834
21708
4982
14542
8798
1501
24571
15682
16288
9810
22098
3115
23259
19372
5933
10427
9965
14532
24185
6641
13031
1914
3959
6697
5378
2169
8057
16131
4687
15972
11699
18445
20320
18041
21502
10863
16291
20550
19641
24318
16692
19977
17889
13467
24003
5231
14485
21573
8442
5860
20307
10298
3364
2407
7946
17444
10746
10060
5626
2637
8264
7735
4399
9970
2533
14074
17191
15754
21116
10395
14806
18845
19461
5879
14393
16397
2783
9616
23478
5885
2696
15869
22195
13406
4594
13127
13324
12517
23619
11129
562
1938
352
10410
3188
1957
23409
20385
13392
14884
24386
20086
15032
24360
23730
6083
23622
17764
20539
6239
8960
17711
19163
23460
23602
3954
6091
11640
1649
5902
24694
5024
2139
13764
10195
20219
2835
20604
1944
21657
11069
18025
17112
22651
6653
18674
2353
15354
7492
13138
18680
12849
5287
14740
2246
20567
20564
508
4114
3307
8907
19159
8332
5457
15445
337
16033
18757
22792
12237
24627
10647
2222
8485
5756
5632
8632
8067
7315
16561
7843
15515
15452
23488
3098
12162
9504
22752
1436
12327
21220
5876
15957
6385
3050
870
6787
16795
20175
18472
234
5522
15752
15067
16253
3376
12988
16957
23770
6842
22965
13824
1132
19351
16341
19569
18695
11653
4206
17672
8088
15086
10105
13743
20954
8814
20218
2448
8234
23329
18677
20360
8674
20333
384
5898
6524
1003
13770
1630
5440
23872
9429
7853
9312
13234
4400
15048
5727
10775
9729
11508
23003
2523
24414
13794
18084
10977
2116
7362
24334
5084
16695
14316
23742
6169
19523
3100
16379
2012
9669
6153
5016
5426
7692
4885
8824
2700
9667
19632
5716
11455
4572
18702
3956
9434
23867
546
24840
12867
5557
2486
22196
15439
15667
15847
12929
5956
6621
2212
3615
1491
13830
4007
13795
14619
19355
21335
140
20825
666
16946
16802
17061
1204
6883
3318
18689
11256
11852
5534
15924
5271
10420
20877
5645
17035
1335
6761
11430
7544
22744
1448
14397
19906
6952
13137
3117
9682
1673
8854
24775
14257
23012
2126
14432
8661
18767
4378
9784
5324
9009
2733
2479
7803
13945
8200
2575
9874
16434
17794
1053
9511
19441
17063
2439
22412
10674
5657
2670
19620
4184
14615
24489
3776
12980
9977
17848
19650
20455
22091
10522
15675
6832
21568
14466
15518
7718
15203
22387
5829
6
5023
20813
17371
5450
13257
14637
16427
11478
6059
1643
7612
11525
14137
7852
18366
17719
23802
6839
19380
23845
2096
21030
1948
9025
19649
825
21334
12534
4794
21362
2926
2137
8699
1445
12696
1890
12323
6494
24119
18594
1661
10581
16603
3664
13917
3824
7811
16943
21114
4120
20277
13504
12850
5025
19560
2951
15253
8556
12572
12202
1769
9559
16118
4577
12485
8945
19313
24364
16610
22183
5415
12540
10415
9030
24041
17550
15585
19484
14170
14370
1213
15725
15823
18027
13749
7494
18352
369
6369
9668
23467
2111
18405
9182
4908
1426
18112
10330
20087
5447
18167
17295
24659
13412
12691
2174
7768
24621
765
2960
19367
10910
21816
3147
17149
6229
4369
22531
2293
4372
16076
16403
12474
11633
22323
4457
7004
14287
385
15933
16689
23838
9910
5562
15347
24480
23909
19396
7054
3508
3003
16703
7640
22378
5890
21144
18404
1005
8060
22179
14878
23089
22847
11427
6872
17012
21283
16627
23289
22750
3130
6859
21421
3257
6332
5298
6226
23187
10485
19341
5194
12879
23366
3754
22624
14142
16897
21985
1953
20137
6079
7200
11311
15771
16536
2760
22113
6426
11556
20560
11314
4029
24705
8498
23860
18258
3539
7188
1406
9837
13538
19085
5263
12650
13845
20149
2898
3924
4724
20753
11176
18705
20563
3483
16517
8407
2916
11905
5138
20643
13167
15016
22172
18152
19514
9205
9695
5987
14442
7543
6834
21973
6540
15506
13099
17721
11807
105
9496
17456
15891
3326
18468
19557
23411
11127
1166
8861
6297
5521
10471
20401
6460
8469
180
813
20690
3193
9490
13098
4753
9116
18946
24684
3549
23109
20600
17460
22900
18890
20776
15872
12259
10390
24590
5335
23723
11771
10952
22754
15825
865
9812
14192
12459
881
9633
17808
16918
16357
8893
15651
22299
3127
23899
1666
16209
4310
21106
12530
24969
19080
8863
1917
7739
14318
24172
20234
13754
3937
3650
5697
3958
21531
6973
1000
5210
8668
5768
20521
3968
3245
17037
14126
5041
50
18049
3340
23885
9986
24610
998
14813
7153
11992
4488
21489
16350
8000
2279
12513
23640
18634
14530
20352
7156
24534
18452
6810
3694
6556
17747
13650
22247
24580
8723
23073
3774
18192
14468
2741
15479
20956
23250
6830
14929
9923
4983
7355
20854
24259
12041
17791
21004
8422
5240
19291
9929
8369
4769
5126
11927
13898
21112
9803
25
10274
18196
10684
4427
2930
24937
13804
746
18470
24774
17917
23568
7205
12994
9372
449
3237
16304
16413
24113
23509
20301
1196
3778
19020
5348
4429
18292
22106
9728
6646
13885
9915
17479
23540
2554
1418
10592
2373
2138
19246
5713
9426
4281
13567
12702
8481
2318
12379
20586
4773
9218
24895
3971
18534
22807
16864
13508
11641
7398
1425
6754
1281
13858
16905
13474
4537
9575
288
20523
18980
14171
17884
7716
12844
12346
9481
10258
13041
12184
4373
10544
16366
17411
13525
21139
14289
16237
24168
23975
16789
24926
15763
21325
10389
20197
19788
17538
6769
22960
18069
455
24564
19918
21317
19306
24120
14811
18170
313
1759
3635
3439
18755
21702
787
24497
16827
6011
24764
8406
20368
6358
20187
24615
21601
5213
14039
5431
16009
18933
13596
17831
10219
12411
2477
21250
2615
6916
5816
19282
5800
2778
22307
19401
3612
8024
10832
5857
15608
7104
19696
3741
3621
17549
11017
21972
750
20946
24978
2358
5149
5938
13298
6143
1725
6845
22558
7538
10370
17449
3599
12058
18261
23506
19754
13145
22309
2371
9031
8609
19716
9446
8152
17967
14794
19741
6486
17536
18741
12860
24215
13736
1906
10347
2328
21121
21175
17015
17271
10266
14605
23379
12884
16954
23164
10819
16330
13744
17363
3736
13133
10450
9884
6536
2083
18018
19218
22950
9413
5125
20015
13978
6509
15699
7211
4856
12228
19377
15287
17340
20224
16005
446
16057
16545
22747
20180
23982
6106
5280
21990
5654
20362
18343
2903
716
16127
18728
185
1338
15177
10739
21587
18419
2326
11294
16572
13631
11751
23737
1793
3785
14471
15070
5858
18576
3974
7988
24009
21699
17667
6499
23314
20425
13188
14921
22902
8253
16305
16691
8230
2994
15545
15248
20359
15511
12332
3272
2713
24822
10064
3442
11101
2418
19694
6116
6591
4329
23843
4801
13488
9849
21693
9080
1238
8463
12489
23069
23480
19150
10766
5971
20037
4490
1351
11128
15533
4742
8894
2476
14890
23054
24327
9585
11391
18225
2024
6565
1280
18510
21293
3125
17106
11205
12294
16488
15196
14399
10271
4286
20846
22002
14063
7009
22006
14048
6640
22954
11038
3294
15284
3253
18846
5622
15894
519
2639
1488
16644
18708
12498
17024
17396
14217
9287
3456
17629
22375
6894
11355
10392
16136
14896
15297
7396
24993
10524
16779
11607
1141
5952
3637
5086
1070
2310
12429
4967
16694
16196
21974
11739
19035
17397
153
860
7619
14315
23898
4269
15691
1796
11419
3303
5480
18750
1074
4185
24230
21860
14200
22287
24502
16245
226
565
2769
1482
821
12770
3109
6475
14515
2153
14218
8639
16542
18515
22315
13457
10619
4698
17580
15363
13757
5387
19388
19182
11196
5732
8769
21051
16437
21800
5172
19881
23935
17551
24417
19113
10104
4717
2013
18654
21138
8891
5003
12741
10408
17222
3657
2529
2750
3577
9878
15396
11112
10610
15497
10207
17851
21357
15848
23564
11922
5339
8247
13010
9540
8273
13250
2455
21400
17345
11123
20135
5678
9082
15156
1191
1403
11047
20906
9672
9629
5461
4759
5479
21211
11033
14924
4949
10749
2027
11974
20249
1499
19213
15528
11441
9371
8331
4621
5102
8357
2204
4088
9463
24848
17523
18007
17556
194
5552
350
14106
16837
7753
6833
10519
23458
2626
6071
18460
21585
21885
14735
24110
19470
12180
6934
2121
8628
1513
7090
5051
397
6585
7564
13836
15455
23336
18855
19014
11501
23162
3016
17298
6302
6329
14783
10480
14564
5752
6099
24961
19490
21895
5717
13168
20999
12904
10601
899
4651
11735
1593
5707
7127
14228
18671
19944
3936
12569
22513
21117
572
166
6040
55
4675
24035
8444
18462
18805
303
22641
7592
19823
1930
18132
11862
22633
15120
445
6178
39
767
1109
11538
21746
18360
16705
14517
7214
14845
12455
10862
12767
15366
1584
11562
1898
9362
3678
5900
15639
5500
16989
23463
14036
9051
10778
3114
22133
12359
17314
17716
10371
6000
12843
24674
19445
23774
10987
5486
12924
8998
6489
21782
4962
4810
15385
24495
10898
18503
11524
18541
17081
14613
7568
11132
24022
833
4021
21210
9982
15720
14144
4639
23819
5013
18323
16850
20594
19237
24458
2329
15498
8436
24413
21012
9337
21763
18991
22667
4504
20669
15006
22488
13450
3966
10712
51
20291
5272
6688
13762
11829
14495
8142
13071
85
23721
22843
10248
3407
19249
23325
19733
17175
24393
6075
23127
142
20892
14944
15461
21416
4834
21786
22426
15719
21343
3171
22955
16308
5944
24948
6891
21364
14446
2562
20555
6053
6301
8946
7302
5536
9936
24028
21264
1698
3182
19175
1744
11595
20516
10811
885
12903
20745
21797
11851
11438
22477
19691
11539
14406
12816
668
21395
15707
7493
1866
7272
13649
14051
5337
22944
20500
23957
13958
18649
1577
1158
6132
7484
7778
1494
18043
18373
8306
9121
10166
12206
6744
2811
2550
864
14356
9300
12471
13393
10247
21033
6187
2067
11996
19376
20475
15308
4552
15584
20146
19755
13204
408
10096
7720
18061
24708
11402
12558
8115
11835
6579
12708
15407
16225
40
22360
1728
3749
681
3806
15828
11825
24557
21813
19321
18790
4797
13963
24128
17367
4268
13194
14207
7268
8313
16082
11626
2748
20891
4800
4187
2955
18544
24177
12057
12219
16860
12125
7782
10125
5610
24115
16294
7629
22707
6449
22639
1001
6443
8165
8217
1848
21936
13935
1211
22736
7504
11596
13523
16148
1198
18630
22741
931
5234
15892
17387
24844
9572
18143
7951
7752
19162
5831
22108
9363
3638
11983
2871
23361
18930
2514
1842
15163
11882
21134
6272
9036
9385
11285
9039
19615
12968
590
13980
1306
19000
11997
15330
6912
12985
24796
13684
18483
17637
12672
5221
20655
13394
11357
439
7887
17766
19530
22228
2390
10755
2402
16634
8975
7983
24523
18974
4405
4493
5294
15989
24852
22386
21714
16839
7660
21548
17552
15524
18075
13307
14078
15227
6986
20664
11080
664
21192
14852
20775
13311
24524
11118
11210
17171
23390
3701
15616
18593
949
12900
15876
11035
11582
18550
8350
17389
3743
8435
8700
16927
13173
15225
8219
6051
9468
16495
20679
10361
4254
20073
19702
2711
16568
3763
22636
12818
17395
6241
12578
17681
13493
15127
7411
555
21997
18976
12396
22677
2487
15055
17838
17724
13058
1663
4910
12981
11379
3262
9868
21858
20990
18698
11075
1707
2463
6421
11273
21059
24671
17761
24763
7219
7638
15570
4010
5001
13322
1190
8486
15983
13896
15462
21150
16849
14691
23714
22482
6543
6967
24099
4473
7282
5571
20341
11295
18797
11584
22658
22983
24992
2510
3517
1440
8565
17669
15660
3225
17857
12426
19817
24832
9191
10472
20882
12280
23507
4630
17590
24645
3961
21931
4110
23312
5591
5868
2746
21132
11559
12716
6360
18317
10640
17608
23051
24599
24594
21993
7278
19422
17904
18342
12954
11773
19009
20438
14425
9595
8111
3563
10936
4996
16666
5005
15492
14818
12657
20308
4911
29
13867
3500
16126
11153
2772
20211
13460
22970
611
5688
8504
1646
9730
1727
17700
21558
9211
1441
6076
10059
2309
24199
22830
20815
2406
7814
19248
2005
22749
14236
7106
18964
8402
17160
22005
19682
8866
18568
2509
2159
20987
14705
12559
19960
16645
1874
13075
18566
12622
4201
20356
8006
9873
1234
21198
13487
6045
23425
8533
18464
4990
3107
7960
13085
4174
6164
14261
16593
20544
5793
8832
7838
11227
12317
2002
1298
15572
24533
19541
17246
8122
11146
23278
8820
20981
20167
14832
15985
3220
14189
24187
10462
228
10652
23452
570
19100
4664
13705
18925
3927
768
1350
551
14201
8722
4404
12436
8777
17900
3565
21552
1420
14052
7964
22296
21550
2229
20755
24970
13287
24331
4044
9358
24207
21792
16327
22912
14115
3189
13703
20748
15739
18941
23138
6676
20142
24876
6582
20152
13772
5151
2462
21327
413
19894
8308
1609
16069
2517
20084
13107
1315
24854
8680
16697
6108
23489
224
7193
2308
13647
24439
8718
5780
7641
3681
23373
6692
1668
17806
21415
12733
2417
3878
12293
9180
16204
23114
3387
2977
24240
13554
23015
17666
9644
159
4418
15619
10613
2515
7624
15971
11537
20363
9555
1361
19128
16729
7177
20432
24317
19784
19709
3079
5709
14309
20569
17569
11876
12709
7615
3488
7353
24960
6542
20723
19462
11965
10963
14905
16746
17374
8816
9719
20767
21841
4730
20132
7283
4633
24448
20738
6167
15883
3401
1559
357
12133
4300
1259
3465
1049
5666
15939
4476
1186
14149
23387
8610
8560
3884
24315
7159
14396
21923
24825
13468
1816
23418
1131
17303
22860
7028
21952
16083
18709
35
23113
14633
15920
20640
9953
6437
4200
6882
8131
19281
11873
12842
9078
12376
10244
3699
24963
4560
7295
16120
1301
21689
17997
4571
9520
24067
4816
5910
8153
18508
10286
24260
18298
19032
349
23367
527
2897
2528
6602
18701
8663
3573
3917
16988
778
15597
13782
22213
15948
4045
7987
1163
5886
17251
3864
19302
17077
22082
20983
4886
20097
11631
24384
2875
13398
18215
24343
7889
6419
20048
10388
20323
12800
24471
6844
6599
24121
3671
21077
8877
10564
18104
13017
23057
16521
18551
10221
13982
9787
15777
23302
13231
23009
7237
12210
9816
16996
1980
6755
3545
3977
24415
24550
6682
19692
14973
1333
16801
5577
12264
9551
6960
4634
2017
9762
24714
9782
22672
17664
536
22669
7601
18878
3710
16742
19933
2395
19801
22713
18367
22580
17452
16251
16418
16926
18527
21660
6384
5106
5109
789
4089
19019
14638
6994
5211
978
3238
23516
24182
10514
6535
23807
14578
13871
832
15676
9720
5813
11384
5833
13023
4215
5293
6977
3630
15223
21959
7586
24912
4690
13227
23853
2105
6539
2629
10887
20575
6603
11991
18542
538
7591
18901
7961
4748
10308
18987
22493
18247
15774
682
19415
19370
1093
19270
23824
13434
19030
20469
20176
3669
19942
11822
6789
4191
2032
595
2604
7653
19681
2683
20868
19338
24220
13742
21433
12592
16260
21049
22125
13190
15762
12812
17440
19256
2585
9067
9853
5373
20309
13314
8756
22276
19508
8302
22083
10807
23995
20886
23429
18251
18529
11201
137
16289
1689
19633
10579
22465
19826
10543
1854
587
12198
5983
12177
7334
9257
673
7364
4433
9178
2698
5302
18564
2241
21645
11049
20080
19955
17305
6856
17482
1960
9701
24909
3949
13140
15555
21607
10563
19677
17003
13114
18423
7449
4868
2720
7438
2423
24184
19054
944
9215
23294
1521
7711
19708
2239
10708
9678
11305
16600
16336
23042
6995
11949
17987
8790
23988
10994
8285
10206
16690
5303
780
13777
4806
13981
6880
17892
6175
1434
21917
21867
12341
2572
4238
22268
21602
3172
3498
12892
15224
11071
19108
20095
13207
4042
10635
2227
6347
3462
17591
18094
3755
20430
20470
4164
628
15249
2286
13003
236
24438
17375
3600
19771
16805
17006
19540
9285
22418
16955
1590
19115
11380
21374
12785
8997
10085
1386
6138
9185
469
18656
18883
21243
7369
1882
4236
13805
2723
10186
12059
3360
21487
17434
18499
19796
2294
24577
13818
11262
8520
20759
16716
8399
20020
6581
199
20045
8530
16930
19434
2296
3818
8640
9625
1853
1459
15004
2867
7854
23412
17916
18740
21636
6110
8174
7076
4204
15655
22905
18080
16110
5767
20715
8114
18269
2676
10287
2658
4620
21498
680
5394
13246
751
23011
2485
3405
2378
10217
1863
23118
24886
1454
6983
4979
12947
23609
18350
4663
1526
14276
5590
4511
13591
3320
11731
6797
8810
22537
13272
16652
4312
95
12971
160
18304
20964
6261
11076
15629
1264
15539
20014
23537
6802
10447
1439
9620
23945
2663
10401
13502
15095
1394
7801
17517
10869
7447
23683
24670
13325
12799
123
20507
13578
23062
19509
8709
6492
3006
3616
4224
115
836
1757
23565
11818
17633
22175
11733
7222
12956
19730
2420
10342
9697
13890
2985
14779
8037
24096
8913
11797
13992
13401
9378
17458
23968
1523
11029
1453
5796
24454
14684
18253
1995
19905
11860
3139
16508
14476
8606
12526
1047
7893
21256
6782
12623
16236
12743
7687
19050
3419
16244
24883
23924
21882
2424
7461
16431
2141
6980
10344
7677
19287
23310
1
12693
18676
6205
12262
4298
11116
14682
8828
3870
13482
17944
13446
4459
14976
4280
341
8729
17132
24553
13676
18377
12462
16726
4351
918
21281
9123
17350
19122
8477
24768
9054
13756
14454
6696
5516
23212
18300
7171
11565
15746
16317
11930
4390
11030
12335
2513
14326
2389
24487
9462
19599
4566
18879
20190
13278
18653
12030
19323
5919
23337
23724
2339
12726
2844
7859
11270
622
5405
5385
11837
10865
24722
15288
2642
14546
7906
8119
23893
19420
18548
9477
18385
15138
16086
6048
15246
10004
15935
16816
5004
13940
17148
8108
14721
5075
15912
3693
9232
24229
18189
17267
24447
18521
11553
7569
20212
14742
18748
16871
16959
2181
24178
128
3087
15005
5573
10095
16145
640
15056
20781
2362
9955
8761
15997
8353
5261
19068
24614
21155
1507
24545
5968
2118
22871
5509
21215
12504
18177
21555
10748
18163
21678
14820
8697
22069
12408
14297
2481
9592
12783
16325
15220
8951
24731
13271
16193
6576
24975
8047
13228
7149
3655
1537
9696
16399
10521
19386
17342
571
5020
13253
11015
10772
15990
12896
1745
7467
1037
15723
10830
6162
1672
15573
709
17334
10058
23816
18827
16218
8773
19517
4076
1692
3844
16920
4718
10682
23297
13419
11037
4761
4172
2857
18174
7771
5932
23886
2622
14260
22100
10681
20794
896
15393
24463
6727
22602
21438
21682
7809
18002
19512
11544
5777
15107
1262
12978
24691
12340
15332
8337
17979
7966
2606
13585
3208
16606
14917
10057
22571
24990
10025
6965
1429
17011
16552
14586
11841
6047
22515
5617
16367
3613
7879
1256
4109
452
10275
3341
5741
12213
23693
5810
4326
24078
22284
14402
20945
23711
6718
12765
17649
20458
12883
12352
610
16062
7310
13390
20725
7166
8892
14045
20671
17234
6959
15600
4546
21279
15435
8294
2745
20426
18307
1514
17728
2652
1682
11669
19810
16618
18052
15133
9888
3834
6985
9748
5523
62
18692
22919
20890
13573
18742
18730
1693
5665
4376
1628
14022
20248
405
16704
20562
1762
14899
13428
1268
18896
4233
8837
21164
11214
19738
15910
17701
8902
3412
21407
17820
2986
10537
19435
10790
22161
15072
1743
18469
19139
5499
23759
16034
8950
14678
4305
2338
19272
15907
7359
12516
19555
15906
7296
11995
21557
1827
23934
7522
22856
5485
6215
6573
5060
165
2262
10882
8646
7933
16768
21929
16065
344
7777
24055
12886
23825
2300
22160
17164
12630
2275
16438
7985
18571
16533
162
16970
1677
24038
20369
6277
20930
22692
18799
7713
5304
21780
9146
7421
2836
17433
3950
6404
9642
21151
7322
700
5609
18252
4282
14086
13636
11437
21460
4652
23195
5689
20881
2345
14488
727
18599
17846
21703
21267
17622
12495
16300
11063
1687
16982
19424
7705
814
22365
7994
10721
23576
21836
1157
10595
13952
23173
9848
23656
14031
11463
23477
20553
22371
6318
17182
17349
20628
3799
14577
9311
12055
24004
4832
16685
14526
13903
18589
22806
67
4610
7017
223
8228
21754
16799
17643
7183
23019
65
18306
8203
5443
17364
24791
11629
507
10780
20811
14367
15911
19289
23984
15953
3075
5255
24859
339
2232
22587
16393
14571
7648
19838
3996
13602
21392
16769
8361
4863
4624
15728
8474
17858
20907
3967
22249
9440
1173
10701
17145
9724
20280
7572
16936
21466
2681
24546
14284
7863
14307
19752
7432
21818
9557
1992
9435
15527
2840
24973
1647
12787
4389
8746
12492
12313
22354
22051
15329
10531
17318
5574
20472
13016
2804
19292
11960
9613
13365
12611
10594
24703
11304
317
7984
18764
3902
21970
297
20374
14368
2427
7787
13432
12112
11303
23320
6004
4660
19760
23793
24782
16569
12910
1291
22032
2621
18315
7349
22959
20939
21628
9048
20393
17203
21027
22408
7920
14361
8412
17186
1844
18046
23266
5799
6107
21529
553
11971
17521
23217
12017
20220
5130
20819
2377
22139
8242
7656
7728
18733
278
3886
14213
13505
8161
7072
15172
193
12707
2303
16053
5766
11540
5696
18407
12002
5039
20712
2332
10038
17422
10305
16632
13146
2933
8045
4646
8385
23760
22550
2492
13660
17463
23796
20440
24849
20255
10680
660
2183
4401
23074
13518
9783
13479
2495
14084
8848
1433
21817
20003
21534
10288
2493
23617
19141
16217
20766
17755
18727
7365
5718
2497
9152
7391
3275
21530
3041
5184
10676
4486
23691
11579
992
9417
1116
4333
24866
6447
9864
23715
6780
14886
22351
16460
22801
4662
14494
10124
16869
20490
15765
13379
16647
5789
14001
2104
4641
1013
24064
17765
14595
4092
3765
4541
20195
8691
7105
4543
377
17907
2272
20757
11943
23713
5330
23299
1583
22288
12386
9227
24017
20591
9590
8574
2164
19375
8745
8966
10568
2546
421
2263
4516
14833
13345
8852
16416
7779
13317
4462
16224
2884
1487
7455
12297
2396
21696
23323
14435
6184
15487
1323
16683
19500
12147
7776
24686
12384
11469
16190
20001
22603
20613
1867
13430
5471
3629
841
5257
8139
18107
20435
2849
24618
8443
1094
10505
17414
16677
2708
6304
17241
5166
21126
6972
9390
19144
23174
24766
5078
7505
18316
10937
8283
19913
21727
21315
19932
6963
19385
10502
10043
19089
7098
4221
93
1956
12853
1272
2115
5897
20653
3854
16919
19996
18524
1160
2569
3692
19299
3891
15482
15309
6825
15822
24294
14133
2635
10687
8752
16386
6662
18159
13439
22554
2970
14140
9387
4192
4412
17955
2166
10618
14117
17873
16937
8857
10020
23208
5445
19442
10121
8598
886
12480
2366
14390
13166
24802
7312
1735
17501
16804
9999
8001
9259
7869
10444
688
721
6381
2131
14769
15923
24197
8510
10634
21131
5290
16523
399
7833
15806
23919
11757
18449
19814
5355
17403
12278
387
14339
21509
17776
13528
14993
16924
2636
2460
3597
8170
22499
1918
11363
18718
21842
15534
23615
19890
18329
1979
7733
22067
2234
18437
14749
7180
1755
20743
4677
17704
10456
6074
7229
22112
9217
15741
5323
19859
16503
9021
23543
9506
24781
6515
16831
9869
24261
13081
2665
3628
16722
6772
15603
24660
17952
21494
24769
5569
4971
19746
12999
5818
21731
8470
4615
14948
11290
16496
22625
23746
7942
10705
5797
6174
4341
1496
21825
2595
10205
13385
6224
24721
23262
14310
15346
5214
5452
5867
18928
15234
1815
5972
10580
11282
20681
1223
22866
24157
14589
12156
3703
9331
6871
218
9564
18849
9297
7840
18106
481
11010
4026
588
11650
21271
2091
8775
10829
16773
13124
3875
14452
9846
12479
3159
606
10117
8051
24666
17239
21058
12247
11793
21998
16750
14874
17602
10123
4082
7286
18959
8241
16490
18375
4884
23688
6904
20294
14966
12086
8192
19199
6338
17933
10947
19240
18204
9064
20093
14873
8726
5453
9658
22609
21905
19063
20940
7344
21441
15143
6874
24513
1468
1248
6683
6357
8458
13512
20245
8766
6639
10960
7947
16763
10449
22135
21152
2531
21088
21884
2388
7178
12515
19703
16823
8040
6552
8269
1529
22785
23912
17577
13529
79
14908
19268
20067
23492
16963
7320
16502
14902
3060
17737
20480
17497
6154
20354
6096
16109
14554
11969
4861
21651
13218
242
21736
22226
7155
5241
18519
20039
18913
23928
6790
10090
24399
19201
14160
8608
15371
3509
16128
3048
9962
2632
20551
10876
16468
8143
11370
5864
8518
20995
788
15996
16471
15457
9952
4731
1464
24301
18962
23034
24326
5736
6628
5978
24070
24267
5116
7417
21532
11661
5364
17732
748
22038
21565
24432
7764
12631
18493
21846
17630
10831
13405
21292
10623
4348
7113
4350
15775
22608
8627
18324
24733
329
4099
21976
22699
19455
13915
3161
14711
669
20060
24467
24828
6068
10534
11981
8754
1162
12168
6828
18489
20299
13047
16649
19916
6548
17332
11656
6760
4647
6742
18641
7400
12079
5495
22241
20287
16486
14163
19153
4942
347
1665
10552
5274
23947
12510
1422
24747
14487
2959
6220
16461
3101
9617
7223
19309
929
2134
5541
23634
13030
11367
7040
11257
4573
4568
8425
23880
24434
12792
10574
23563
15097
13547
18103
13386
3758
1140
16995
22997
18245
12301
6428
3339
9145
9167
23633
21191
14528
15244
7430
18631
3338
1932
11470
13652
19546
14959
9985
23681
21539
17447
4441
20463
15324
13333
17698
1596
15074
18655
20076
15201
3206
22163
14191
7882
13640
11945
24179
5842
15973
13220
1569
22546
2110
9526
4069
2302
9650
10426
7248
18095
18424
8670
24805
13332
21859
4176
10137
23241
10726
7545
6017
7902
9086
371
8127
10399
20638
18572
7532
4137
3015
807
24793
460
4064
5720
12137
10976
5532
24043
6373
17866
21658
13779
8068
856
3249
21717
5614
3815
18026
20828
4758
5985
8440
24662
14226
21904
8566
13683
24118
13351
23585
14807
22688
24683
22812
393
2756
7154
22140
11940
24675
13803
24232
20639
23665
18372
7794
12670
2530
6895
6446
3236
7299
18831
7844
21941
4599
20665
630
13125
14087
20697
12823
16297
14416
6150
7965
2375
18176
13968
225
10700
14146
21769
24785
7540
22450
20422
15402
18726
179
8940
14011
16042
592
15242
17264
20489
12354
10954
2848
20257
23613
20576
17610
16166
9926
4141
10466
15896
10500
5755
5312
22031
12160
20192
24573
14991
1961
14172
11842
9130
8135
1297
19757
8391
9341
8675
9980
6821
9632
11115
9058
16499
15041
4928
7618
17498
4900
17922
17835
24818
24158
23787
16382
650
999
11572
8148
10857
13302
21854
11451
21377
10498
20994
13162
21582
11724
5883
9184
18738
21942
14647
5564
75
4290
8268
6233
5322
8988
22273
16113
24247
19460
11611
3576
10820
7986
21686
24159
4169
21675
8937
21925
9163
3756
6700
2704
5300
18153
22514
13009
15087
12643
6014
14237
23388
13645
5519
11403
135
12697
593
18022
11460
4079
17496
9665
12269
2100
21482
18652
18988
3251
1869
5906
3031
1774
24135
17
9014
11804
16119
22462
16908
7805
13104
12105
20706
2578
15031
1194
16477
12898
9587
7190
19664
24755
941
10167
19707
20996
14939
24699
17331
23917
2350
1860
2843
4628
11657
4878
15689
7042
7451
19731
18362
23475
16669
24140
436
2224
22184
4929
5131
8162
5301
16892
23343
13350
17870
5344
23007
4881
3564
21821
19946
3856
7793
22714
2218
10928
15858
7399
3792
12606
4838
19136
6514
13068
24567
3008
3270
5807
21003
5733
5913
2693
24745
699
24500
11229
17275
15150
10932
15679
20047
15119
3852
16458
92
21928
13859
16975
16890
7062
24072
21303
1927
8701
11789
9527
7702
21223
2684
22431
23352
17845
5021
20852
3256
2061
13920
5289
13791
891
5321
24164
10146
24979
6057
9881
4656
12778
16039
12056
14185
9109
22373
9402
9024
8015
21174
2202
11790
13977
18970
12514
1903
24278
7050
1051
6433
17492
20773
23748
3141
14754
9403
8765
18984
5914
18087
8173
7356
227
23280
17001
22165
10329
24248
4521
8424
20434
5711
12243
2068
10407
12226
24228
14748
13941
11638
7555
16622
17286
14501
12791
20980
22055
3614
21664
4134
19348
16950
3708
15079
9584
22858
20749
18543
13666
354
3830
24800
22837
22107
9670
19990
4930
11979
5225
8017
8405
6513
11811
22809
2618
18947
9289
9871
516
23685
13096
16376
203
21773
21349
1237
12674
15995
10473
3352
7647
13051
12628
7437
6391
6157
17515
21668
14363
9056
23481
17529
7583
12248
19659
2825
15446
2647
1803
20505
24452
4243
17809
12911
22170
2839
14208
4272
11737
15536
20010
15560
1083
9203
12637
4142
7403
20506
18032
4778
21050
13327
4209
1892
21002
2319
22302
23542
14166
12493
16030
13741
6864
21758
757
14379
21107
22569
9735
19914
13084
1215
19075
22619
9966
7955
18672
5256
4644
14346
3805
15259
8797
7800
16402
21041
4011
1212
18732
15171
22607
5244
4374
18899
22664
4338
23309
15245
15632
21475
8823
2037
5975
6664
23627
21287
4138
21316
2990
13626
12975
20379
15643
19257
4909
15103
19116
14931
23865
18071
9539
10630
16453
6529
20717
277
18736
2085
960
20806
1477
16265
3734
21537
16754
22909
16907
7024
11053
11864
1871
6699
12966
4704
251
18810
21158
2803
5338
20614
22598
9119
12290
443
15142
5579
13918
8464
22322
3590
887
11503
2518
16855
14592
209
7474
16112
16286
1110
3413
9609
4925
2368
10382
770
434
8150
17279
14938
19029
20805
21074
10178
14173
22984
23115
19374
12675
20203
6525
21878
24583
5421
4170
12717
14465
10256
22951
11381
20373
7979
8069
7734
10911
6984
24811
4096
16375
16872
18949
3322
11235
20782
23022
9610
9277
9193
14648
6115
9582
12878
10851
1391
15167
23287
18105
5123
18238
924
7745
2989
24555
18830
8648
20159
15367
5202
23344
21034
19135
8562
7126
18311
17573
9911
14881
15038
18927
20533
15501
6092
22434
11434
11258
21880
13986
2979
2950
14778
14028
6939
435
21252
2850
20893
1518
3812
19400
7143
18635
18538
13833
18784
18916
3424
14181
9249
14960
16202
15008
23052
24287
417
8388
23822
19863
3962
10479
13211
19423
4464
8028
15859
7169
13079
1289
3399
15320
12191
20859
6209
13418
2216
11457
201
4851
9400
8695
24307
22977
2511
8955
18355
7443
18465
22584
1413
21862
23679
473
16014
12797
19819
20709
11769
15692
3581
18807
4631
11458
7722
7941
7885
18421
3336
9376
6432
6498
4346
18683
3440
23399
10120
16630
2705
15650
15478
129
20957
16682
7637
22011
22416
12754
6561
13001
16601
16459
14801
3110
5743
5675
16337
22815
8010
14327
15546
4954
16404
2276
6269
20688
19366
12848
21642
11687
16044
17029
16792
563
627
14209
9225
16525
20023
1788
3431
4402
12372
13633
7908
2740
19598
5388
18237
19831
20246
3146
20079
14354
22979
14712
12013
24562
4388
24264
15296
17140
23775
5915
7562
16003
6766
10894
7172
17679
11577
14380
20742
22666
21823
24732
20652
13668
13555
13793
15186
16643
12936
23464
23862
13642
275
9594
2305
4895
14862
22629
19015
20253
8207
7379
6125
14325
8198
21752
16048
1783
21692
4649
3702
15886
21102
6081
175
20829
1179
9377
17025
20608
17867
12790
17560
12949
14703
3411
5986
15783
9330
6223
3729
13997
2030
7319
3946
9264
20812
16147
12547
5619
2737
7191
10990
1475
22887
13893
653
6002
17421
9597
16881
20229
8411
17663
20546
18302
3070
16050
2766
20836
3458
16199
10000
19860
4697
22697
5524
16787
20140
23519
5656
19638
10379
3223
12052
14817
12047
8676
15117
14
9416
9307
9721
11159
23445
22318
9455
17337
15711
13476
22941
9207
15413
15705
14676
3944
17982
13802
3089
6593
20267
4396
1150
9607
5081
2136
6073
21322
16796
2631
15137
8644
16345
19194
11806
17705
12012
24014
22048
19875
14514
12784
22737
24196
3074
18893
12021
3372
18817
19813
17260
8095
19369
22953
16087
14285
8321
9773
21571
22000
3385
22701
20884
3148
20986
14448
3196
834
1421
6307
12239
24974
9267
21948
22254
1456
24496
24472
954
18060
1934
2911
4232
22763
13993
21067
17074
8097
18870
5173
13930
5488
925
3285
1952
12821
16654
6077
19140
16132
16555
1566
901
9537
1622
18745
1886
18826
19042
10633
13720
2228
598
7839
13943
1982
13714
14176
16810
18758
5597
12218
6627
12598
10315
3866
24525
22449
3717
7573
15114
7626
11009
9083
12102
15579
16229
14239
22395
4381
8286
17685
6619
21770
19127
15758
17782
17566
2342
8478
18942
10586
18813
18786
23075
8027
12695
14883
634
7552
22424
11222
4322
12922
24788
12500
13191
15050
22034
3383
19809
5854
23739
18780
13841
2797
8318
9142
7176
13343
19483
17769
24100
16080
20531
11484
23067
16528
196
6632
9615
5739
4073
1309
19999
19033
24812
5310
15195
23341
24520
2943
1337
7132
12303
12749
9946
20823
4789
6359
4360
2566
5940
4666
23692
24355
19499
4906
10908
8871
3298
1275
18679
3464
21620
18880
12560
4115
23045
6865
2818
1340
1175
1414
5036
18626
8096
22466
9047
21130
7714
21507
12550
15772
16339
18274
10716
22350
12745
1106
3106
6409
7873
6129
22581
3707
2889
11309
13869
12593
9718
13962
9648
20072
15314
10722
131
1996
10435
318
15488
1119
24353
10782
7995
22173
20548
22146
6466
22931
11923
15826
17127
22117
7634
3484
946
6710
13594
3020
2792
23997
5073
18811
2973
14352
23660
14614
24054
22788
18214
6166
381
7231
10557
23182
48
23354
3116
6675
18330
23977
12005
1834
5057
24601
3001
2902
18458
6649
15291
13371
13546
11888
7481
24938
13358
4518
11316
1205
11061
19337
19180
4225
17829
1495
21687
21611
6216
3994
15252
