23520
15456
10901
21286
21338
13616
20897
9807
17346
1131
13872
16227
24151
15544
16109
12437
19341
129
572
21958
22849
16283
21828
16618
6229
3270
9956
16974
8239
15884
13220
4830
10368
14478
11300
14289
15305
12945
16796
10795
23542
9296
13317
18584
11260
2711
3665
22182
23628
9822
7596
2720
2973
23588
21902
5616
13046
18785
7068
22676
22513
3498
10969
1666
10033
17655
20512
20593
17689
3266
16638
10835
20251
15670
363
23163
4233
6510
897
15902
7914
6360
12988
1208
10985
16831
7835
2511
16632
19300
23421
5385
3668
2108
21029
4973
15388
24196
23943
11413
9318
481
16874
12377
5435
24475
2115
22241
16468
9173
1141
10236
5834
21868
13822
21242
10518
15996
21922
15103
24485
7641
24141
22360
5313
22464
475
15205
14224
6072
17356
12495
23116
17564
9044
6587
13686
11657
22443
13347
8514
11734
20055
22814
24687
20430
21249
8301
13235
23807
153
20008
12291
18536
21504
11076
4298
12600
190
23455
4776
1485
13841
10731
11561
12547
14807
1813
20672
22610
18687
4243
6037
13765
12784
11670
7051
19012
4934
10041
4450
448
8811
17169
3824
13584
3278
7235
12193
18359
20411
10812
24410
14978
21980
7750
19547
24171
4327
23380
15407
20691
19615
11697
13098
16778
12700
17080
6758
12487
19439
11746
20846
21204
12435
19815
13995
2176
8691
9539
13011
19563
21606
8000
9126
2367
17571
3443
23679
20187
23778
9674
408
13596
4004
3361
11544
20303
7721
8981
13023
21456
10777
3166
16664
8775
22668
901
2391
24396
18364
22214
18394
14055
10009
16529
12094
14975
21067
23206
13961
3961
19359
16728
14086
6096
21805
17421
12894
13026
20661
13840
19361
23353
14742
20558
2864
18079
22392
11506
22302
19259
10857
20750
19414
24970
17239
20180
8087
23393
4737
12294
19400
2835
5273
24750
12325
1940
5950
16936
2654
1569
22981
6794
13593
22199
21955
3949
24426
17314
18270
9589
2741
14656
6147
795
1234
19738
5020
14450
15589
18466
5697
17906
15910
16956
4094
24543
23038
24648
8656
2471
8796
19896
3218
24767
9299
21717
21719
13757
24018
20705
10924
5312
21975
21470
16826
19969
11886
11815
6339
866
7666
20015
680
18503
16505
12275
19128
5448
698
11674
20959
8375
15631
11238
22903
3104
16764
20973
17608
22136
7082
19957
19690
21591
24707
14610
13586
7726
15607
12326
4022
5097
12117
20018
19109
8341
1424
21579
8564
21765
854
11034
5423
5739
4421
12570
14572
7799
9130
6665
5136
3038
24777
21938
13569
8195
10299
3041
13210
20060
13150
15333
639
19829
18324
23242
9617
16888
21479
9689
18529
23331
14976
16859
16460
3003
15220
3313
15717
3567
12345
21303
8135
12681
18724
21197
5386
17181
8578
1711
11750
21433
17843
3867
10792
13945
24646
1807
5939
12355
8181
14843
11309
19433
22690
18912
15043
23839
20305
14273
17856
22200
22975
6746
1718
8701
1602
11301
16719
14890
2697
16068
869
8293
11134
8236
889
1510
17319
11608
8546
9658
16654
19806
10042
7491
17975
4956
8133
4477
20660
12904
5655
12959
8682
24801
15598
4288
11087
24047
17645
16704
5977
16691
2447
11458
16810
18552
15553
5267
1265
12004
20557
16466
14593
10386
16044
9150
5125
19515
7735
16030
10977
23921
13867
13492
21115
13158
21628
1389
24760
22645
22930
14659
13066
23691
1649
832
3672
24400
2490
21615
3910
17632
1043
14713
19542
16533
13281
15155
9082
14864
5993
11444
2132
21020
12654
951
23967
17333
19112
3551
20368
20464
23374
3450
9998
18331
17295
2051
10936
8098
22027
5351
678
18055
4625
13193
12000
6361
10553
8862
18005
19078
6275
16024
868
18451
2670
7807
16515
18026
11455
21581
21392
17901
2355
8901
15836
1093
6798
23938
22631
19619
4912
624
17254
22337
18217
18812
7686
15854
801
18275
17831
17682
14591
23012
11745
14806
18219
24200
13204
7438
114
6133
15424
22413
1722
12969
159
388
7246
1923
15593
22895
17914
17916
22343
16905
18727
4056
2331
3749
19247
17020
14360
3219
5344
8807
9475
4770
19083
3724
23459
9782
110
6515
18280
12115
10240
12686
19893
21989
5680
15512
12553
16706
5284
5473
15065
11596
3509
15226
22963
3584
18922
12874
23765
6709
17704
20133
11862
23575
3467
13871
6013
11767
20480
1468
20473
16620
10744
24096
14753
21222
4918
7085
20134
22437
2693
23656
5430
3185
16852
6454
12451
17642
5039
4340
2609
185
18049
14042
3140
13436
21795
18515
11353
4659
4457
19190
8808
1742
15206
4698
2788
15439
21085
3480
22013
4696
15038
4439
12625
9213
5966
4771
12549
24372
6863
16939
7521
18037
10262
21381
12071
10201
180
21468
22073
18338
6765
12241
19453
11687
5487
10928
11534
3401
23526
20250
3084
4791
10105
24035
8298
12811
16925
3855
16894
15118
18406
6538
8961
11818
22507
4012
9809
250
10637
24725
7215
12596
19389
21650
12507
5053
14991
4609
20386
19430
9970
21308
17605
13437
5073
21747
5098
7650
9844
15958
15026
3733
6674
16686
4496
2653
10534
2246
11656
4009
3025
9076
6739
4732
9865
13131
11946
20101
7295
6048
7522
2968
24178
16229
15592
5126
23556
7720
9511
19289
4923
1820
1802
21051
3247
3741
10931
1922
8074
12634
15363
17803
1848
21199
2704
22339
7157
5434
6127
12724
19897
7116
10003
18108
22974
5389
12243
9379
8233
4290
2953
16797
24450
20692
16419
10531
12129
20865
4749
15463
24523
20114
19557
18025
6876
137
11276
4920
20435
19051
4158
18605
11371
11945
1248
12689
13603
22773
8523
626
6810
23014
13126
8954
17787
11182
9035
587
18374
24207
3167
9965
22154
20161
9543
8858
21345
19381
2237
21412
11149
10357
15638
8073
23137
20985
2543
11903
3201
23869
10741
18207
15015
12147
11378
22912
9544
6635
8896
11990
3438
4747
8857
23080
16198
6430
219
62
19813
9924
8331
8313
15606
16556
13939
1062
8600
18192
24366
15819
17409
14988
20573
4647
18759
2435
14254
11190
16406
16114
7242
9823
17509
2716
19169
11360
933
17140
18072
7468
3264
20643
4350
9973
6315
10715
18494
6400
19135
14516
23294
24996
4602
9047
18735
16592
3261
9247
6237
23400
358
18024
12013
3030
22648
16277
20383
23136
3134
21255
51
23209
21849
17462
15268
9040
3745
6788
10046
2827
20116
11966
13359
5649
15442
4241
7756
3561
7372
8246
808
8143
6779
19303
11012
8057
17351
13923
7033
12248
7036
9708
13032
6716
1205
2336
15490
11517
12873
5992
3398
8665
3039
5968
10805
22789
19380
9022
2870
14688
12324
10711
12163
22454
23496
18113
8061
22308
6920
17041
7208
21786
17406
16913
18152
7896
5548
130
5222
8251
8369
564
15272
18670
24164
16549
13197
11215
20184
2642
14984
14944
5134
23630
7268
11433
12457
12195
647
11652
17279
1816
5280
5893
23381
14756
8697
17183
10880
20620
1080
8407
10577
11850
220
24635
4291
7965
24772
20960
9815
6572
8903
3091
21349
9143
3100
12255
14286
8053
9388
17152
6947
5240
2339
201
24969
3148
4758
4353
22240
14222
1291
23125
1838
21053
8820
22558
17582
3073
7199
15357
12393
10356
20259
13451
16206
787
7773
7713
667
9600
1875
5215
22236
2401
24117
21714
4096
12283
6725
6640
16455
15723
11554
10907
12620
7855
3494
7639
19997
22536
15194
17621
5589
5096
4348
22774
7947
12828
9719
21656
19285
9140
3208
19167
7263
24978
1021
3262
10902
5061
13775
20795
1743
20410
13517
416
5944
12285
10204
22444
16689
9228
5043
1896
19594
15346
13560
14490
2421
20304
5182
4740
13276
23896
20264
12132
21415
18607
7326
20328
21817
3732
21373
1284
21816
596
22998
22553
13496
10374
20847
15834
15933
23724
7325
14402
4742
20052
14524
2424
20764
18019
8765
14970
5898
11499
3752
6641
15728
13041
23300
22310
2830
7435
22978
2114
17932
24982
1311
9019
21261
12474
2778
19872
8166
17518
22899
19703
438
8985
11834
14892
12718
8472
9902
18304
24853
4029
2055
11098
8417
1241
18745
1056
17537
10702
13513
12695
3322
1099
14804
16717
18706
16910
11383
13475
19856
22887
12514
6408
16063
10261
13007
19487
10155
19618
7938
11680
8458
6379
20491
1005
12063
8101
17419
10393
19277
9562
20496
23774
5229
11883
857
4757
13322
19263
9751
3312
6611
2060
891
16279
867
3592
8347
7316
10606
14341
16441
5059
10975
9598
15274
24869
809
23983
11274
16775
4398
12044
21198
2624
10683
2252
8412
7210
5479
13344
22565
4395
7910
24442
24814
17029
19757
22031
7609
4573
17886
11817
9650
16146
17700
376
3803
5463
2616
6119
7885
16819
4997
3896
10328
9955
9839
23051
16368
22896
15460
20508
22476
6065
18015
11489
20856
22305
18855
2681
22557
14897
4566
14070
18512
11632
17176
2853
24359
12454
21494
22542
15752
24566
8225
10762
24712
13537
21790
17733
18656
20062
18878
13624
24357
15372
7731
5861
24746
849
22841
4105
23075
13761
14118
2188
6481
2302
357
23563
11255
19711
4671
5527
17723
8561
1568
3348
23155
13487
5452
11905
7447
6473
21531
19747
14301
17697
23594
4825
23347
11225
15883
5162
19691
4050
356
7516
5647
3340
3358
14034
23923
1554
22617
7000
2795
5580
14232
22289
17966
13175
12819
9099
20632
12342
16477
12520
2381
13040
1677
16976
2554
16568
13029
18333
7072
3357
7209
1937
7980
19238
705
11115
11979
23515
9792
4860
5515
350
19888
9188
10941
16281
3350
10196
20395
7230
15426
20343
13174
3796
20905
20256
478
11424
8521
13700
9053
21949
142
15280
12537
19058
19218
16683
21187
21151
1525
18291
3108
21463
20881
4700
15887
16873
21099
21268
14284
12756
3596
423
18443
22363
6799
23982
6704
7385
997
12552
11068
9121
4579
4209
12661
17758
13707
2548
21582
19853
15482
1727
5563
20693
19783
1907
5754
16245
2936
11922
24350
24161
23782
4902
8615
17525
15382
7854
18101
7233
2837
16235
4510
10019
14325
12414
17749
14924
20219
17205
4174
23407
21827
1608
11689
17957
13919
3403
10663
16080
13229
10716
5009
24380
3436
5785
15348
11582
3314
5722
2457
3693
15371
15946
11394
19667
24664
15064
16534
4424
5829
4633
15428
13145
15096
526
19982
24959
16128
4945
11032
1735
12084
18924
8310
17779
3907
2768
22857
24858
20450
23244
17988
23914
7742
14821
16837
8629
19517
14985
4648
16091
21146
5984
19942
10300
7306
14948
210
12332
6767
6340
11743
13572
17155
10612
9321
1244
6900
6762
11325
8505
7119
23963
1623
4542
12809
3555
2335
4713
5729
17945
9074
6918
24659
8350
404
10234
22884
12113
18271
9913
23669
22791
16942
10257
17896
1039
19685
23047
20528
720
17667
12308
19769
117
24030
10394
7935
1860
20402
2894
4436
17598
24991
15445
24208
5504
10414
15759
18794
18541
13831
22499
5581
17044
17060
7964
7228
1756
18707
4027
20092
19056
10154
9443
24522
13937
15449
14155
4883
7310
19139
15630
6316
22544
2562
21641
23742
9028
18620
22771
3880
3008
14300
11354
17593
9403
23011
17686
11967
13552
11000
18432
18789
15715
17270
19478
2124
4150
11911
21730
13530
12450
15171
11005
14147
18877
12373
19995
5499
23737
14514
9584
6240
20559
3472
6818
20569
4782
2578
13863
17744
7358
7262
5766
9840
8069
8573
24502
24736
2362
6012
2036
11007
6208
16490
7591
13911
13908
13636
2414
3022
10295
22250
4390
14218
1833
11197
24075
8256
13012
23001
16202
18822
19485
5903
20768
18060
6753
18948
10973
14815
1609
12567
20792
14391
17575
22297
3150
658
7791
20025
24510
23060
19518
9767
7411
7461
1142
17132
11825
5576
15214
2097
5397
2292
9963
19467
9878
23411
21842
14725
21227
11901
23822
6318
14129
7010
18954
8345
16909
21940
4681
19355
6418
13295
13786
2610
3475
10302
989
14887
23460
5124
23645
22777
7354
23661
21281
18760
1972
23470
23610
2434
24971
10794
24139
24733
2211
10253
15907
24038
60
1567
19624
7675
5838
12269
5928
1132
2422
9170
2931
9866
5077
11356
12891
7165
6448
11073
6570
18965
19192
4011
8859
1955
13927
14007
3295
5793
13669
18168
7237
5807
18056
14166
22311
5714
20396
9962
8963
5664
24500
13093
7912
652
20889
8274
999
11906
23790
21148
10099
17194
18830
15722
4379
20794
15199
14292
9399
8388
19591
11785
22268
4112
13954
13508
13369
2700
7630
6608
3362
20845
7749
3597
15817
20199
12711
17778
18744
10710
1353
3377
24043
556
10717
16268
20848
15560
14123
5560
23474
22588
11619
7616
4914
5429
8703
11348
548
9785
1483
16727
18700
11742
24623
16843
14306
19197
16418
15667
22312
18295
13399
2239
6766
982
19656
19991
8588
688
4933
18163
6927
23544
24846
18354
5740
14665
2093
11082
17587
9686
4234
19812
1420
6711
6884
20355
4666
5738
5578
18387
12363
1233
21024
12242
4718
874
4935
23524
16005
23154
1044
15167
20315
12340
2356
3367
24386
6205
2961
6954
8530
24130
5656
15613
5546
24167
11234
16076
2144
19250
22872
22794
17322
8264
11407
4849
11294
1814
24420
17383
4218
18422
1343
13916
10742
21083
9725
1957
24140
4901
13127
21832
5100
3634
16718
7564
7649
12003
14033
7088
21190
13300
22121
21295
5786
7001
3921
20203
20321
7945
12862
12723
16746
10587
1562
11177
10291
23939
1839
10972
16537
4724
3711
20449
8027
17178
5080
13016
9316
21532
17064
20760
11741
19308
14290
21631
1700
21214
2940
22130
5150
19850
13532
4095
8695
5955
19669
10769
5582
19171
10914
13936
23718
16058
2989
23207
24586
13198
22713
1273
5117
2327
15994
18663
6022
19524
13699
21235
12260
7993
20878
2486
22695
14103
11063
21397
11546
8872
9408
13680
3977
18666
23776
15612
10190
15166
15068
22472
24804
7014
17371
17790
15773
13568
3249
4764
16631
18906
18614
4691
14228
24250
24569
24900
21843
282
13674
10687
22897
19538
24342
7975
6530
14836
4145
23363
10554
14477
10245
10412
5464
13409
10330
18266
12432
1921
13368
23643
13304
907
16932
20790
4346
14328
20109
16670
19047
22967
4803
12588
23507
24652
20835
24641
7840
7586
14929
12758
14334
9975
13906
20754
2446
19160
20961
10248
22792
19651
24174
24447
17999
8782
18635
9640
12057
23256
4534
3144
9230
434
22636
22469
24434
7170
3302
7234
17095
1406
11642
11889
19110
20425
6278
11441
15391
12154
1498
861
22559
2737
10026
5678
7525
8093
15102
17277
17200
1465
20602
21476
7052
5844
4131
20937
17376
18012
3342
12704
6470
17517
6783
6289
10113
20908
21382
22989
8507
4113
16570
4983
9633
19537
14196
8043
10935
13913
16115
20313
16220
16787
16443
2531
2789
14032
8698
19189
4548
12133
19329
11590
11720
18030
20214
4799
16622
19087
12010
18286
24222
5542
11369
11011
18273
24682
4685
18944
13997
14374
24899
22664
12236
13821
16239
10757
18496
24938
17876
21542
16045
9157
24315
21567
21052
7465
19231
4503
22193
11549
23530
23034
13978
17012
5827
11552
18751
10875
17915
11468
23030
1164
12863
21288
18510
1638
14215
5211
15983
17361
3647
23476
16981
5155
4509
6064
15891
17933
20232
4793
19889
14528
7297
7015
9803
20066
15303
21780
8804
21570
14271
21791
18998
20258
5017
15675
15089
5375
7981
4206
18397
8157
19503
13720
8036
14926
3955
4781
14573
6998
16678
18578
21223
20124
10085
18393
18455
12848
23872
22806
20336
5213
5957
14676
19296
11295
675
12468
3936
21653
748
14540
6778
11361
7475
21058
3671
24595
3277
4921
10424
8342
192
18181
15497
7777
21102
22492
1051
14115
5207
23662
20205
10861
15851
14101
12366
8238
13691
19129
15292
11513
2501
18925
15870
3125
8337
2920
11247
17883
3153
6658
9848
16565
22482
7305
21710
10056
4582
14849
14001
14503
17466
23238
1648
16734
16032
5173
19571
14140
23010
6247
24636
10778
9871
23827
16094
5366
22235
1163
2886
2959
15063
19959
7303
11730
3060
17817
4308
14310
1254
18327
13515
23577
8639
23219
3777
21594
14083
1800
22176
8114
24318
16601
23717
234
9342
4176
20791
7877
21952
8446
15250
16960
7370
3715
2614
18984
20934
8993
16408
7340
22378
15876
7647
22681
6756
7970
21185
729
9635
22694
15997
9982
3372
15186
11355
18023
1451
13269
4132
11566
19582
12359
16583
12218
7406
10548
10021
15636
18858
20165
21352
23343
22094
22158
11646
18905
6331
11052
4636
12599
7049
15090
3001
1016
19697
189
9638
22157
5747
10486
1491
23671
15780
11203
6204
5850
1355
24412
11099
18980
19412
16205
23293
13417
1286
7206
23954
20867
602
24585
7038
24964
15468
23147
10259
22212
6577
22301
11717
16012
770
5201
17674
16433
17100
696
955
5828
11422
12049
13550
23466
12199
17532
22591
4611
4419
13329
1749
10454
744
22095
23024
11970
11281
16510
20911
4727
4318
19817
19246
13137
444
1991
6050
12797
21229
2540
24299
17849
633
24460
13815
704
19498
6041
22475
7899
12510
2407
19860
245
4182
16339
15294
140
3173
16891
16427
5826
9758
21203
3079
11728
2072
3843
24385
1263
14637
24441
12519
9631
4539
2014
17336
13843
9697
21289
20001
13538
8926
23399
3425
24671
15918
7177
12413
24886
17879
15349
9754
5052
21807
10852
5253
6280
17087
2917
9227
11272
17358
14995
22737
21515
8708
22247
13656
8488
11372
4100
18616
3682
2317
13873
22881
21378
6645
12445
19532
4274
14538
10566
14917
23101
16557
2783
9530
1402
4835
10603
11426
6754
7152
22340
20317
17018
13247
14486
2368
7967
21440
5228
3427
15917
24203
10802
24613
3510
19607
5328
41
8048
7652
19699
11577
14518
21811
3462
24387
7178
7707
22480
22462
22623
7506
12587
15477
8595
9176
10049
15547
6740
10932
21569
9089
8284
21000
13959
11841
9545
18849
7712
19063
1594
23346
24102
12203
19492
22932
7751
4430
16319
12911
17773
17051
1659
1533
16676
7617
8651
7397
17930
2303
21673
12491
711
336
13944
320
23564
9016
461
17819
16464
20832
23597
988
6368
4211
32
19004
18784
1434
9563
21573
355
15966
9086
7495
15412
17940
10224
7448
22491
20071
11583
16846
19372
16518
22368
6169
8056
24477
11132
16285
23000
6662
14151
20012
6483
16978
12014
19640
11321
23143
20745
2053
21070
12312
12539
20460
10018
9677
18003
8393
8735
11650
11086
20428
18797
281
16435
13348
22465
7285
15832
13581
14859
24920
21596
4474
11480
7436
3223
22038
11447
22160
7478
11141
23406
13931
553
12927
24401
22933
4939
9020
9204
14475
18831
22461
15586
17127
662
12731
18403
9015
17475
22717
2980
1098
21841
15772
147
15899
7044
12466
8751
5122
19996
2495
19786
17125
16815
24330
1939
7161
15036
1693
122
9620
13209
529
6988
566
701
5602
13439
12721
1223
13826
18773
10314
2122
13795
5278
16897
14714
15366
9590
10656
4166
3719
21005
3112
11599
12455
24685
7874
22386
14519
8339
3466
6561
1128
19405
24779
8601
7055
14297
7080
14866
11030
412
10333
24734
10502
7926
292
16077
16422
24706
293
12356
23947
18452
1464
22561
14686
10922
22926
23130
8529
5558
14966
2318
2281
15072
10199
2322
313
19044
7621
24180
9481
15587
14928
750
19017
11701
11706
4800
22938
17967
11579
8119
24436
20335
14526
5336
23815
5299
1383
16991
16898
7703
22627
5092
14946
16483
18710
11131
13719
8058
18213
16571
6004
18083
12985
6637
6352
16640
2461
14889
13435
7217
8240
20613
20431
17430
16472
16791
5620
2844
5449
18089
14543
21968
17291
10469
20498
20626
10877
12420
13147
2941
9659
22049
6081
9667
549
6308
5217
11729
14159
2774
24106
344
18118
19119
21613
13644
2849
23457
8182
11943
20230
16098
18399
12850
3368
18363
9309
15562
21304
16739
1215
23266
24557
19401
16332
22673
960
24548
10869
15679
19672
24575
9061
4088
4813
18820
12265
12112
5667
4143
7039
16607
9284
12011
2673
17083
4844
7536
13511
4164
2823
6591
18130
17956
19301
19626
751
12968
7008
21451
12973
6520
19567
18533
24084
24212
9932
16170
4408
3800
16390
12841
23995
5528
2157
8797
16929
9252
8471
13480
7915
12649
2676
4683
21325
24272
23890
19976
8179
21617
417
15573
2354
16868
11140
7515
14949
8510
12319
13789
4483
7953
6288
24697
2201
11940
24228
5489
20301
21006
2259
21658
11315
2549
15246
21133
24322
1218
21327
24143
21635
1246
4123
15783
2892
20669
762
13565
7886
20482
16795
716
21657
3648
9181
12110
20372
9916
20590
16405
4940
2167
7638
1357
6265
6103
9927
14048
290
4447
20002
17556
16681
16861
15569
12682
7455
13021
3327
16662
5109
9856
22314
15119
11902
1574
4846
14673
15898
2304
21079
15505
11083
20005
952
12551
15635
24326
3103
21845
6155
11003
3577
22786
15796
5525
3613
8874
8046
6944
9477
14845
5512
5352
5276
9229
14729
7974
13428
20793
12955
10634
10496
551
17284
9930
783
18828
20933
12757
14722
8685
21755
2436
12964
7189
19727
20606
10555
7669
11475
7353
15807
7648
16295
7412
8259
2657
10098
22726
10600
4409
2078
18487
13379
24307
2695
16655
21139
21819
21306
860
3287
7026
8889
21425
18593
6236
6026
7142
16189
11124
19752
24766
8422
14320
2651
9923
14016
14020
23146
11402
11412
21410
5204
1490
19399
10000
17151
5274
1959
19581
19933
1466
7143
23511
8138
5671
16926
1647
19943
1692
8441
6298
23095
1587
14183
12972
6436
11240
12198
11655
19975
14432
6131
15338
11791
6999
19923
8242
5157
24803
1295
19198
13501
9139
19013
8453
4656
10628
12503
21423
502
24210
11346
19330
9942
8687
13666
9131
18766
4039
17665
10465
15920
22524
12089
6438
16387
24665
9189
17612
14647
5178
78
6484
17435
4440
793
18202
13471
11059
17595
13165
14857
8124
21283
15603
13509
18340
14940
7324
7173
5165
4331
17687
22901
6786
5311
3257
20804
9310
17754
11119
15406
13943
20690
13151
5995
9646
24067
14664
18298
9846
3452
19458
374
11192
19428
14051
15195
14471
24531
2321
7299
23521
22855
8306
14261
22779
14508
23183
7341
17399
24769
3159
15124
23427
15549
17483
2672
19497
19552
9166
21721
9861
4824
12268
18102
7239
5440
4540
20488
18150
22132
21851
13612
11597
6433
16190
22109
8669
13142
15956
23440
9533
19655
10955
15110
18520
24156
8689
24470
12707
17022
19260
18693
9147
14139
14696
19337
8250
2032
6679
4695
17798
4362
22336
13735
13788
22107
8167
16606
3068
21875
21775
2559
14717
16829
22155
12835
20021
10641
7546
9489
3000
1458
8203
14878
22086
21929
1706
7166
1217
16386
5870
15314
22576
18380
14079
5539
8867
11857
8758
10916
23950
14689
20500
10246
8355
794
4481
17805
2992
10885
17920
19629
8035
17061
11218
16006
6750
890
23188
7060
9378
13918
24297
16497
9937
24708
22987
17783
15660
9571
18726
16822
674
11231
12808
981
12257
8693
20843
10341
18606
4282
6354
2751
4948
13253
16985
14716
24237
23145
3963
17818
22269
22628
19719
23697
24852
4512
21599
2383
23749
20883
6073
24446
19789
21253
7654
17941
2899
22248
6812
1902
9192
14192
10017
23677
20238
24662
1515
13803
13168
22294
2745
20040
19868
6790
9128
5610
10779
10297
7752
11927
18701
2377
6682
7728
3118
2799
22517
15771
22982
21054
10318
22375
13752
5788
3088
2488
20477
3164
18599
1003
7013
740
10616
14626
2957
16702
24081
13001
3323
4197
24058
19725
5210
17122
23245
5896
19595
9851
20527
13500
20282
19884
14672
10114
5116
10415
17004
8252
23760
12637
22798
11350
12884
24877
10375
19910
23428
17198
19346
14082
12080
20577
11161
13446
14287
11575
20806
6094
4930
2264
8964
23315
17338
16122
6349
3875
3209
12908
19233
6990
23905
1831
7071
1605
3285
19526
9186
9046
9763
9417
10572
16798
23216
5668
24558
18952
231
16335
3889
13268
14346
5660
14547
12815
13545
14464
3019
3624
4172
24780
17230
5937
19939
5583
11142
21773
24266
9890
17721
10760
10576
16130
13477
5609
14956
20896
21829
3306
4237
24031
11150
16750
23322
16804
18272
20841
22228
11222
23247
6602
10435
3471
20939
3802
3933
10181
19680
1429
4655
15472
10373
23493
16767
15969
18309
20858
10258
8848
16072
24316
8280
3050
4311
822
14274
20240
9005
7971
21086
3168
24206
19436
2187
14408
3891
22419
10242
14233
19395
5555
24491
2831
8828
3460
1538
6435
8748
16328
8821
11779
21512
15120
6292
6209
18311
24986
16850
18058
845
12789
13850
9054
9167
15879
3151
17031
10191
12839
6498
20424
12603
5476
19054
11482
4321
18681
7261
6814
24577
9257
17028
1344
1089
12655
10505
21697
16079
18712
4025
24125
805
6651
5008
13818
17964
24244
6199
7663
7027
20543
2828
6248
3710
22470
24727
10904
3066
6571
3940
15929
15925
7018
11138
6256
19243
81
3952
6417
16421
5384
22510
4975
24229
5107
21201
24440
12889
11246
15236
4069
16000
3902
11972
16677
1801
18206
17098
2079
52
1912
23750
17342
18770
6104
14098
2420
1222
9619
4753
22201
322
6189
19527
24818
6367
17961
10705
7584
1613
6239
12194
14813
24422
17457
2913
23093
2765
7090
20965
21822
3836
2615
14270
16663
21132
1825
19048
19460
10263
8679
17950
24321
16540
8020
10207
14684
12161
35
18402
22680
20329
5065
22616
15104
6322
2316
1414
7195
13830
19217
15663
14981
24033
13444
1843
10680
1676
22729
19209
23675
1865
13941
10979
18282
3917
3228
15653
10433
22506
7046
18095
24039
1793
8212
23994
23384
19370
7637
1986
18881
12687
23514
7463
16471
12141
13942
1404
4140
19020
17407
12559
4976
4992
1661
11046
16688
23912
5772
9063
8956
9253
118
7193
7758
9078
22637
20138
11173
1113
21539
20144
20651
8675
20342
23414
21726
10489
22667
9760
22962
3538
1621
13386
14868
15533
7141
16567
397
3839
20371
14303
19556
19165
23551
7875
22634
8365
8688
10511
20037
1317
10307
1775
14291
2625
9574
4692
18851
18077
1819
19869
6972
10674
2412
20121
13333
10444
16716
16243
17034
5860
13330
21580
923
9810
14410
20170
9648
2532
8170
16836
1170
16911
5742
2469
17760
5401
23667
19437
23903
3535
1627
4873
9294
7437
3516
17899
10289
13018
246
19652
23909
22556
14507
3364
23680
518
10908
19364
1695
21357
4643
4955
10323
2444
19184
7839
16732
12890
1083
6648
21342
5571
22712
9248
200
14446
11270
16904
19216
13724
4917
24573
24820
20947
18139
3696
3193
3198
22224
24218
16309
4276
20732
17262
15848
21150
19144
5685
11820
23713
10457
13682
17764
8570
23665
3699
6437
1081
8220
13652
18195
8757
8801
5057
8860
16602
24135
17995
8303
7201
6923
12327
20291
13094
22931
18561
23409
7198
24612
3982
19305
17090
879
5120
5510
15875
22672
9058
19108
23565
17021
23534
21409
6496
22304
11248
20617
7459
22060
21934
16263
23629
17347
19042
17634
22090
18646
8910
20266
19545
10417
14618
1852
5765
18974
7420
13764
1537
14488
3854
18497
5780
17757
17840
22221
22171
8065
4333
22129
24999
17185
12876
7367
19824
4239
11196
1400
8178
15677
21010
15501
7551
4657
16849
22061
9664
10608
13539
13909
12766
22420
2865
5447
24101
10515
9802
8517
3680
17189
7757
686
7057
3469
3766
570
3714
9465
16444
14555
21824
21284
14073
2149
14057
15627
6252
1059
1686
2301
22735
10697
12114
19335
14894
5163
7640
24582
18771
15928
21374
2233
23076
11965
3578
13274
9117
14265
24122
2109
15980
2430
9781
9065
9500
6317
9286
10039
5243
15114
12202
13895
15284
19496
20306
2066
3237
24698
6165
13401
15968
3818
15755
9502
16881
2025
10765
19696
1209
15075
16814
14851
8428
20537
20709
13935
14548
2987
15647
19065
17450
9556
22026
3271
3235
24918
13118
18174
23705
2249
2761
14734
9307
11693
1664
49
17118
11163
23259
24185
12282
5491
514
7552
18187
1670
8115
22831
4787
7734
23853
9729
22743
16074
2449
10899
23403
7704
18725
150
7083
9351
21768
20457
4868
15730
10478
15583
799
11334
22396
22686
6976
19643
3856
12279
12505
16725
4224
15334
18630
9538
17923
13925
10523
3804
9977
14002
2387
19508
21593
15058
3925
7293
3798
2738
8374
17378
23109
7656
16551
2587
18856
739
13155
6661
21792
3490
19424
21801
21506
18509
19407
1861
14915
22125
11668
20771
4644
14670
18880
1110
15099
8051
421
24701
18315
22770
18407
19804
24384
15913
16961
19988
16353
12462
14539
6562
10170
24310
9377
2385
11630
9591
19073
24055
8335
18490
20666
10198
2282
7634
22700
22801
273
16941
8329
15435
19987
15995
5562
19136
24934
3632
12250
8969
11765
9145
20504
12865
4055
10442
11304
4501
12220
9791
17223
15309
17679
2655
15077
24249
16544
18129
16059
11621
22984
17506
2123
19791
17857
17057
197
11917
1552
8277
11108
18816
3811
11516
9357
8201
12647
9402
17772
24755
5113
4848
16375
3572
9487
18020
23372
12032
21648
17498
11452
15534
7243
13797
625
11958
7359
23992
2981
12697
3669
24255
6978
12702
1586
8590
7232
4574
9488
8568
15763
24678
18508
1626
1063
9991
19212
10735
13403
21035
10602
11263
14130
1598
9567
16254
14797
990
9742
5362
24663
14044
14072
4591
5876
24847
13095
19001
20388
1278
8950
19761
1456
3056
15355
10782
24265
24826
24795
359
17478
15585
21731
9764
13111
23641
24352
15422
23626
24452
24480
17285
15073
14392
19471
1576
2527
11536
3958
24597
20206
2022
19553
17504
3045
18006
11531
9922
8491
13172
10179
10873
4469
24837
2646
2089
1583
6545
4998
16866
9813
18860
22423
22024
13948
4106
1033
7575
10994
5947
14191
23933
4907
19447
10146
9972
22910
15595
22112
13309
5572
15750
286
6610
19131
9326
2939
552
1377
13673
20401
21963
9436
2555
11914
22137
14280
20078
6595
14172
20884
15566
8962
10044
4464
19178
6121
2206
22959
8308
20188
1054
5334
270
1199
17731
12879
6623
8047
24393
15947
7831
24238
8734
20115
2432
12368
21540
14542
24882
15034
3072
4410
2199
4840
8906
15129
9390
15499
11102
14031
8875
16958
22174
3859
21439
22448
11721
19210
354
17354
13184
5615
9068
11789
16839
18763
24336
10381
11419
18052
6273
20113
22955
20088
6698
1821
2621
13649
5166
340
11092
7329
22166
12338
9606
20916
3619
7883
8445
1416
9492
14342
7810
3518
18166
9938
12124
23625
9349
2664
15325
24827
11793
9393
20174
22183
13681
6326
19360
22824
13143
17804
14760
13014
7508
4036
3149
11031
10494
24437
21850
18535
11535
10149
7948
19034
299
827
21299
10580
22922
9993
15489
2172
18839
12504
508
12371
13748
20419
15558
24883
5218
7692
9214
10890
5004
11254
8608
17489
22883
24049
23891
13219
9808
4114
23490
14619
23464
9519
6301
5309
3683
1759
22603
22335
22768
1210
10351
18988
19435
13676
10707
3615
12792
15847
14782
19325
14523
11688
13383
1969
3181
17052
23499
7857
22153
13981
1161
1087
20565
14711
10892
17124
21610
22479
5230
3718
16191
14566
24379
6151
1124
4953
19965
18890
22652
2476
23052
3814
11664
13798
12720
18684
10472
4204
18438
2119
23370
13833
24785
11934
4772
2560
22851
22749
12216
6956
15223
3694
24072
6833
10737
15576
7118
23927
4195
11366
1517
4122
15209
6403
11626
9208
10069
1812
12058
2186
17712
11715
813
14414
6589
15170
8475
10691
19041
2073
23570
5319
12099
22958
13393
10219
4189
6002
5119
3379
5265
3169
11503
10862
19842
5890
19798
3279
1521
20999
9852
1385
7577
15963
24855
13526
5672
13042
9014
8219
1851
6425
20894
4360
17833
20717
16637
11790
1256
12538
17423
21716
4878
690
9673
18755
20866
21588
13373
23814
11026
24213
17341
17543
5301
5708
15655
16635
17436
19227
18682
8234
19406
20269
23484
7571
9989
21178
21935
14165
18750
10391
3945
15307
22954
19373
19307
21013
18372
12287
20046
4982
14752
15779
17040
9137
3359
16021
22597
10968
9324
2198
16757
21226
8482
5478
2863
7107
4210
6120
16217
21490
13241
22569
13946
88
16416
15872
24945
5241
11964
13996
22459
1520
14043
16297
11774
1540
22380
4019
13079
22237
6622
9136
20956
6741
20996
9612
5531
17756
18243
23769
14299
19967
14038
21089
4343
22891
16134
13081
2028
12957
16152
12463
17528
940
21208
6303
8744
18846
12277
11888
5622
23492
13678
19019
8455
2607
13447
22493
20228
16800
8296
17227
5874
20286
14288
16183
39
7699
15567
7882
4428
21061
10563
13025
14109
6249
4265
23878
6696
7169
13372
21478
8029
8511
24489
15572
1292
8247
1127
13784
18390
451
24544
8577
3345
16652
7421
3524
2038
5756
403
6487
15308
10269
5045
24564
1207
14681
9780
7550
18871
23770
10945
3740
1068
2045
10824
22997
10426
15297
11581
9187
20334
6193
7203
11863
466
8713
19715
15179
12281
22564
7532
2359
6724
20033
2394
17898
23023
14466
3381
16983
21045
12575
9151
16357
13176
2105
10110
12982
18677
14205
8473
7697
15153
11510
23225
3489
3645
22445
24524
8982
14324
10526
2463
3651
18239
12121
55
5713
18636
23204
17469
7362
17014
3419
7030
8305
3139
13670
18572
9669
13074
9715
10723
11096
10703
8411
15924
18038
16496
10398
1744
15285
20886
3014
22059
24456
7457
6792
24150
10682
12448
16514
16745
7450
102
22334
21461
13804
23423
11471
22029
3459
18112
10998
11183
1681
20125
22946
5396
11777
5402
17234
14563
9509
23559
5797
3742
24378
23228
7846
2131
24517
23261
1206
8520
16649
22995
10436
4374
6489
22869
4938
1304
24711
17235
14345
16084
2423
19175
11490
15101
20929
1892
12943
17325
2374
10010
13637
18259
9108
261
15443
6687
23935
23066
20639
20521
19739
18321
21166
8974
6912
4760
18613
11613
6890
7309
1455
13610
4236
10363
1984
380
7729
19543
1283
18659
13171
14440
15304
1864
8780
15466
11887
5587
4272
6604
9873
19281
17769
10090
17505
23497
23417
7510
5074
267
6134
6302
693
17143
3186
7743
7895
18916
5535
6495
6689
23857
13466
24239
24492
13303
8936
21084
4889
8104
87
6501
19221
278
23604
1951
4620
7684
17162
8878
6373
2804
19773
2556
9657
22986
20434
5472
21346
7837
8762
20494
8213
11320
8501
9747
8674
16511
1315
1560
22072
17622
382
4461
20958
10865
15736
2988
11299
17184
14144
14768
24095
247
16920
16651
7583
12598
14428
9560
6350
8512
21976
1303
24666
18690
18628
15526
2568
5840
4389
14447
9001
8581
15016
21623
7879
15580
8846
10225
22225
1177
14133
8209
13092
8054
2001
23745
21679
23161
12186
12895
16469
1712
6830
7582
5118
9094
9601
1531
10157
10280
11724
19356
23608
18762
2829
4462
14052
18813
13452
23646
16042
21464
18175
19150
9285
1074
12246
18502
18969
3848
3429
12715
20191
20171
20687
6909
485
11698
8174
12262
6824
2985
14367
5891
4216
17165
1289
9429
20917
4851
13069
10633
16573
10015
5584
21435
18029
13355
23587
4855
20392
17297
6893
15127
93
10617
1953
12813
14534
6332
11954
15243
7429
5537
16711
10669
15033
23756
4894
15974
22866
15676
9733
15756
23258
1125
6781
9025
24588
4356
22468
24328
17058
20338
8190
18247
16965
18823
15224
11860
12254
5712
16209
20072
15004
22827
11672
23491
19770
8438
18866
10061
20151
8376
24800
19684
5867
367
7160
21778
1203
18075
7535
6232
20753
2310
13192
7445
8565
11515
11787
7969
8536
23319
9897
18336
14407
17136
12997
1076
21607
20647
11380
16223
16212
10407
19064
8050
1296
14863
6532
10488
17829
23009
19743
15369
9371
21238
15197
13983
22732
23924
17671
16302
19282
8487
18568
5160
5534
5405
14695
5607
9217
8537
23383
4443
3300
21788
4613
23846
5503
6737
22251
3849
4954
10345
22184
23115
18943
11637
18410
15329
7865
2752
17427
11340
9985
7816
402
24214
8597
18473
12804
16973
2240
735
10284
23663
3705
4097
14039
6472
20598
8556
12607
24709
24435
14116
22111
12252
21160
4562
11319
10704
18805
18467
9940
14599
19520
24078
17345
17540
14113
15328
22451
9950
17998
6217
23201
14541
6255
4406
13064
23632
22103
19854
5329
2136
22389
4307
13134
17638
21999
8309
22194
21523
407
22633
18931
9241
23444
16922
7441
6482
3817
17814
1152
1361
11226
8888
23447
24129
4127
3754
14789
21140
15922
23734
14307
18001
22010
11148
14906
17391
3565
5038
14510
12776
11634
8900
9319
24955
18596
3636
4199
15093
8833
7365
15384
7092
13677
6777
5292
659
2733
11344
22966
14282
10509
1773
24416
7986
20299
19179
19317
20223
24134
10420
1720
7493
23267
19183
22317
6789
10065
15940
21942
627
4987
6865
19698
22123
18947
17363
10355
7028
3860
12222
22659
9996
6412
8433
6282
9083
23008
13986
21651
10264
3588
18269
4490
10160
19730
19621
4584
22619
5574
22040
1186
21157
16993
17501
15092
24451
16216
10087
3152
14577
20796
9109
20173
3397
19808
11993
18414
16425
16031
5316
14419
19754
16989
16495
23405
13671
969
3554
9049
24294
2794
21313
9397
12488
6168
4784
7690
10650
14580
13744
18182
9419
15262
12500
8483
12175
13217
23106
23223
12020
10053
8729
22001
2477
23644
2935
18086
11244
23404
23441
5688
8706
17099
3598
23175
6862
12185
12059
22602
4826
2632
2558
6399
19741
7827
17258
9120
13186
13836
13349
8643
9111
4293
2041
3589
13662
15927
19998
8549
5507
1926
42
1500
9768
17996
17609
2197
14880
2002
20761
16524
8032
369
18787
1111
30
15863
10249
5794
22709
14997
1601
2360
4538
14960
20212
22547
15578
1526
16684
18729
11890
20742
6068
7872
79
863
16228
9954
16876
11913
8071
6703
21931
8791
12385
18935
8151
18382
15805
23461
5946
13557
15692
23978
11673
14660
17121
18716
7541
21131
18872
3876
12200
19760
23695
10709
12793
16064
16945
782
13807
2706
16252
10988
4623
13173
14783
6888
1738
17535
10535
1915
19093
17554
11397
31
15837
9329
18050
368
15959
22860
902
20505
18039
6449
21709
24373
15684
4721
11677
8283
10960
3685
1298
3713
8999
4568
19880
8089
21925
24162
9323
16731
9537
12482
12569
13768
12207
15387
18232
16763
4223
5091
12131
14075
7676
5879
23296
15680
12882
7796
8121
16420
4075
3542
11795
4943
20513
17439
9112
18173
10406
3283
22424
5900
15175
20217
9869
607
2714
3002
11851
6963
5963
8314
13051
14480
9990
21124
20770
13701
13806
11135
18241
836
20802
21142
10594
11311
14852
13207
2617
16179
8681
13083
8362
4024
21879
7795
10136
15633
5933
18105
10524
23945
12267
7472
7570
10903
6296
11193
1882
11377
9340
6734
24409
12735
17027
2417
20720
21669
18281
2104
16867
8059
8803
15425
7858
24992
21691
14317
17397
4163
21556
10384
18778
6843
3029
3558
13800
3765
21970
13782
7247
17042
21405
13278
21911
18692
13862
14569
15945
3263
18598
19076
11870
24091
11283
7530
409
7007
3486
15493
21779
15483
17715
17349
2194
7317
11462
3878
21217
21793
21182
9665
16886
1316
18167
21355
18992
5908
15019
16628
1165
7366
4904
2852
19029
21848
21272
14431
23870
5457
6574
13419
20331
18549
56
5501
669
621
5294
20357
8971
3533
6334
1214
23654
15989
14251
11472
21686
8746
13505
13847
19130
16633
8439
10335
9168
4978
2110
18096
8768
16453
21446
9452
10251
12542
8360
18215
22471
14077
17244
12459
2683
17368
24773
9925
20637
9090
6374
11610
13214
12680
3660
20351
14413
13244
20807
20075
10107
18306
2000
12028
10558
10231
9805
19575
23835
10893
19603
17628
8847
4880
5048
11555
18212
1616
1174
21120
23176
15982
17449
2052
3684
10568
8940
24443
4960
2297
8641
2103
22530
23420
14628
23196
9605
16781
14474
18048
23810
6365
21872
20811
13746
9162
21549
8235
7664
10241
24361
10076
14724
13110
12726
19493
2647
22741
7127
2597
20604
23789
18444
21159
4246
8813
22313
14856
7271
20942
22766
16736
4184
8738
23178
2498
14482
7419
8294
12122
13283
266
19688
10410
21081
24132
2475
20872
20609
9339
14747
14138
5511
17433
2845
1154
19297
7481
14424
24076
18696
17519
8397
563
831
3308
23472
5718
6795
6555
3378
20788
12433
1705
16289
22433
22044
18632
18932
24348
1651
21428
12571
14602
9604
6272
6914
17309
21449
22361
2182
22829
15641
7024
10272
12533
10360
11802
19055
15362
718
15269
12315
3087
11684
12335
23445
18730
10752
11228
7863
7817
23397
19733
7321
10984
8852
7781
18360
19068
10062
966
8799
19379
24381
21351
12106
2248
19936
12156
13549
20605
10980
1341
17129
158
488
17213
12347
19038
17539
2520
17551
20159
20853
15347
23131
3325
12477
21483
6967
8924
23062
18955
19085
15389
13039
13536
18248
19229
20397
2801
3260
23108
13129
7089
18964
21854
19919
15754
17218
15080
14189
1723
20725
11088
738
6676
18792
13897
23240
5618
19848
8241
9077
12378
5364
2342
5612
7219
15022
16442
9825
23722
5905
23285
5674
1767
22034
14500
6195
5659
21234
8200
24007
10626
21782
20086
22216
18790
3707
19499
3317
14584
23111
11001
17224
8823
2257
24592
23740
2776
8389
1135
4433
8276
6223
2665
22395
24835
16272
23275
20993
21212
22287
8408
24177
19464
4792
5638
1791
7732
11479
7407
22541
23234
11061
17547
4146
588
1846
20295
22698
18945
2839
3611
15565
3089
343
16741
2635
4553
15324
6606
21888
12775
9737
11797
12773
12690
11393
17168
9845
16955
22178
1473
10719
4482
11893
16669
3440
12328
3847
12073
18489
24146
24172
4034
10561
13292
21276
17249
9200
13365
17893
157
5757
7819
6706
12334
7227
9721
3877
15618
11625
17987
2579
18904
21137
8401
3913
24580
8671
6959
2875
16360
18937
10132
23895
16703
3785
15614
11826
19771
6213
20535
20645
20309
8237
848
21565
9354
589
23882
13881
11331
3446
14364
5350
5302
6324
4549
1240
23354
14959
7120
4639
19286
13980
645
21585
13310
13524
16962
23898
22213
19127
22353
2573
11925
115
2923
1747
7922
5700
568
10714
10570
19644
22762
11676
3846
24284
10176
24233
18369
18124
23840
22920
1484
15685
19003
1157
16903
13490
23289
5188
8432
19164
17724
5991
19840
14216
160
24812
5342
2419
6938
8279
12523
11207
18441
10037
13859
19074
9880
5277
21750
15733
22366
6218
524
13267
13290
264
10851
11271
24843
22298
9348
6042
5084
21168
8718
18071
23173
23562
5551
3815
22697
11440
3681
3256
23541
953
15234
9380
19780
5626
6692
16889
12978
19795
20276
2868
24764
6046
15911
1171
2526
8879
22050
21260
6380
20224
14053
10184
4023
13694
23583
5954
7200
4190
4672
11776
21612
7348
16326
14190
14913
13488
9542
16194
12897
18237
11829
2997
11727
5443
20218
20715
21248
14154
12215
7775
2480
10837
9722
7608
14932
18116
17321
20409
11113
23339
6715
4968
11180
23850
5777
24005
24490
11351
2564
6563
19511
2600
14531
11028
10353
8400
18746
6185
10596
18555
21138
1924
4207
19947
18307
11831
2455
11808
877
12074
19014
3042
24601
24921
10581
779
6942
2044
8414
19861
2231
22566
17635
11747
2878
143
23833
15474
8291
5189
17558
11681
9588
379
19828
13975
16018
8700
20631
7850
23141
21475
20354
17586
2584
525
14137
152
21668
14336
12079
18961
5285
20820
9577
15650
14248
22306
13429
21682
16336
19623
15617
13540
20455
11009
1704
14014
17659
1274
10894
6859
19404
2755
8204
15716
6733
23934
13166
3712
8831
10332
9653
14914
15616
18446
11439
21860
23540
18926
6245
4130
4467
6161
15741
12928
8091
22599
7278
23171
20024
16792
19472
4936
8805
21298
23723
18111
10860
17675
3579
19550
5333
9683
3552
16832
18803
7214
20320
11078
16378
19778
10863
20523
5952
17735
4594
1010
1065
19486
2334
6892
1811
5951
13641
1470
7162
13525
17555
15392
7087
17007
18767
608
1066
16694
2572
1425
10032
24070
13325
23952
12331
810
22802
21548
21611
15192
22614
3155
20324
21711
18505
2134
13885
22977
17424
3499
9928
8531
10043
12917
20014
5183
4161
9471
23198
16701
6791
22574
19797
19358
13296
22309
11158
22620
4632
15484
17210
6519
18885
1950
7861
24535
7774
8162
7398
17646
2930
2742
2048
2871
10828
6054
4884
8650
18368
20465
17075
256
16758
13953
14969
10652
5978
11578
1678
18476
24320
23281
2780
19962
11638
1916
7646
8882
22162
17871
22601
12998
9395
24650
5488
15510
2323
1572
1671
22384
12148
7222
20921
16723
20665
24915
15952
1701
12886
22990
20516
11126
9933
11025
15930
23612
19528
9712
19362
6949
15619
10045
8176
10559
107
15798
7660
1118
19299
1493
16163
24262
7043
12228
23572
1196
5347
24103
11660
16392
8172
23262
17943
689
14800
9461
19236
15546
12934
18289
21164
10422
18276
12572
20128
18903
24974
22054
3971
12343
11653
21541
7942
21830
10163
16918
21257
18702
18960
16835
16330
2525
14876
21046
2009
7004
6190
24768
8977
12785
18546
7105
21752
10536
23580
24186
11179
24658
14318
11400
8267
2043
15097
7992
21237
8265
23327
18782
17334
8519
9330
1426
104
14097
14570
20574
13491
9570
10677
18411
16879
17629
437
23431
14653
19088
7925
21521
13514
14058
4819
18398
8598
21734
21438
20969
11257
19459
7936
4064
13529
8540
4337
18695
19158
21771
18836
22747
15842
16382
19331
213
15523
14509
9504
17991
12948
5409
16071
13443
1409
18345
22004
21162
4063
18474
516
18227
16834
16271
14790
2474
16784
7337
3507
10962
19724
17521
17429
1187
13028
16742
21259
24864
7056
856
6836
19898
3957
22003
15608
11768
18421
13251
17130
22233
23382
15707
14387
14812
18127
9723
24404
18274
14920
18131
490
8158
23482
2382
1489
6699
13924
11617
7130
9301
8877
3991
3723
5035
21066
1260
10063
11666
13213
2715
15764
12357
8465
12818
8399
7104
17561
12701
283
20197
19426
16171
11297
6867
6261
11120
352
15343
15895
22466
21538
24828
11414
8068
2644
16507
12893
15450
10180
4271
19196
5481
14551
22596
1004
21022
18436
16765
20146
23386
24944
14357
23532
1179
15169
5040
17069
4795
3303
2254
6267
2947
4585
2155
20393
15367
10278
7339
11050
13698
1226
17739
21424
18668
17173
12403
19016
1584
23272
11279
10816
15266
24008
8406
16394
24716
23091
2633
8435
14597
24936
12344
5605
14799
1752
12641
13212
5733
2314
20157
9980
9064
14199
18136
19894
22644
13422
4834
11410
17398
24839
1741
19239
10898
20743
7860
4895
6329
12428
11359
21713
134
15821
10528
7333
14675
4473
22865
16193
16548
11151
4989
7378
9211
22046
18125
23471
15141
12419
962
19864
12261
6346
433
10818
17026
3033
5142
15041
19913
3157
2101
22000
12529
17919
6351
19322
19142
9690
22056
14339
9595
12980
19266
1417
16048
7998
9212
174
2146
7836
1918
8492
17164
427
5709
3882
21107
13601
5848
14444
4775
13067
16125
9898
18562
24669
21660
1090
5717
24998
6846
17538
5878
6304
15732
12150
9406
7842
7794
16708
23469
3434
18629
2467
12177
12670
11614
5297
22347
12043
23309
12408
10667
8730
2170
11692
13578
1890
6393
10654
7804
23529
22720
7483
12765
14078
16937
289
23720
8637
8557
15937
8367
7900
24019
9536
6150
24696
7218
17759
22612
11264
21218
96
6694
7334
10404
8299
9222
2460
13163
4202
18066
24672
5812
16871
9448
11187
2764
5224
3252
941
3119
23887
2928
13625
18999
7265
24619
7281
19663
21823
3135
7346
13599
21186
17315
1529
21563
16275
1269
17473
3793
2777
13704
24138
17108
1579
10997
8617
17144
21551
10771
20091
6770
18594
16738
15487
16531
22259
17404
3612
16273
14221
23997
20148
14164
20850
9887
6058
11493
612
11951
13535
21715
2889
21758
4823
23063
11004
14650
12838
1893
21764
173
19909
19052
10301
7636
13985
16953
22165
23589
8599
623
16145
10993
1641
24555
9743
13683
5101
3458
20634
8231
18458
11633
1879
15801
15843
7554
14448
11498
218
5056
13222
21189
2179
2319
20244
18491
8163
7809
7901
20398
18246
9249
2677
4397
5019
22447
14919
36
22622
20163
10229
6873
12349
3886
16462
699
3163
10161
1504
22327
5877
14850
6935
4134
21430
3098
4937
13883
9362
20226
22843
20970
3951
4352
2003
892
16410
19924
18426
8349
21687
21469
4165
16629
22134
6409
22307
6943
9207
7815
9375
11227
4653
7156
3992
15700
2630
8778
7887
20814
22
16971
24831
12999
17310
7134
3476
13791
20677
5561
12677
144
14565
11454
13164
19592
13739
23848
5741
21177
14640
3534
24155
15797
1058
15602
10448
304
9885
484
17311
20216
16065
13470
24040
20359
19024
22520
2311
23132
8766
14226
15964
17992
5805
8722
2441
13394
5460
3097
11312
7025
17010
12034
14907
7845
21884
19319
19951
23757
11930
2005
6464
11470
16197
16003
15055
23548
4411
14458
5628
9311
14844
23502
21314
4668
15480
13816
16917
7940
2945
10012
8006
21458
9334
23123
9548
21511
10853
7876
23877
21525
1835
22889
21852
8853
2848
10134
22625
3415
21339
12606
19873
21583
8975
24281
11532
11591
17942
1754
2069
18109
20493
8145
37
24190
4756
4052
9801
9929
2674
19422
9392
14579
17566
9322
3969
14795
18848
1729
16055
24985
18016
6511
13619
13858
1973
19970
23099
11989
3080
632
13255
14557
8030
20890
12027
8140
11542
18854
16022
8543
4991
321
9979
3315
14219
14279
24906
5159
13900
3759
20588
4425
641
24286
24786
16645
2047
8939
22979
628
18678
4378
4773
5645
18783
13520
11781
4220
8288
16356
1020
18844
13449
6597
7073
16467
7718
9300
18842
9765
8949
9514
10485
20070
19461
20270
24856
24567
8611
2692
1136
915
539
22635
1757
21026
22839
23
3117
2680
1149
18918
2937
10369
14396
14690
5438
10767
3028
16088
5518
13243
9353
5910
15710
6757
3643
15893
14643
23160
6446
2300
15117
9904
12645
14625
22808
8127
10675
3196
18339
5521
6659
23026
4843
24949
8116
16825
19534
296
15310
19382
