13910
5208
23523
7673
12295
2099
18256
19979
14481
9823
10026
15205
22297
6504
10545
14979
22519
4587
9020
1412
15612
18108
21877
22219
13291
86
16782
15134
3023
16597
1564
11643
20370
13613
17570
5584
21845
116
3698
799
20689
2474
24709
9843
806
24676
9355
13801
4257
15713
15221
11293
2095
20394
14457
3952
17977
19545
10904
23249
6177
130
9246
14243
147
4723
6987
18611
19311
5359
3287
11616
24322
5740
12425
18867
12148
18211
14203
11264
5319
8953
8199
4796
1928
22901
1875
3426
18912
16456
20345
8348
186
24845
17098
20547
6100
20495
4047
14915
15744
24885
6418
872
10441
1893
21659
17603
18246
8431
20247
16046
20900
23222
4422
16361
8430
4472
18301
21615
5568
7368
20963
11984
21404
12252
17372
305
6953
23142
4203
8845
17800
21538
13999
23820
9473
21312
14266
12998
6572
19993
16020
12139
20226
5105
22240
1618
7799
11465
3216
7410
17223
5412
6948
13445
23978
17741
5576
14020
21519
24778
16259
7428
23781
16420
3367
22152
3922
19283
13074
13696
9250
3370
19498
16138
9120
9495
7435
13360
18141
13691
4455
5603
7303
6133
2607
2842
21520
23139
18058
9118
22004
4575
23339
7122
17703
24381
8774
13154
20347
14255
23967
8717
5680
24027
8330
9863
19804
879
4499
22617
14412
996
18696
24443
1519
4528
4844
24616
18249
20058
18451
4327
8058
11481
21380
8325
3239
11902
4564
23077
13771
14222
12420
20102
14620
19077
11468
2006
8009
15811
16281
14746
24037
7581
4788
9899
10239
1962
20263
22768
4864
19398
15159
9916
4783
3180
22648
19518
2200
7150
13469
22461
3910
20261
22827
4012
7785
23555
4498
19574
19264
12723
4725
7109
1700
9309
5121
22638
21477
4938
4787
12658
24719
1135
18598
18477
17618
13052
16036
14668
8042
14724
19640
23811
22490
24238
23395
635
13748
7092
20198
3695
6080
8987
6319
14421
17750
21038
805
11275
3467
21713
6740
17585
9920
3374
1054
3313
11530
12728
5763
22409
22808
11560
18426
4542
6945
16596
13724
18619
5878
7036
12004
5628
4035
8755
12197
13936
5982
4344
6336
11246
16822
6202
363
23607
3073
14823
18091
16567
23698
20509
23625
15013
21843
13798
23686
5327
24198
19625
17587
15378
9532
20337
10813
163
18762
1325
9103
8883
7374
10114
21405
1550
22035
4492
13163
24878
1048
19869
7016
8172
18208
2108
19917
5035
4323
15298
9513
1825
2370
8450
21097
17212
2503
12319
10422
19571
19334
23948
12113
17825
7888
4927
19982
18244
3593
15426
12854
2337
7516
6926
8432
11174
5188
18276
24295
17292
7509
8633
21812
6003
24194
17231
17661
24080
20139
14475
6979
808
12164
927
15398
8506
18199
24522
23434
3380
19488
1885
1327
1052
18582
1712
10979
7773
10257
13382
19693
9937
6392
4151
22772
14516
13985
7079
10150
9091
22508
18710
24680
17612
17837
17192
16604
17659
8340
19558
19322
10053
12104
119
17142
9248
6523
20150
14670
3470
23059
15226
19192
20085
14662
14640
21467
3986
11712
23649
3201
23676
8222
17348
986
18157
9822
16440
4655
14969
940
19764
12873
23512
22706
20512
16467
5631
9769
1691
9893
7595
22171
4482
10133
23878
14871
4208
2552
4023
7233
2251
15946
4836
2535
22711
14679
4043
23020
5474
16734
2838
9187
12522
11206
17949
7657
11587
7895
17365
23153
17026
584
11487
15355
17850
12832
19131
4811
19897
4320
18320
5384
2351
11507
6501
24433
22391
1699
16102
15216
15018
2028
12945
21427
2182
22611
6954
7943
9252
13326
14002
2978
17522
8291
16215
14927
4080
16589
126
4460
18402
1997
16979
15930
22898
23281
5468
20314
13245
19795
23461
7203
4771
6248
1486
20311
6601
4470
143
10584
13606
403
18193
16546
14156
9124
23534
19390
7563
4632
8194
4689
16457
11799
1561
5140
23541
21533
10118
22821
23103
13395
2127
6508
2122
22292
18761
23178
21340
20629
6317
9245
19452
1137
17620
17071
24951
4681
4337
23596
17399
24142
14561
21536
24202
8124
11394
16219
22124
24402
12640
9023
2914
22793
11476
17480
12029
8471
20404
19818
15686
5050
14984
10570
16582
9069
5681
4569
18273
7477
14932
2718
10598
7174
12011
20953
11299
2965
220
16387
20692
12039
8982
18678
22200
2033
6507
6725
554
12918
16160
21710
12454
15458
6506
9840
23160
17526
7846
17660
9422
24392
17911
15082
10232
7130
14453
15390
18616
14413
3662
21522
2173
21333
10135
6422
17779
13056
19779
10283
18835
936
12428
11081
20109
23485
4032
7835
21622
24262
11936
7686
18666
18603
23092
7898
22724
22285
20153
9507
17368
2845
16557
14089
898
11727
15003
737
17381
11166
24244
17613
23106
12119
1792
9692
12220
20443
7832
17021
560
4435
4557
21960
11561
22654
16175
24079
22314
7213
465
10226
8144
7145
12641
2722
23204
24075
22498
20042
21979
3197
1228
24574
10893
20764
19992
17639
13944
19777
20867
19648
11738
17054
2587
19835
14053
8113
6386
1378
22406
14506
8753
1640
20783
6757
20403
10140
20667
7499
19120
17830
16415
12073
8968
14212
8730
9171
12078
15093
8903
4127
2297
7850
13876
5243
20123
10779
1404
9175
2244
15818
11137
15604
19181
8650
14374
5726
11039
12885
10273
21913
8182
15115
2004
13557
4946
19261
10339
18917
6988
11967
9498
18475
20942
11346
4710
10393
7013
5928
20154
16743
5363
24217
14616
13689
14214
14533
11883
17780
18667
14484
17970
3665
16210
12347
20820
9042
5329
456
11165
575
9704
6704
1775
20339
21722
7390
12720
17247
7866
11788
5196
8466
10656
18885
11911
10905
16686
7366
21775
9600
18957
4302
4168
23956
1567
17113
22870
20596
22436
9459
10066
4321
9786
18712
4966
21504
23888
6622
15499
22023
9334
15580
6480
24514
14296
22370
13331
17543
12706
23636
15467
16282
9452
9412
18547
13601
18429
8048
1130
24512
963
22264
19421
12153
24378
10097
12468
656
12979
14111
268
4540
9649
19156
11718
18963
20
13213
19575
11919
4559
164
20215
192
20300
6736
6516
11836
15057
19799
23018
3640
11200
5368
15068
11850
5252
2087
10873
17322
4623
16519
3252
18455
15269
442
14072
8799
6955
2869
10099
22298
10690
14441
4004
24612
13624
16228
3436
8571
287
11982
7836
9466
23159
19151
12305
6204
4416
6270
18425
2092
24174
13726
5034
22932
14058
4081
2053
9510
21579
9687
9491
13042
5714
12531
23914
15628
17076
11000
88
8099
3404
20295
23963
21217
22922
15649
20607
5776
24540
24900
6267
10190
5478
24798
11954
2527
18904
4239
13375
12995
5168
19407
7297
13738
15521
5846
12309
12566
24917
4992
5326
11067
14704
20573
2806
7351
1837
19959
19536
6435
20654
13275
13070
9993
4288
375
12242
11708
19344
22993
5957
13566
12433
3603
10368
14073
11779
10155
10884
4709
18777
16174
1171
1558
21454
1098
18749
19066
24922
10927
15323
15037
9101
21122
5664
7274
20348
4325
12251
19266
15118
14764
14859
19769
23903
15437
2787
705
24469
621
16481
922
619
19456
18133
20208
3025
5865
24542
4213
912
19974
753
3165
16942
3080
23151
17758
10101
22517
15451
18844
8320
16318
7440
19320
916
15856
8225
5618
2807
3918
21921
2011
13605
22665
678
19665
1580
11327
12615
15012
20587
1354
20568
19587
10340
10036
13758
23348
4050
24216
8238
9015
8386
21915
17908
13852
15646
22438
1490
17753
10448
11549
21980
21456
6176
3860
23120
13176
23936
18951
5119
5550
5531
22085
8489
5238
13090
12325
17960
18561
3654
11796
3505
23718
777
13182
10649
19720
17426
11250
6923
6791
8367
10771
19759
18310
11244
7051
6399
23407
12659
22388
9919
24201
16723
11368
17696
8592
15875
22523
22717
13203
20466
15381
14418
23112
15358
9010
20616
18719
20771
902
16968
1812
2924
2171
18382
14891
1352
12620
10144
14107
17871
19997
18638
11154
5442
7738
8255
10854
23472
23215
19186
11045
5053
16104
14957
1387
255
5418
3685
19084
1571
4395
23789
3028
11885
15851
3764
14972
776
24338
6140
24024
2217
9887
23521
24395
9000
20941
2717
15076
12964
22385
14674
11874
15624
2421
11619
5279
17494
9149
12692
7627
2956
14206
7035
8524
534
22381
14264
5435
23703
15722
5352
22404
7972
4375
22796
13387
14594
21447
1321
12
1819
9908
4041
7829
5390
22520
2602
22246
12308
3567
24955
17957
21483
23933
20365
17316
10516
20602
10302
3052
24237
3507
690
5636
24503
20075
9624
3457
21169
19951
373
17547
22541
14061
6997
6935
12824
21757
11834
15709
21762
9775
22145
10348
23513
3178
19482
8271
14182
11422
1145
10412
16657
14838
4167
11077
24150
8588
16491
12256
7018
9291
23027
7857
1709
1091
7103
1805
2976
4898
18122
8071
4684
10731
18393
3953
10109
11509
24371
20240
17215
11839
3636
11872
17581
2920
658
4745
23156
6236
21442
11360
21881
17124
21897
4561
4750
16469
15630
5748
1423
3510
18558
9824
5463
13562
19196
11390
15334
14671
21347
22696
22861
4931
6459
21637
2235
11620
6197
15405
20005
322
15623
379
601
18774
8032
8056
23951
2470
23573
23274
16623
8736
8354
15889
12573
16094
19316
3382
9443
2193
3357
22206
12488
20000
11925
12779
23179
8190
15553
327
16633
18039
18567
7514
12638
5491
4904
15427
3514
10474
6124
20136
8905
22013
1101
5658
8112
10510
21787
15059
8120
17272
12556
17969
18284
13297
10765
644
14033
13912
15943
21741
9242
19972
5469
16628
7224
22842
835
19389
14444
20189
326
10293
13421
23068
21182
9772
19516
1950
20969
18902
24639
3783
24981
3061
23267
5204
24810
17235
21470
10084
12667
15268
14152
10355
2435
18259
2123
2661
14689
11557
11050
18299
9329
10301
18759
3972
5772
5644
21837
7731
2894
22510
17511
2601
9942
4332
23869
3801
968
1011
796
7331
19439
13458
16868
22191
12165
7476
15991
13373
17357
6264
451
15183
7377
13159
3113
14593
4152
16163
10718
14077
21235
17413
5643
4678
8735
24373
21819
1107
18934
9780
8803
14787
9726
4358
5118
2267
19078
23929
802
18438
12467
20534
9266
695
1401
6104
1028
5428
6472
16285
21071
991
11994
1964
12545
15849
14253
13955
15311
489
11298
17819
12957
11689
22644
19680
21634
17708
1941
11787
450
12389
5155
18006
21062
2822
15917
16898
5647
16893
18801
24396
15293
15438
15945
12090
13857
20318
20527
12766
4776
18532
20160
1276
23279
11409
14062
7980
15113
526
16617
15755
11133
253
18553
2576
23363
13263
13909
19121
5567
22888
23771
13765
7877
12987
24211
10065
8933
10901
3730
9614
8760
21143
14529
20928
1896
8654
219
13437
2429
23757
3842
24873
10343
22685
23624
8858
10331
9589
2776
4090
13972
6848
11216
10852
8523
14793
10605
22344
20842
21308
10711
19018
4436
1977
13328
4304
16391
8299
15149
24740
8804
3609
22925
24794
22656
1621
3277
8602
7485
1102
2699
5446
8623
16759
8397
6518
7880
22781
9369
9621
2431
4509
2062
12388
23508
21311
19790
13593
22703
13470
24466
6485
15044
13778
15417
12034
15271
14888
16364
23087
14974
5949
13408
3410
19492
9777
15742
19868
9037
3688
23415
514
4019
9799
16678
24628
23061
9153
13531
518
17121
17461
23186
3124
7095
14414
7791
2071
11558
14901
17125
24408
20634
2899
7944
13745
1638
8641
17757
8390
20151
18573
19978
15290
13113
15670
11497
24603
1239
2231
9033
5487
6356
12612
21912
7387
3675
4173
12538
16969
16436
6120
21233
3843
1870
3390
23535
11892
15780
8684
11827
13417
15187
8154
18363
11938
17096
22976
6055
1855
16774
24665
19486
1597
21301
3969
1868
5527
24305
16738
8503
20826
3882
15751
9731
22957
6089
9017
22652
4426
14834
3622
6113
6808
17034
3350
3235
13260
16439
17784
3714
16159
11245
23230
281
13697
9099
10014
24345
11121
9115
22671
4637
2799
444
16958
4952
17415
4809
20222
21599
4345
17336
9151
5737
21515
10127
6733
24091
11805
16369
19714
12762
15318
22538
11007
11677
22401
10883
10677
8303
16153
4760
2236
5948
19828
12814
24333
24076
11909
20110
11957
2660
3324
4057
8599
11353
2255
20091
961
16811
12368
14713
10263
9622
17942
17615
12664
5095
21983
19215
20857
20418
3998
11020
3725
6394
7508
16539
16220
21866
20483
13180
5407
22304
170
4752
21166
17812
783
16455
14369
15718
7818
4903
1365
4198
10203
5284
12586
14014
15443
14534
3290
12175
19833
21390
9482
3312
4379
10940
24697
21052
9436
17088
21135
14362
19548
8840
24205
24407
4889
13974
3731
19
14747
13711
9722
22605
11057
8356
9325
17958
6881
22789
22224
12651
17913
12934
2344
10488
6456
8163
10752
13415
23641
10486
7921
14562
6648
11681
1830
17530
12205
4158
8349
19562
23202
19022
6136
7845
8244
17638
9471
8528
24725
23099
16651
17855
22991
3939
24835
11714
14071
13178
15480
20837
7610
9711
12855
21336
1884
4033
1081
2392
24758
6284
1022
84
20061
7727
7827
7533
18287
265
19393
10338
5347
10527
11259
23690
15237
13499
11912
18688
15837
17653
6580
16243
18697
12045
18070
12841
1509
10664
8375
22432
6105
23041
19970
24412
14607
5308
23441
10966
20927
21092
23527
1536
15832
12130
11599
5676
8416
7496
641
9384
20788
13646
3627
314
16505
11518
15094
19402
5430
4150
14714
16817
744
2367
12304
476
14099
14003
17473
21136
11094
24693
1971
5432
7643
1826
8557
6243
11228
13787
3217
20549
19736
20765
9479
24290
3451
14961
13687
13402
24897
17891
7635
10001
4828
2885
16825
14841
12686
14507
19773
20485
1753
2168
24144
12729
19039
10180
23315
24450
6023
18409
20719
24868
13414
9159
16155
11326
7418
5311
3992
20383
12036
3014
17402
7993
17656
1512
2000
14799
3205
3283
11208
18073
21914
8049
7301
21418
5134
6095
14911
5439
17626
10724
22447
5249
3058
16140
9905
14342
13628
1888
15215
11079
11266
5030
18358
22634
20185
22845
16015
12535
19834
14542
24571
21160
16288
3115
8392
23259
24829
14603
15993
14796
14893
15733
7907
6641
13429
10838
5378
5759
13568
16445
19145
1443
16131
6313
4687
20450
15972
24692
21907
21499
12238
11699
18445
18041
20581
9645
24318
16692
7251
19977
8101
17889
11088
5231
2967
17090
14485
18955
14341
10298
12282
21389
17023
10746
1226
6703
7861
7241
4431
8492
7735
517
5539
17191
22635
15401
10040
21116
18629
10395
17923
19936
24005
21492
19461
22390
13049
8536
20027
14393
11300
17009
15869
24702
22195
17253
13127
1147
562
17319
6607
1938
4525
17914
14645
22399
3188
23409
17075
18118
7631
3455
24360
6083
17441
20539
23398
1393
3022
10428
12405
17150
13784
7659
24945
19163
23460
23602
9712
1649
23036
17503
18184
124
14317
1449
5402
22756
8226
24694
4324
2139
15642
20219
10659
1944
21657
7574
10024
17112
1082
4481
13138
4403
12849
1671
5993
22777
12037
12244
14740
4585
2246
20918
23589
9725
15627
7347
4114
3307
8907
12960
21826
4253
10029
20210
11488
16332
22093
2222
18875
8485
24200
1936
20306
328
8632
18596
11446
8067
12609
16561
5466
21188
11814
13396
20694
7029
18169
12327
5876
20106
11744
234
5874
15752
5792
5778
15017
22455
16992
11140
16957
22725
21273
4197
20201
14743
23770
13878
6826
2730
14800
20459
18334
19569
5600
14024
11653
17672
14609
16510
18869
1714
13743
15026
20954
19412
19303
14093
16934
21253
23329
798
20849
20360
154
16075
6306
16612
5801
15890
18966
22504
11251
17785
23872
5259
10182
4727
773
13234
6685
921
22946
20284
10775
23424
16002
10977
24303
6330
15817
5084
3479
10622
9576
24585
14316
6169
56
6510
10980
16379
3722
7623
9669
16410
20760
23043
13725
17623
4885
8824
2700
5047
15647
10547
18702
1142
20468
14256
9434
12950
388
24840
24021
22196
248
15439
16017
5637
9324
5956
2212
10173
12761
1491
724
22321
11742
13795
11190
7611
24193
140
12014
22841
17061
18689
19055
2582
6152
22237
172
2341
4231
16370
19565
4046
10420
7650
19893
8817
20877
6761
11430
23782
15609
12690
8070
10335
13544
12590
23874
4947
24656
11528
1568
12152
3117
20166
9866
24775
10052
4160
23012
16497
18881
18767
1517
13945
2129
18180
10602
5306
21396
10268
7523
1053
6491
19441
17063
6049
13665
1039
1578
1780
12240
14615
3449
21044
11243
18504
6794
2540
6634
15409
21988
9977
5144
20182
17848
16512
14527
22091
7010
10522
6283
24013
20452
7226
2588
12801
10215
15675
17147
1182
21153
81
6832
1067
15567
21568
24698
24638
6171
15518
19419
578
7718
15203
12348
20813
13257
14637
24375
4339
17531
6034
8413
9989
11645
21610
12941
7678
23432
12639
14722
15340
14137
1845
2348
17261
23482
2096
13359
1948
9025
21334
12534
3738
23417
7536
22180
2926
19734
17898
19802
15373
13116
6637
12696
12323
22745
24119
17419
18476
8898
16603
20528
4819
17087
22599
23256
7811
23095
897
15276
15782
7212
4299
13504
12850
24916
5025
9261
21728
9302
19560
19672
24310
23347
6161
2265
2951
4316
23741
1726
2827
15317
18894
4590
9559
1381
13906
19945
4577
19313
22183
15729
8772
19392
18658
10415
3670
11608
24041
1461
19501
8452
22681
2709
3057
12931
15880
23560
13749
20834
24780
11713
7494
18447
18352
3524
1113
1314
17879
17326
6369
7452
2093
14872
11044
17041
5128
14750
17172
8688
6006
6286
20087
13792
217
6898
23582
2174
3135
7087
7768
24621
7446
2960
10910
21516
24929
2394
6066
19871
7392
13900
4369
22531
6851
11
18242
24051
2293
13183
22906
4372
11447
16403
12474
11633
6232
23055
17860
3724
2727
14287
6944
24519
15933
8964
12402
12169
21747
15347
12227
13423
19396
19179
12449
4489
7640
5890
21144
1636
24765
22179
20433
15850
8167
2688
11427
6872
17436
7571
19719
16627
4707
3469
120
22561
7547
20814
15397
4922
22229
747
16274
10600
14815
12879
428
20034
24283
8023
14142
8812
7672
15388
21162
21985
17068
21740
11311
12561
16536
14568
6426
16401
11903
8094
9333
19371
18369
19762
17674
19099
10313
14702
21386
18258
19085
6966
16556
12650
13845
23419
23107
4724
11176
18705
3483
691
16611
11809
6708
5138
1318
21428
7025
11776
17045
13447
17058
22172
19514
9695
14581
14442
12636
13734
10369
16211
6834
21973
6540
15506
874
18645
15101
17456
15891
18876
22567
19557
23411
6405
207
15400
11127
1166
8861
10471
20401
6477
18089
2782
9930
10542
6372
18570
5317
3193
17221
22014
17576
17929
12875
19937
3748
609
22089
20776
12259
10672
22825
21276
7321
19211
5175
2612
10952
22754
11761
17541
9812
12459
22326
881
20103
23940
7670
18453
9825
4310
18297
16641
17259
21236
8793
3402
14635
8625
18029
5794
20234
13754
3650
3958
5210
21401
6072
9137
10912
3406
2449
21254
17037
16578
16728
22532
18474
15882
16755
19578
10072
8687
3340
8677
23885
9238
2609
21490
23800
9288
14813
20124
7153
3071
17030
8000
12513
18634
3757
12185
24534
20601
24792
3694
15678
19909
16278
4022
2203
3646
11138
8723
23073
16177
3774
22579
15429
17938
14929
13362
9196
20854
9679
9268
8422
5240
14293
4450
4769
11219
14250
13496
4129
8083
25
10274
15219
19252
14654
10684
4427
24937
13804
19858
257
2775
24774
20114
14636
20424
22361
6847
18554
22590
13755
9372
449
7228
16304
10185
24113
3798
1216
2608
2893
3778
17717
4837
15812
19967
22106
15289
4586
6646
1249
12336
2680
7774
2554
1418
10592
7587
20342
23584
2138
19943
12702
17129
8888
1184
23551
21291
501
21075
16171
22807
11542
20170
16864
11641
10554
7398
4371
10051
7007
9575
23515
8826
9256
5764
20523
12845
19644
18980
16520
23023
1181
1136
17884
21031
11920
13041
12184
4373
16366
16845
11321
7307
14289
7682
10611
15592
24168
23272
16789
20729
3723
15763
21325
18441
17050
10631
22156
23006
20991
17538
6769
7865
14835
24564
18024
21317
19306
24491
6805
3635
18755
1929
8214
24497
6062
4058
8109
8169
17655
24764
12574
6358
20187
24615
21601
5431
13596
17831
9428
15060
8545
15139
8158
21304
2090
14989
19401
6546
8024
21403
9467
11743
5769
3293
11017
15784
8050
750
10332
5149
13298
1725
22558
4352
23722
3599
7290
16835
19754
9430
5433
5288
89
17967
14794
21409
11694
11573
6165
18741
12860
16640
21581
16674
18321
19954
14710
2453
13850
4452
10902
7546
5862
2328
6015
21121
24956
10266
14605
10506
16821
10899
7157
14621
22980
17363
3736
23763
3067
11194
19458
5459
14067
6536
2083
1466
22778
10535
22950
9413
19611
20015
19234
6509
331
15699
1075
22141
68
19173
4856
10641
12228
19377
17340
16312
22413
5135
3804
9641
6857
9353
16973
5098
11281
20950
22747
20180
15359
792
23982
19414
14094
2488
14389
2903
1338
13215
16029
17325
10739
1690
19840
23877
14347
1355
15415
21587
2764
11294
9785
9228
11751
23737
1793
1031
3785
5712
24862
4974
3414
24976
13825
2077
7988
5055
17667
10241
2653
23314
11286
4267
4040
10269
22828
15914
15922
22902
19797
14642
8904
15411
8230
14098
2994
23047
10089
1287
2545
372
8811
7197
7164
7008
2617
24265
17216
7741
23843
9879
10076
14426
12307
6288
11801
17490
21501
1238
8463
24943
12489
23069
24784
15568
6824
3855
9386
16524
6434
2949
2331
20366
11128
12111
3463
4742
8894
2476
10082
24921
9948
20388
14830
24327
20988
11748
6942
16765
24625
13767
14803
4901
3254
16852
16444
3125
12181
4875
8033
12294
1841
14723
18415
23229
16430
19580
11966
20846
14063
7009
23104
22006
14048
16493
11038
10443
3294
8969
24285
7723
4853
5765
3219
5622
2639
1240
16644
4850
5565
7717
23927
17024
14217
9287
913
18285
3456
17629
17872
2896
14861
22375
5648
24846
10392
16136
15297
24993
24809
12134
9066
211
16213
5851
14770
17824
5559
3034
21424
15958
23342
9797
23382
5623
19035
7899
4957
11417
19209
7619
22994
22501
1796
11419
3303
9768
17324
939
24230
7167
14200
22287
565
6730
745
22716
6475
6139
23859
6101
22210
9547
8639
16542
20119
18515
14124
22315
11064
13457
2934
13258
8204
4698
17580
4078
15363
11218
16529
12795
17347
14080
16437
23935
19226
13721
10104
12486
4717
9770
9716
20582
22562
2013
16861
6869
15424
21224
12633
146
3657
2750
2295
19485
10610
15885
431
15848
18498
23564
11922
12927
8247
1008
21700
22612
1375
8273
1790
11231
15493
4469
6144
13731
20477
18436
1474
498
5678
24511
9082
24250
19183
11288
11356
6527
5546
17600
13582
11047
21603
2498
20948
23066
1471
5581
5479
11033
11091
15831
19646
10749
23717
18814
22203
20249
19213
21469
6126
20414
5599
11953
11441
9463
12993
15328
6168
194
8721
6292
16791
350
4616
19767
6650
16837
17934
7753
8716
502
3343
2211
6058
6071
4747
4364
5056
16074
19605
2927
16004
1513
22591
10328
23132
6585
7564
13836
22917
18855
16878
3016
5925
10480
11972
6099
4918
19490
12835
11504
5717
3474
20999
21896
12584
4319
9634
899
8850
4651
1593
19497
19944
3936
6390
22513
572
2907
20415
9939
18462
18805
22641
4784
17713
4732
17484
22633
13086
14183
6178
16935
39
767
10624
5668
16311
15816
11538
21746
18360
7214
7576
14845
12455
11562
597
8827
13664
5900
15639
11976
21313
360
9918
23882
3569
20888
4973
14036
10778
13139
16064
16205
22133
17716
6000
9992
24674
22049
16745
23774
5486
17792
9410
18900
15256
8998
13783
14223
10385
9310
13812
11524
2906
1551
18541
17081
18240
12525
18908
3162
11132
8971
9098
24022
20807
2963
21210
8658
15720
18783
2946
6722
5013
1545
23353
20594
19237
20648
8436
17385
943
6695
24346
21763
962
19476
22667
21431
2147
8044
15006
13551
3311
3511
20291
576
21789
3759
15799
13762
20672
8142
13071
23721
7325
10654
12713
3879
14291
23325
8245
13442
23127
20938
4430
14119
2715
15461
23892
21786
15111
22426
14550
15719
21343
21459
5944
2997
485
8666
6891
12231
14446
19667
22442
20555
3963
20735
1660
1210
3767
5536
3680
24028
1698
19175
1744
14333
20516
5904
11405
10811
885
22369
11008
19691
20125
11539
4791
14275
1866
310
23605
14051
5337
20500
13958
1791
20536
18649
6324
1577
1158
9206
6132
5908
4841
2813
7484
7778
6841
1494
8287
18043
10822
8306
19368
12189
18219
20951
2811
11249
14356
14502
1026
23664
20579
12644
15956
22964
14431
2154
4432
16365
20146
19755
16702
12091
16598
8187
17213
17133
22720
21701
21342
8869
11402
9317
11046
1702
8115
12661
14085
7762
8408
16013
6647
3192
2187
18063
12708
21822
17055
23766
14038
1728
24031
681
3806
7697
13064
15828
7535
24557
16613
7118
21813
19321
18790
4797
10944
13963
19427
13282
1209
5413
17367
4268
11795
9164
4917
11414
12392
12254
14404
16100
7268
16082
6642
12576
6141
24177
12219
20879
16860
10218
21280
7783
10359
21282
14666
6008
7629
20924
24861
8344
20510
1001
8636
15974
22202
24143
1848
11792
13586
13935
7953
1211
19841
1623
1313
22736
20565
16148
1198
18630
22518
19697
9972
985
18479
14366
15169
24844
21391
9572
18143
7951
9546
17594
22108
18466
1706
7693
17320
2514
2972
15376
23038
14543
21134
697
6272
482
24018
2447
11285
7382
12968
590
21627
22505
8514
9343
16191
17481
15330
8876
6912
5891
20968
10725
4094
5235
4672
4950
12989
13394
11357
21298
14913
22228
19688
2390
16634
8975
7760
12391
24212
1128
57
17485
19845
14786
4405
20850
3997
24852
17545
7521
21548
15524
13307
18102
14078
20664
664
2299
3349
24284
9627
18224
5504
17443
11048
949
10616
9518
20092
2598
18550
8350
7011
3240
22097
13569
10353
5163
4888
16321
16927
12321
16608
13173
8219
10742
5392
6051
9468
10653
19178
24942
10361
2711
10553
548
14114
13219
12818
17395
12578
8014
20698
2487
11117
5157
13058
4091
2984
7719
21858
23080
18698
22088
24296
21968
20389
24107
21059
14941
9480
894
15442
21025
484
5410
17404
177
1156
13443
5001
15440
22130
7415
15983
21150
24529
13653
18657
24530
24667
19235
10985
3761
17360
3645
6633
4786
18797
11584
20955
15471
24992
2510
22275
21137
8117
8565
16564
7407
15368
3416
7069
11490
9191
20882
19021
7507
20461
5861
6343
13851
21733
6668
4630
23473
17801
13946
4110
2434
20700
14843
18328
12431
21132
1069
22500
23135
22437
18317
16820
17608
6783
16184
23051
15786
24599
6947
942
17243
24604
13887
19422
17904
10550
8924
9595
17537
8800
20908
17288
5005
15492
19012
10365
10555
23145
1382
12657
7497
3611
13038
2640
14840
5688
17032
18623
22155
13904
1727
9814
106
5882
6076
361
13832
14720
23524
9751
22916
22830
16985
6207
18322
6361
18351
6109
14236
22886
22987
631
22005
2159
12559
24488
18142
1874
4201
24795
19877
23648
19883
20356
8006
24718
6400
21198
13196
18464
24066
13085
4174
16593
5793
8832
11227
5784
2854
19259
11466
11146
10045
9469
20167
5437
18681
10220
3220
9811
12846
24492
18461
8961
24187
6375
23452
13029
8738
4664
18925
3927
1350
2724
8438
551
11019
6846
4404
16254
19922
21552
7964
17155
2229
10455
16676
7912
4770
24331
4044
24207
9018
16327
18760
20801
3919
20748
23138
5167
23487
7501
20824
24876
6582
20152
11480
7916
2462
413
3185
12874
1609
16069
15531
23733
6308
2517
20338
15310
1189
9660
15766
13107
1315
16697
21251
12444
7967
23489
11585
15374
18782
8208
224
5961
18841
3533
12871
334
2308
17793
9223
1400
13647
8718
24421
1188
4593
16484
8897
6692
6893
17806
2417
7732
3878
23904
13954
20728
6567
2977
13907
23015
22346
9644
1200
10613
24340
6274
21242
15971
2656
24915
24317
3079
4665
23451
5709
190
20569
7414
3897
7111
4061
18243
18717
24960
8725
22359
20723
3472
10963
16188
15898
17374
9791
21013
20767
21841
4730
14198
1776
4945
24847
15883
22193
3401
826
1559
23071
4720
7239
14858
969
3465
6031
19453
5710
13669
15939
16223
1186
7165
781
23511
10162
24825
14068
6474
14102
1715
16150
7028
1469
157
9041
22759
12505
16442
1185
4244
12274
4066
8131
6715
11873
1784
13233
16396
20603
1662
13286
3699
13248
24963
7295
16120
21689
22131
17997
22336
10464
4816
642
8153
18508
15504
23986
349
21715
6352
23367
1060
15469
9604
18701
3917
10136
2937
778
15597
13782
7963
22213
23647
5278
1607
10319
4497
713
19302
7298
2008
20983
12882
11103
8309
9136
11241
24384
2875
6613
19147
11100
7889
7294
11934
17627
12019
23193
11125
13570
10388
23108
11111
3671
9133
21077
22868
8877
21238
20774
4181
4317
2273
1556
18282
18551
9994
132
13982
9135
9092
19206
1570
23177
3658
23009
16725
20413
10375
16996
1980
21265
3977
18488
10673
17072
32
9792
19692
13290
14973
10530
23614
980
14034
9306
4313
10781
6960
9833
2017
9762
24714
22672
23311
15486
11670
536
794
22669
2826
7601
2744
3710
19933
2395
22713
17452
4807
13254
6786
5109
4274
24122
4089
10931
20499
17161
18162
23702
22995
10514
20399
10986
21640
1063
23807
15350
14578
5695
12970
19634
5124
2499
5833
13023
4215
11307
21959
7559
4690
23848
13227
3617
23853
2105
6539
8791
20876
2629
19318
3054
18542
23944
7591
15211
20177
7961
18987
15240
682
17631
23133
1093
18098
23847
17471
7173
2135
11322
18394
22863
3669
21619
24192
8783
1718
6158
21981
595
2604
7653
19681
2683
17197
11857
3634
21194
21830
16032
14037
17815
22125
928
17440
19256
14295
14865
9319
9067
5373
1263
4443
8756
20732
22083
10807
15199
23995
24837
7261
22832
7256
3032
23856
22465
19826
1854
13475
18837
22027
1332
21977
2904
12177
15494
10787
7334
9257
673
9178
10111
5302
9867
14626
21645
12738
11049
20080
15620
1108
14112
13831
4229
9701
3949
23192
13140
14168
15555
19677
17003
7449
7140
22073
13295
2423
20658
2877
14693
21891
22494
1233
1521
7711
10708
10841
5237
9169
24370
16336
23042
6995
8790
23988
1656
10994
11516
5855
780
19243
19761
18620
17892
2113
2810
23572
3619
1754
17103
8322
12892
15432
16838
22684
3384
19108
1779
3531
13207
1576
19949
23165
12938
6455
13229
20430
8979
726
8872
1294
23586
10562
628
15249
2286
13003
13625
17697
17375
12117
3600
17006
19540
10351
4735
10737
11380
21374
22989
24971
17509
9185
469
5396
18001
21934
14952
738
7369
19496
8314
4236
2723
10186
20701
14988
19242
17115
5955
151
21785
14060
19796
24577
8520
8399
13055
18836
14768
20045
8530
14355
972
838
8640
15992
11734
20392
1459
16142
12759
6636
6937
20030
18740
5655
14930
8174
7076
15655
21165
24473
2828
5246
20183
13679
5253
14584
2484
5767
8334
18269
556
2676
10287
2658
4620
21498
14880
680
5394
8690
12432
12083
10875
17202
23011
7992
5502
23371
19221
19573
1373
12015
14520
17022
3055
2599
12951
18350
9090
9586
10277
19593
4511
22282
3266
22396
3320
16884
6797
8810
11099
24339
707
16636
9706
160
21805
2195
17989
20423
22225
6802
10447
1439
24063
12283
240
7746
23945
11337
22874
19986
14981
10401
4512
6490
21535
15852
15095
156
23189
10039
409
618
20750
10869
935
2026
14244
23532
13325
12799
20583
15278
19044
13195
18397
19509
20973
20016
6492
14853
20696
296
6519
2863
1255
14335
8276
23709
11204
20032
964
11733
13093
19885
19730
22058
9697
13890
15577
2985
11385
8913
24103
2805
13992
24839
3585
13401
1523
14684
6611
10651
16565
8491
4781
16549
5383
16508
6654
15197
8606
7893
12802
13819
24117
24368
2035
1582
20196
15161
12623
18346
17130
4103
3668
19050
10975
9274
15745
14470
20202
23924
7338
13172
21406
3396
14158
13503
14992
19287
8231
1852
6205
4298
11116
3588
7759
8967
23154
13446
16227
341
8729
5276
1610
24379
8055
21281
15793
10953
20361
9054
17628
14240
9328
15491
4991
3575
2379
23212
8328
7171
15746
18505
4277
19076
1056
6743
24487
15466
4566
20190
13278
15049
24999
6121
7518
16389
7468
12216
3446
2339
1251
24889
11270
9425
1410
16101
18965
11837
5828
10865
15288
17297
4702
2642
14546
13536
8461
9750
14887
23893
18548
608
9593
24404
16086
11642
22794
14123
17754
8581
19185
6493
3428
7784
23265
5075
15611
13492
20216
15391
3693
21796
9232
18862
22882
4584
12142
36
17267
7041
24447
17207
23652
7569
20212
20731
351
18748
10482
128
21089
15005
197
10047
22102
21247
5573
10095
4249
15056
20644
2362
9955
20557
8761
12276
5963
22263
8353
22545
10068
24614
21155
10487
5770
22492
24823
2124
7199
6976
493
18177
7313
2254
6712
15522
21555
14394
7404
16580
13722
2223
12991
8635
1627
16162
11142
7067
542
10002
12408
8860
2481
16284
9592
12783
12096
13693
21916
10565
6889
818
8047
9144
15447
6273
21871
7149
5353
23076
3655
1795
9710
5950
1537
17437
1046
168
16637
10772
7253
20081
16679
12118
18266
10671
7467
1037
15723
6424
1059
17266
10237
10058
23816
250
24069
13826
17693
19489
23200
2757
15734
19517
1692
4077
23773
8708
3844
2285
11482
1949
13057
7617
22414
12563
20831
23886
14260
9073
22100
24649
20421
4193
14070
1820
17694
24463
20227
22602
21438
21682
14829
7044
5777
15107
21755
24691
8337
19505
3742
10017
21503
13585
195
3208
8830
2359
22739
20618
10057
21987
10367
13692
9553
11182
8175
13634
6965
17011
16552
4920
20522
22176
11841
6047
24879
22090
2330
19203
16180
12877
15110
3613
9046
16756
3341
5741
23358
5699
8874
23693
5810
24078
9176
14402
1881
19543
23083
17649
20458
7517
7032
16062
9529
18792
24234
20808
16154
7310
13338
17996
10625
16019
14045
20671
15726
4068
702
17234
6959
10378
12292
7824
9981
15600
4546
20584
15435
2745
22838
19502
4714
10878
6344
1682
930
9588
10425
12163
6985
9748
23873
20756
1258
22919
607
13868
4207
1846
8243
23037
3160
10360
8433
21592
11408
1693
20789
24470
10695
14695
790
16964
9168
1268
4233
17369
22168
17064
19738
15910
7487
19102
17701
17020
5085
6473
22239
19435
4442
3649
23851
18868
15072
14590
19542
23783
23759
14678
8290
6747
10523
2338
21643
7359
24696
12516
15906
12140
15672
19591
23588
1827
8954
2692
17691
5875
19827
15918
10028
14178
4183
10210
8073
10337
24894
5060
7938
11083
165
8620
16320
7102
8646
9111
4182
16768
15123
2662
19223
15540
19908
13563
10961
17114
18012
6571
22160
11623
14599
15835
10639
6193
21677
12630
2275
13490
16970
18700
24038
11879
18325
2261
20369
848
415
22692
22043
22885
17888
3950
15708
6531
18172
9148
18370
23638
22910
13059
15250
18376
21460
23494
8534
4314
4652
23195
21569
20881
2345
17886
2987
22786
3903
24188
727
21703
14825
6439
12663
21508
9237
8220
10721
1157
2565
23868
13952
8698
13790
23173
23656
13284
22371
24682
6318
5465
15464
14709
17349
6564
18288
20628
8374
3799
13976
24635
23333
15940
1349
24004
24759
16685
1285
2243
14526
19589
13903
18589
22806
16616
6203
16363
8567
8053
18809
16799
1257
7183
8093
65
1732
18306
5201
15712
23675
10402
24613
200
10374
16261
18101
6156
14367
13753
20702
21372
3075
5255
7311
5690
339
19444
1129
17935
5775
9450
14571
6310
3996
16769
15135
4515
3248
17858
18235
17109
19941
6671
20585
2214
10701
3230
7797
8667
3033
10158
17145
8132
3929
7572
15280
9542
22121
24546
6915
18119
19752
15019
9557
1992
2840
16887
16077
23340
24973
12787
22204
1560
23552
7373
8746
12313
21133
3857
7000
9162
22354
8092
22051
6717
4003
17318
5574
16470
283
13016
17781
2804
10304
19292
20473
272
17310
9613
11021
17435
4635
4072
10594
8211
19604
3542
12914
22616
7984
18764
24695
8748
12548
11387
13979
16526
13432
13537
16301
18473
12112
21185
11303
6004
12077
19760
23793
24782
22927
2468
11302
15449
9084
11097
6870
2621
14624
21080
13277
13061
8839
7349
20939
13025
521
14882
21027
22408
18147
18747
1844
14462
9298
19464
20978
8751
6107
22702
21369
21190
5132
1730
909
553
5111
4842
1300
17521
4890
23217
997
2249
9661
10489
3043
22849
24257
23952
11541
12211
4024
7680
23039
7742
7728
6584
21348
278
15740
8161
7384
10730
94
193
3529
12049
1813
20316
9389
12736
11540
8936
13144
734
12002
14215
5039
20712
2332
3438
23657
3913
4536
17118
20637
7425
11192
2357
15274
4646
8385
10189
2492
13660
23149
19326
1811
24849
21001
20255
11775
3800
16739
18781
4613
19808
16733
24787
3316
2183
18816
14265
4401
23074
21209
24312
15305
488
9783
10827
13181
14084
10793
1433
9776
20003
1308
13998
13571
23617
1086
10181
13644
18727
545
7365
5718
2497
214
7391
20866
22214
3085
4486
6403
23503
23691
11579
14953
14686
16121
24866
9864
5773
18905
7345
3151
22351
18231
22801
20057
21933
19359
5750
20708
22056
24600
12203
17067
2104
15598
19907
21318
15903
1161
9186
12070
14313
14595
15578
3765
9222
11973
23393
2988
9235
377
21783
16435
15174
17907
7565
20757
1864
3787
11291
21580
23372
17004
22410
23713
23854
18088
24779
23299
17194
12271
1583
20492
24737
20841
13078
7891
11106
8660
291
2400
8745
11721
6457
8966
113
7020
13345
2277
12742
8080
20236
19227
613
12297
8317
6907
5122
21696
23323
1713
12763
1323
10227
976
9016
17880
12147
14277
10833
24686
12384
19504
23570
8195
9839
9813
17516
21181
4814
22603
10512
12306
4308
21541
22078
18139
5257
21186
8429
11618
20545
2849
4465
10505
23677
11383
10743
1342
3344
5197
18555
20787
2428
9960
5166
15255
6605
19144
14730
22238
7505
671
18316
9202
19932
6963
6831
3817
16315
19089
19345
23808
23330
2701
9744
1956
10196
12853
18563
11732
24544
12065
6412
11583
19996
14719
21125
4055
9754
10943
15633
19299
13789
15309
16895
6825
22050
14133
2922
19117
5535
6662
19783
12353
5397
13439
22554
2970
3177
4192
4412
12190
13863
11420
7039
21295
9059
22790
23146
4958
4331
17974
17315
12856
16078
10532
19442
10121
3773
4111
3502
41
12480
23117
1965
7691
2366
7136
8859
8360
7312
14101
1735
96
14204
9999
2349
15365
14610
8001
10372
10432
15556
7869
20588
721
13520
6381
6311
16605
17903
15923
8510
5290
399
16579
7833
8934
23919
13704
19814
18056
12278
21633
14339
16924
464
2958
17137
24539
1947
22499
6246
9375
1111
6378
6368
15084
14630
2059
5320
6033
23615
4392
18329
18522
23639
22653
22019
9988
21006
16563
1755
2619
17704
23998
10835
13053
9978
4356
1695
15741
7457
5323
19859
13247
19146
9021
23543
15116
23331
16831
13081
2665
10211
16722
6772
15603
24660
23795
17952
24769
14365
10821
21731
11980
6464
3202
7997
14299
22625
1447
5758
7942
10705
21321
2595
17289
2853
11552
3010
5974
20486
5452
5867
8786
18928
16836
914
1815
5972
10580
16882
20624
3167
5824
22866
14589
20751
12156
20304
7925
10868
13344
9564
18849
10037
5613
18995
10483
15078
481
6686
11010
1817
13124
18004
12424
911
12479
8427
10585
4039
24666
17239
21058
5958
22862
11793
21998
16750
847
4271
22185
18375
9623
6160
12349
6904
9560
17985
24221
12110
10588
16426
10947
18204
9890
4420
5228
15797
13966
4245
10229
10848
11762
18361
23454
2928
7602
19882
9658
22609
6500
24617
2475
19277
15143
16507
9253
19785
1468
1248
15571
7080
22565
2150
604
6458
18746
14165
10960
15951
6275
16090
2178
10449
22135
245
10363
17814
19105
14424
1562
4261
17274
19446
20026
12515
10279
17101
13077
19703
20122
21653
8040
11014
8269
14631
10799
1529
22785
5117
23912
16912
24850
13529
79
7649
9117
18751
20621
3837
2274
9675
20067
18020
4636
15595
7792
13729
1242
20480
8655
20354
21834
17489
20777
4861
21350
242
4262
17047
7155
5241
18913
24517
20409
24399
14160
10069
8608
15371
3509
23946
15166
9962
2632
2551
23581
23144
18973
23778
20995
6806
8400
15996
989
3753
1723
12200
4731
1464
18962
6155
24089
5702
1831
14378
6812
14122
6694
15977
1611
22704
11918
13638
13076
5281
1364
6522
1230
2611
11661
22758
20283
4363
6463
22038
10282
21565
7764
2624
22026
17146
7218
7700
21846
6896
15155
5841
13405
21292
7475
19698
5183
2242
14521
15243
8627
24733
20474
17465
19455
636
17906
10760
22456
23431
3274
2144
20060
21559
2
19768
24828
6068
22992
10534
5088
16018
14844
1162
17510
22259
10713
6548
17332
11656
21806
2070
16984
8454
4220
12079
23583
5377
20312
18622
1665
5274
23947
1422
24747
2959
13808
10866
7223
14990
9793
2134
5541
6645
23634
3434
9006
16803
20661
9847
13837
14509
24434
8316
1878
12212
15097
23032
4018
4539
7786
16995
9283
7047
17885
6428
24374
20328
6016
6346
1320
14660
22362
13201
21065
15244
18631
3751
9113
9635
12258
14978
19005
189
19546
14959
16956
8685
12387
1385
20040
10312
10973
14608
20463
19770
15324
13304
17698
1596
6950
15201
21969
12223
14191
13710
10996
12255
4000
16813
11945
4871
7292
20952
13623
11998
2962
22730
731
24805
4176
23241
8764
11612
14456
19417
7902
14518
18642
22928
13577
21
7956
14511
9580
14047
22623
16385
11747
807
20809
10976
7860
15073
4554
3985
19805
11354
3249
21717
3815
3912
19956
20111
1849
5985
11844
14226
21661
3716
10741
21299
16544
14807
5976
9525
24683
8617
11284
16687
2756
1579
6549
18597
1515
11682
4049
4063
19297
2347
21655
11831
6446
7317
4722
16671
7335
7299
4599
4017
22660
24131
6173
10362
3231
13015
3721
17528
14087
20697
6150
23908
2375
6779
13968
16856
19307
16880
12944
14146
16762
22947
21769
24785
20870
12594
22450
7001
9925
18531
22962
9570
19585
24789
14011
16721
16042
18135
592
24455
15242
13556
18659
24171
20489
12354
10193
14822
20213
21591
2278
17610
2779
12721
17836
12739
10788
21394
19432
24664
11968
14849
4763
5379
11914
21435
5312
24461
20192
24573
14172
22943
6487
11917
10815
19757
20262
23129
19296
22403
22443
9341
5270
7370
4199
5068
9632
3503
9058
15041
2352
18218
12685
12700
4410
9798
10918
19765
23787
16382
3605
11362
999
11572
8148
18926
13302
2664
21854
19822
20994
12232
14512
12466
24985
12820
4605
10463
18074
3933
19416
14647
4712
14767
13048
22780
17228
7350
8988
23024
19356
5137
426
7646
19460
6320
10820
9085
4520
2738
4169
13776
851
3427
23086
8937
21925
23500
22222
9163
17107
6700
14012
22668
4793
13009
15087
15520
24330
19216
2765
20914
4608
12697
5602
593
5351
9944
11460
7932
10175
21597
5537
9646
639
3556
21482
21647
12570
18097
23206
1869
11338
5906
1432
10667
3104
13027
1774
24135
10698
8237
16119
7585
12385
820
16908
12105
9470
2578
16207
16477
12898
24449
7190
19664
7870
24755
6465
10167
10157
22471
14939
24699
23917
2843
10100
11657
4878
10880
12865
18915
7042
9857
10719
16515
13321
6052
19880
16000
13612
6873
436
6837
9003
24090
5960
23343
13350
17870
11821
23007
23247
19946
13728
13643
15594
7793
8637
2218
17738
10928
4545
12606
539
6514
24567
831
24947
11342
1497
13521
7363
1524
24966
19025
699
14473
230
17275
21168
15679
20047
21928
3448
8701
17123
11789
9527
13193
22431
4583
20852
2061
13920
20651
14221
13791
891
8734
1925
18847
15000
17131
6057
12778
16485
14185
21779
19655
16945
9402
9024
5998
13363
21174
2202
12902
24777
18997
11790
6982
13977
12514
1903
12810
22810
13727
1051
17492
49
24941
21436
20773
958
10381
191
9892
20590
21732
3803
20429
16446
17864
7356
6996
227
23280
2097
17001
22165
6827
8692
10311
2340
21879
8424
18413
21953
496
21725
4112
10407
20100
12226
13941
8221
18154
10541
7555
24746
5685
2304
6559
18607
12788
12791
1789
3361
3614
626
19348
16025
17644
14437
354
24800
20449
21172
17033
13411
15925
8261
19515
7625
15879
15022
5225
24477
11350
1124
9871
23685
11177
203
21773
1237
13901
9821
614
10021
7647
8201
15483
6933
17939
17442
8011
22072
23616
6157
21668
14363
9056
21014
10113
17529
12248
9226
24050
18632
19659
2647
16760
23349
19616
12911
2839
14208
4272
12549
12145
22320
8462
15058
10853
13553
6829
24712
4142
15450
7081
18032
23744
11268
14314
22791
21525
1892
21002
2221
987
13151
24129
11306
22302
14166
15015
22799
21262
9383
6864
2625
23070
9735
22468
345
14489
19865
4531
24047
18545
14147
4202
400
14346
17439
4060
8797
12618
7800
18732
22464
4038
14958
18899
15532
20428
22664
9709
4338
15535
6043
3176
20107
21229
12132
10529
9808
2623
20340
23627
24039
21316
550
3553
13626
10320
11028
18910
24166
19257
20845
12847
15929
19116
14931
23865
18071
14580
24308
24256
18736
2085
19212
960
1095
6819
23013
9963
1477
23251
12451
20033
2837
892
13192
11861
14455
17988
17065
11084
1871
4309
16001
17438
6191
16433
24361
4704
17467
4210
1923
6596
6266
251
24274
18810
18884
5338
3995
19590
4301
18390
15142
3626
13918
8464
22322
22618
3590
11503
14522
2518
21542
14592
5292
8851
18114
13589
22174
12965
14447
10199
13788
9639
6666
16406
2368
434
8150
17279
14938
19029
24964
8763
4595
21074
7539
15433
13514
17841
22984
24254
20203
6525
8103
8156
24583
4565
24761
4558
7979
2580
11471
37
7734
10911
15582
12508
24811
6280
16594
2817
17953
7662
22911
22016
9582
302
5027
22851
22057
13809
2866
1391
11570
23287
18059
803
18105
11135
18238
7862
18830
21054
12149
18410
23125
11070
876
4503
21618
7632
24270
12371
6560
10669
18536
11667
10409
14881
1377
11613
18927
20533
7465
3477
13663
22434
8004
2044
11434
1701
14139
7681
22615
12764
6939
15756
14965
17640
15564
18281
16252
1518
9241
22897
6257
23362
6025
18538
10732
2991
18784
5843
3424
9765
14181
9249
18195
16202
708
22586
417
20021
1199
12881
19863
5042
4812
8239
12100
12204
4297
491
15874
8705
7169
13079
1289
11113
749
23776
2314
6209
13418
4014
16362
3082
22977
8029
2511
22848
19057
16093
8955
20121
3538
18355
23220
12154
2264
16394
8372
21833
24729
9029
6423
1339
473
16014
6444
19819
20709
17321
24349
21589
24406
3581
18217
3796
11458
7941
23863
20875
11709
18421
8333
4567
20002
6271
6432
18858
7831
263
9608
18683
3440
19428
12665
18644
7935
24101
9200
17412
12519
9759
22416
15636
12754
2064
5892
11975
17027
21221
12172
22726
15179
14801
5675
22815
13060
14327
15546
4954
16404
21958
12808
18502
6620
7621
24742
4728
15292
17963
5258
6234
14209
9225
1788
16901
8963
9438
4402
12372
22211
13939
19935
2740
18237
2074
20079
3140
14824
558
11950
15296
17140
76
284
23775
19267
138
8236
16003
5044
16758
15275
11577
13970
4009
14380
13668
16158
19848
17306
4468
13793
24505
955
15186
8441
2069
7710
850
14672
16257
13761
16614
1634
694
15379
12246
20253
11412
10251
10398
9917
21562
21752
511
21296
17844
13300
14382
13894
22248
8568
1179
17867
23484
9979
12790
12949
18533
15303
6917
21795
3355
12381
12481
247
14661
2363
3946
9264
6401
5299
13378
2737
10990
1475
1229
17201
6002
22485
4658
6777
24084
14151
10013
14075
20229
167
22250
13481
3070
20693
16050
289
16199
238
12829
13485
19606
5524
23519
15106
8958
9244
12047
13921
8676
4106
9416
161
22606
22535
17093
13839
11292
15711
16806
13476
22941
18920
8277
3944
13802
6593
20267
21154
14744
5081
6073
24749
21429
22559
15137
23088
8644
12229
23753
17705
12012
12784
24773
10238
1865
3074
18893
9102
12021
4682
18387
2918
18817
22953
19053
11939
16087
10234
8146
12440
1532
9773
21571
6658
6307
22560
13661
24974
2751
14372
10075
1456
24496
22147
7658
17542
18060
19524
1934
17478
2911
6705
22763
20205
4693
10469
13930
16178
2731
1952
16170
16654
16132
6521
19551
16965
16498
22053
14889
9537
1886
24048
12564
18826
2445
19042
13604
20104
9897
888
1982
22797
3314
3366
14092
16067
13575
17821
14920
8341
22449
3717
7573
23474
7346
7626
18975
19294
11009
18144
10933
16229
14239
15862
18687
22395
10325
17685
22915
24650
18037
24342
15758
19006
1480
15641
10586
18813
18786
8027
20633
12695
13881
14883
7552
18691
9943
19592
12935
19188
4322
17060
6334
22199
4715
22453
9254
20118
18179
23831
11031
16452
10689
7273
4180
5854
13841
20407
21408
9142
5817
7176
13343
23143
17769
4234
16080
18850
1563
11758
19026
4955
23750
16916
9161
24033
15674
12913
1309
11988
17992
21183
23060
15195
23341
24520
2943
10501
13598
12303
24827
11858
1310
612
22262
4360
19749
2566
12671
12344
2666
2935
9956
15109
24355
4906
4216
5635
1178
8871
3298
18679
13449
9900
12560
20326
18798
23896
11336
2038
11586
8517
7332
12680
23303
20018
10642
21650
1175
17684
20298
11110
22466
23705
20979
24138
12550
16339
12552
6009
18274
19328
22350
21331
12876
22189
22061
3106
884
22655
7699
22581
3707
11309
12593
10699
5362
17597
22576
23559
11164
12128
131
1996
2932
12067
19174
15488
4153
9464
20860
8064
10495
24353
16720
15273
22173
5969
1974
3330
20548
3199
24132
22931
20646
600
7634
18821
1594
6710
21621
2792
1768
4642
24222
20302
5073
20099
16713
890
2973
14352
23660
15377
18968
13266
16570
22788
6166
381
22445
10356
7231
19493
3116
6675
11755
19568
1834
19750
2902
18458
6649
14359
1149
13371
13546
24938
13358
14252
6020
1205
11061
19337
4336
11236
2384
21687
19940
22332
6005
16620
14338
22555
8889
