8062
955
521
18932
2590
13678
16846
10973
9710
22763
18761
16550
15219
4134
12073
24337
5303
22873
13426
14403
21001
24180
8648
12645
3400
20294
24395
4152
3122
10798
13651
2487
6194
3939
8501
15112
11564
14796
1582
8642
9189
12250
4345
14756
1188
24780
19866
5061
21718
18719
3940
2474
7498
16488
6878
20337
2579
15377
3075
9098
5774
3239
21822
20060
13478
7434
3325
23054
20469
15251
5151
17568
10233
3502
19386
1348
6111
24168
24157
10953
163
6572
22651
22209
6366
24398
7679
14086
16014
391
20455
21492
10911
6769
12300
14648
23586
18694
15480
24423
11244
21735
21879
12860
4704
18443
1135
6847
17933
16556
1782
301
399
19085
11830
3350
9054
11577
1821
20146
17195
13616
6966
5551
12578
23258
2568
23265
13059
23402
17721
3128
8372
18676
17073
16118
680
3528
4467
17584
8126
7854
3478
24339
3790
10485
4287
2870
1442
20989
4783
16295
2139
13116
1080
15108
4338
10468
20872
21500
3017
21677
2934
904
13356
19328
7126
16196
24396
813
22975
6478
6228
333
20496
14668
22543
21844
22605
57
11575
406
763
4000
18892
10
11489
1136
16650
23610
14439
10151
14983
20125
264
8835
9846
10353
11852
6635
19468
5460
10506
17411
14911
10064
19747
20546
24192
5187
2076
16612
20184
16372
5501
13092
2356
16220
15760
17336
10555
4923
297
5944
2528
22077
10216
8811
10493
19934
20576
16060
4905
19742
5449
9756
16021
12031
1737
16670
2253
187
7083
6663
19611
7790
10407
4576
1536
13235
15211
21105
24713
18335
6076
12239
21799
1110
13
10450
3601
22364
13991
21302
17952
14534
7185
3220
17976
7248
17287
22703
2733
623
23982
5480
6980
6257
8304
14253
13469
5437
889
19686
4819
11723
1944
15653
2596
20402
13182
8067
1118
10937
10057
20904
8859
19684
16663
16754
972
10310
14028
11971
14392
3975
1710
14877
105
21671
4902
7591
21117
24348
1832
22547
12126
9452
17980
1067
21469
1693
24045
5195
2780
12088
19154
10539
343
16076
266
4532
7410
2319
5839
7201
18197
22476
3354
827
20081
6110
21770
2177
19387
502
21451
11473
19798
12427
21529
9215
16731
4373
5817
16460
23535
4684
14262
18273
9580
527
12257
22913
973
21376
18345
14942
20889
9544
11143
15104
11386
21474
16420
13633
1358
6737
1865
10011
11915
18306
22797
4485
21985
12634
19775
5907
7034
11929
5990
17349
6751
9642
12134
175
209
20813
23669
23272
8302
3101
7005
24307
24682
4190
7814
67
14484
8692
16673
21173
10094
19189
1370
15717
2908
11495
24616
1137
3893
24884
7306
12969
3333
11136
4244
24857
16787
24987
1841
9414
22060
7824
1989
6511
1531
9915
13456
10406
20580
9475
21319
24493
8517
16430
15777
19528
20609
6088
21481
11469
2180
18332
6123
14644
15035
15032
12772
10780
20414
232
17787
2763
5565
20949
6558
10927
14235
17581
22689
17637
17524
15601
12824
4040
7182
18513
6876
24278
17262
6044
8292
13925
12629
14015
2332
24002
13441
9845
688
12017
13669
3691
24539
4352
3894
12358
3676
5709
17009
22406
10211
19087
15788
4814
22315
1093
15137
12564
20466
20911
13334
12730
12176
11663
2077
24787
22065
6877
19202
22521
24254
7098
7842
10983
19053
17873
6523
11209
17292
19698
20338
18950
22991
5470
8127
7557
8455
20508
18253
24818
9391
14370
11664
10445
23652
2515
22858
21229
16700
350
3299
2855
9269
23914
6739
14993
7639
3342
6894
7049
24427
2116
18708
11449
17996
23555
12371
4812
15382
17159
21997
17652
15991
16286
20385
8959
5402
15450
20246
18797
13854
4039
20070
5070
22171
3438
17298
8885
11068
20266
15599
24829
14209
22630
5895
19458
19418
9514
19159
7623
6591
24521
9366
286
23675
22948
19973
20200
2164
5483
13347
4329
8343
9151
4638
22788
5580
18783
3982
12531
13774
11720
23504
10456
11887
2849
2877
16600
4657
19950
7579
18217
23634
7893
7396
3868
5930
20044
19268
4048
3020
14438
15602
15165
15962
20323
16742
21426
17250
19466
18410
21372
68
5205
2298
22371
7375
12283
28
16970
2747
5420
9442
767
23175
3353
519
2014
10843
13069
10492
24382
16689
17252
12943
2048
1246
10845
5618
1496
20124
22413
5360
24295
19864
9302
838
19566
13196
9424
2543
2262
11868
10675
15866
23025
9116
4626
4312
70
21326
5354
17279
17992
14276
11259
19584
6226
10878
953
13673
24372
1102
14231
2692
13012
1985
9646
14753
3552
4636
4762
2370
1002
807
13257
11409
8880
6987
22598
6388
8929
20539
15607
16421
6912
7516
11083
19522
2997
11589
18549
6020
16184
7327
8007
6157
20282
23662
16459
21932
3976
14377
14805
20885
10224
9428
12206
8116
15243
9658
23945
9703
20141
12878
24877
9576
23267
6005
2061
21483
21358
22459
11927
20896
2824
2046
21962
4435
16778
15996
5559
1463
3662
21624
8202
21928
58
10219
11608
13241
17430
296
4319
2105
5883
19259
2121
7477
2741
17466
10906
17446
15911
9361
12348
4060
24143
23398
21264
13821
13221
12962
16272
18029
11376
14070
2851
14526
22321
549
8857
22146
22411
12701
11419
18183
16470
557
14308
18742
4434
4221
11605
7054
4092
9409
8640
13409
18081
11174
17109
15441
18684
22745
7041
24513
12115
6752
19176
23363
6006
22021
11666
5330
9553
23172
10721
19646
3098
23298
14717
4474
22656
7628
3533
2924
20747
20350
15433
17394
14164
7337
5960
4736
13052
14692
5146
15520
19417
24087
18006
397
23852
21497
21504
17535
18370
21202
2958
22468
11494
15611
5177
3927
12503
2221
14391
22819
18967
7942
7147
18164
13251
6541
1854
16667
13459
7725
6013
22388
21690
17118
4682
20915
3806
16577
7880
7047
5413
17925
5261
10902
2087
20956
21399
16160
14101
17521
9367
9977
2693
6774
17785
1383
24191
1357
5349
3070
1796
16759
18985
17645
11788
14894
13517
1718
19728
13105
2671
16636
11787
9441
23081
5703
8850
17295
21097
10638
15713
10708
6424
2698
13886
4072
4774
17001
22970
15036
7712
18016
12051
4632
21753
14425
6749
7094
19575
10908
23242
13694
10053
4019
4645
22578
9860
3565
8453
24548
17125
3450
16379
7735
5861
10679
20702
317
1688
21041
23269
866
9417
18108
17841
8999
9620
13719
13657
10534
17556
23584
3423
16999
4644
9795
10074
234
20846
4141
18855
8042
7885
10839
20370
12038
3201
6286
17934
4162
15012
17644
19341
11833
16058
13801
14662
7055
5479
4266
24035
15563
22255
16824
10632
23691
8426
8918
9736
5216
10525
18222
8645
19933
17406
8965
21961
12295
24012
13368
1826
4868
8173
20825
4750
15890
5630
18589
16225
20665
15002
3543
23283
6394
12092
17599
3714
3560
11780
786
2722
497
7206
19833
10914
11739
20833
9817
14127
20621
21888
7452
5760
21172
14679
10282
11090
4598
4395
19111
23720
15640
20691
15325
21952
14509
15150
3690
12406
11535
379
6412
19423
22821
11779
11191
10198
10009
19924
9339
10656
7320
17727
3419
18558
17563
16475
21029
22871
13265
9819
18700
21654
10518
22710
18713
16492
4192
18152
22360
15833
19587
16980
1204
1380
2999
4828
5252
5194
1035
24656
15278
19784
15703
18404
3617
8459
9193
20917
555
13070
21413
2354
7395
17441
13614
23599
7253
10465
2169
14891
4612
6391
2619
3188
21541
10993
20639
14499
7203
6354
3657
8376
691
2460
23887
15993
1614
24251
13798
19826
556
7485
723
13100
15492
14572
20498
10043
5282
9226
17778
19605
6259
8830
13037
6958
7705
14334
23410
21438
3482
22005
3468
17356
24319
8806
20754
3517
10386
420
21211
9754
6994
21408
12114
21780
5055
18351
23513
20163
4478
24053
12532
7200
7795
4619
15873
5953
14773
14558
16399
10072
7451
16281
15214
928
20945
17565
2150
21136
13950
20391
16526
20692
1184
20649
3739
14444
14560
14129
10403
7527
10740
17710
4350
5228
6921
3444
4627
4122
8434
18821
16893
18167
17343
2155
1770
289
21345
4933
18867
11233
16619
7389
408
20687
7888
24155
14052
21400
21946
1830
7522
19935
3786
8255
21061
140
3449
16756
14696
4061
2655
21016
14333
9223
15621
13514
10225
8294
13775
17997
2021
14053
22781
18799
13648
17390
3697
2355
24214
2968
11713
20203
22879
9503
11055
23560
5631
10530
22407
4526
120
12954
13339
21686
915
23948
38
17238
17248
7072
1371
2653
3911
11792
23351
10013
8070
765
23186
1527
2553
3795
14649
9156
17882
9080
21241
24092
8945
20728
13155
21171
6001
11536
18793
2128
17324
3988
10010
12937
24132
20777
18431
3273
3616
19519
7694
23773
23523
6176
7867
8101
6625
24338
1202
9388
7981
19164
3190
3219
2886
17615
23518
19400
6545
10718
20557
23923
20658
20913
431
21526
6472
14122
8123
6218
14554
15063
9397
14789
17898
11635
10507
12682
14
19290
24325
12549
10879
3027
24472
8686
12459
22079
20979
24646
23197
18757
4508
5134
11944
403
5684
17357
19356
8523
19166
23717
6252
4172
3265
8276
6411
23725
292
6647
16378
21332
23397
17696
1437
22625
16200
8937
23472
16998
4492
17558
13342
23747
15586
23950
1802
4004
8194
3590
24696
4655
11612
24275
376
7609
14959
22398
23371
4599
12380
15694
23157
8157
15037
20946
17426
13824
9748
18541
3092
13838
8659
3825
16832
4185
14775
21380
20407
18787
111
18930
16409
2401
22018
4717
19773
13992
8305
2453
5932
3746
22974
12121
12416
21294
19250
24474
20001
16839
12927
14255
23882
16678
19915
13293
19736
7902
7332
10405
20476
23417
15526
11053
4940
18964
5560
535
12315
20720
8149
909
24679
12050
3925
2976
5340
1475
12237
20652
17364
6458
15397
3558
9997
19624
24332
12048
17582
10281
12856
14719
23505
11336
24511
5137
1210
12670
10230
1601
944
7621
7349
4367
2376
3765
11930
2334
5377
18534
10021
14071
19503
18104
2635
8962
4585
23318
9477
17141
16919
17041
18809
22955
15047
20212
15530
17145
20063
13772
16621
3863
11920
3446
16403
24495
8080
22318
5948
3869
8674
12177
23602
11591
6546
13171
18393
18940
16356
1305
24279
6608
7153
2582
18474
13373
23609
1260
3755
3609
16775
8629
2284
6360
22743
12746
9430
11227
6840
22188
12381
12852
12646
19055
16675
23277
20483
14539
1931
2544
10569
24772
19712
5385
10329
8952
10711
6530
4400
3772
7554
6789
21881
21981
19086
3281
22178
22044
23853
8485
2026
10082
8723
11864
16996
6559
21615
3681
277
1387
14324
7895
23862
22599
16191
5528
5715
17468
20216
13561
9841
18052
5129
5236
6348
13230
11709
22408
2891
9806
8984
15147
749
20471
18934
16531
23439
23362
22091
3335
2862
5660
24005
370
12995
9838
17477
4663
2686
17086
22905
1055
15239
8442
10971
20336
4752
7333
2063
9017
22903
11890
5396
14345
14970
4452
8155
19136
4831
6154
16304
20280
19913
5906
15432
20988
9952
11500
15102
13976
18486
11219
24735
9831
1991
14299
13627
13624
8017
16277
20721
3268
20914
9164
12756
1778
12180
5710
13783
8551
17806
5711
9592
17366
7976
22661
21113
24924
9667
13412
3862
3520
3867
24578
23311
17685
24137
13944
12793
10086
19956
21333
513
7513
13294
11033
18969
9990
1840
6296
15156
18477
840
23337
15589
13849
648
1479
3884
18524
7642
24879
12673
13755
19883
9517
17341
23431
17964
6964
11126
23842
12056
20978
14275
23575
547
16727
7635
484
17786
23462
24204
14317
4125
23713
18107
24703
1577
5620
4896
15568
4676
17140
1455
16755
17553
23372
22533
17407
19036
4199
19192
11130
12956
16375
24967
10579
18149
10756
20647
2600
24734
12311
18771
1325
11486
6166
13431
1122
7520
23377
17990
12438
13057
283
24003
17715
352
22331
4247
9600
11020
21542
4845
24810
14813
5821
21410
4962
8666
10552
1223
12986
18414
7088
19754
6610
1789
8942
7226
10513
22218
17010
9722
7305
1404
21854
10253
9476
3555
13656
6652
4276
24400
24892
5405
23699
14902
5387
11304
9659
2753
5077
22207
2567
1546
13754
21188
5326
3156
17209
12958
18848
6613
2608
1664
21311
16325
24041
20789
15598
14882
3770
3969
9480
4976
947
12814
16587
12280
18648
21754
15749
8903
3896
13642
14867
15538
13884
1755
13260
10042
14286
9677
24718
24227
13900
993
21329
227
15918
9641
13464
24524
15505
20871
8419
9790
6325
8146
17517
2398
6723
17660
8182
15887
18687
6698
10560
698
16603
13891
15434
12328
15319
5343
12839
4844
8677
5779
14356
22355
3694
8773
17210
20851
678
8613
12609
2789
3243
2881
7918
6711
22379
17763
13873
20994
20991
1564
5476
24953
2966
18827
4871
9498
5925
13585
3466
20024
23668
24712
21689
11886
890
5615
23697
4161
21868
10442
11082
17378
819
20961
2053
19115
6333
11775
3579
12908
8500
15834
21009
7848
13029
9916
15403
2717
22320
24792
1155
9155
18585
19056
9078
10648
11980
22384
15461
8268
21796
21093
3567
18272
22601
3656
15264
21235
16134
13684
2923
15276
22721
756
8398
24176
7674
23457
2296
20815
6018
7178
1610
12478
12365
9352
9933
14568
22430
7907
1412
21022
21606
16484
12260
8540
24477
18037
5842
22135
13390
21075
23158
1079
1331
9306
11642
19666
7611
18656
13574
10575
7779
6844
13332
8667
17508
23611
14038
2052
23491
6080
2621
13460
20612
2737
19488
581
23964
5225
9698
743
7958
12882
19577
13108
11239
16398
22899
12723
11276
20793
8849
23577
1379
23225
11634
24492
3158
11468
5214
13880
12075
11966
6476
1163
8828
2031
10814
7308
15074
24912
9940
2711
257
16468
9012
15142
15816
12238
12947
4073
3857
11180
19932
29
13680
17231
7298
15566
20866
4716
18960
22674
21339
22259
9912
14043
9457
9312
22105
17789
12277
12502
6950
11781
23256
8197
13212
12019
15578
16973
374
11299
24036
9375
24630
14009
1489
540
22908
14587
1180
17048
14676
2501
23727
13589
15634
1247
50
17093
12259
14423
332
385
23483
4789
4306
12106
23162
7512
14583
21138
12553
11150
24129
9362
6196
6543
14125
22769
9040
13132
4566
15661
11736
5921
21688
11650
9066
4824
20335
24546
5818
8553
21915
1117
16254
7141
2703
10306
18075
9011
4420
15857
13632
6620
96
10231
12846
156
18320
11119
18718
6552
9122
13535
7809
14035
4938
20213
9733
22253
2915
13312
8135
2986
7474
23643
10371
11452
16635
22078
15228
23287
9712
2709
22502
776
11212
5106
14842
21392
12694
20748
4065
18281
19669
2547
745
14346
10688
16032
12901
10027
19278
24329
14427
5874
21491
180
7973
14175
15730
799
18118
24608
16350
13733
1963
9094
19656
23421
6779
9689
2922
18327
319
16336
21820
22350
18452
13979
12643
18033
6810
7613
20543
4207
21485
14201
13810
14025
1040
2393
17115
23211
19334
7922
10888
1429
21252
2270
3937
9342
5219
23821
389
1074
6750
2967
7321
7797
9280
21722
18043
14146
5192
5532
8812
10475
13205
9404
15242
18036
7257
8174
3404
3641
16809
22574
2131
23956
20545
24793
12720
2794
4601
6415
12610
4722
3021
15959
4559
14238
2818
15019
2231
20075
1630
14538
9398
2940
7775
9486
23783
16588
814
11898
5408
22799
18826
859
11876
20353
16720
3211
7154
3167
17771
14080
16331
23405
6996
23494
3049
5165
2151
18086
11585
21970
9201
7120
9007
12902
8474
2060
4413
22805
20495
8141
17547
3670
1505
21086
14362
5355
2508
16512
2342
17090
16261
9463
21245
19440
21848
22124
16120
4968
1052
3599
24160
5987
4822
20129
16584
13700
14982
1433
3817
2650
290
20767
10227
20382
14167
10387
5056
17878
9618
4473
8871
10742
14888
20969
5552
16952
14313
123
12428
2949
21080
9425
6183
88
10150
15286
20986
20140
22762
9016
21053
4099
6068
1099
9101
5426
992
24618
20850
16033
24388
22692
23260
14311
22675
19647
21878
9537
24852
8886
6978
12567
5751
11147
17921
17733
541
20507
8966
5594
19799
3418
21142
6961
12161
9233
18564
24923
11049
19254
5445
4109
4804
12706
24205
3393
13879
21948
21568
192
23909
418
13419
16618
19460
2265
24308
19955
11373
8454
6162
18092
15316
15644
14838
4753
8914
20684
6457
22275
13560
13568
23233
18157
15247
17834
12331
16642
9563
3170
17970
21425
12301
16210
15955
14252
16357
20653
13712
5503
3091
14331
3984
12955
2799
16676
23776
18101
9076
14881
727
5359
10985
7707
21680
3707
24050
15846
5334
7873
10058
7038
5846
10841
23892
9010
16941
23931
4046
5835
22115
8855
20243
17598
6959
11552
16395
198
15481
186
7853
14457
23111
15551
19603
18234
22642
3245
8078
15787
22765
15626
20768
1001
9998
14957
5674
11607
20522
18535
19287
22677
7103
2742
6454
10726
9252
3717
937
7905
16394
5682
11587
12713
20764
19401
3154
9014
23854
16538
11069
15550
6738
5737
822
12242
2473
4339
12963
5678
18555
4970
12418
16071
17155
3174
9908
12363
13274
13981
3019
4757
13452
23035
5530
12262
4079
7515
1512
5864
11813
6745
18087
13756
8940
207
4149
22993
13039
23890
18427
8804
23737
10666
13606
20620
4583
19382
128
7487
15072
5610
17111
4592
10704
7681
5047
14607
10790
22775
21152
21694
17752
8076
6468
24776
4444
22043
17586
15021
24814
6556
2772
15053
7990
10833
19114
1947
16005
7008
20136
24004
24817
6170
21249
14216
801
12676
13918
1593
5263
16065
8515
22251
6927
9599
10167
14541
5563
18088
4023
18609
23889
16017
22874
24321
9555
18804
5404
2852
18939
1694
4589
13438
14611
18460
3434
19237
5495
3838
7448
8960
22010
16347
16521
3980
19776
4833
22247
20834
2779
12130
24269
17704
8246
17971
15298
20951
8575
10268
23994
7794
622
15829
17105
7643
6807
3226
10255
11790
21191
6114
9810
9406
17578
2660
16776
16942
21496
5037
13302
5173
11947
7881
4309
24851
22554
20224
21731
19909
4696
1860
506
22237
12840
599
4158
10913
22613
21464
23593
12711
15207
16886
4364
14328
10536
6113
10183
19433
20265
7210
12948
18766
15299
10446
13046
14645
23304
5126
20962
7009
23962
21597
1010
17302
10413
18881
22377
20844
24114
396
14797
11888
3332
15656
1424
6251
5862
9569
21374
1657
15094
16985
13744
18739
14448
16730
23470
9788
11774
423
18268
14152
24519
16038
21299
7496
9647
8242
9258
19326
8700
22491
4448
19196
15739
11476
8147
19827
21096
19859
14442
13892
8001
4578
20258
13963
11496
22872
24591
6090
22553
24652
3196
12422
918
17102
4631
17372
17981
10818
17600
8901
18131
9129
5109
18027
4454
20373
24505
7663
342
9725
20644
1082
2542
10995
5059
15438
12858
35
21939
20806
24964
20389
21419
24997
17993
19960
11975
20592
21642
6893
11450
10071
19224
19178
351
369
2689
15184
17186
10831
20563
11104
3934
7297
17131
15964
11523
6846
10250
18957
217
1644
11325
12222
11584
20486
12483
1024
2845
3788
2451
2838
7692
5686
8333
19212
20151
5116
4003
9438
1022
9501
22531
22330
20741
15509
1953
4609
16300
1187
17939
9675
19840
17039
14988
16310
3832
860
9974
17146
12974
12382
255
16313
11123
19499
17605
12434
23026
20766
348
4432
6260
13393
20165
1343
23549
7123
3053
22302
5999
21921
15495
1264
1673
12067
19082
23333
16695
12903
10775
11905
22438
17572
7143
15975
1338
22738
3660
13224
8509
18514
13894
18610
20269
15246
11042
5150
11214
17137
19545
7311
2594
2399
23208
23997
16293
10443
20668
24253
8851
9853
12813
8947
18745
9296
1968
10050
10243
16874
11296
15655
14960
7117
7545
12339
17922
18871
17220
24654
17032
24310
13392
1177
5912
3388
22027
13344
17064
9554
24222
24715
7716
9946
4984
16581
14016
4428
23424
525
15420
17487
16426
263
19011
17915
17824
4745
9188
5199
15645
8766
20030
5178
14339
6624
6506
4581
18915
14631
9004
14933
18467
21972
20574
6775
12344
16573
8082
5345
18109
9261
16614
14986
16128
16094
18433
11508
24390
15612
10585
9491
8238
4756
10179
12270
16629
13209
2973
16519
5050
3953
12261
23138
16283
8160
10824
17677
10337
24283
6169
15322
8373
24462
2702
17628
11333
1417
22067
8905
11703
24721
21791
2518
14913
10366
7128
9565
5210
11183
22244
2069
22615
17440
17729
23917
5562
3109
6792
21747
15075
12823
14049
6785
8785
16976
3907
13304
5258
14232
24989
5905
964
4258
3932
13993
22076
9415
9190
17225
8494
20655
18946
18373
9625
10589
3305
17450
22915
24401
4567
21788
6431
24566
8532
372
16723
15676
2198
1513
16138
1012
7509
23789
5951
15260
17312
19721
18346
15272
17750
1186
7472
20205
12004
16943
20624
15822
7550
482
15823
10047
5939
19264
695
12841
10421
18526
18928
11287
16981
10922
21286
5172
5155
941
16189
19397
2827
4650
17647
21869
15115
3405
2636
5688
12306
16121
4683
10005
14886
16564
2115
22981
14896
16164
5521
12988
5946
4168
16963
16053
14093
9412
3057
21251
6213
2269
3804
20679
23347
4778
8653
6208
1440
1818
19733
3912
12466
17475
18115
22726
583
14498
14124
21530
17121
13064
716
11965
17328
684
21107
6515
1823
19642
544
9330
22158
23613
24638
3453
6275
4574
24469
2837
772
17482
10155
8665
4222
4146
11806
14458
17452
8496
22038
5036
20675
7445
10418
6821
18668
5576
9815
6380
10336
21706
4539
19657
8061
11358
4807
17171
8601
5409
16439
23841
507
7596
14801
18959
23942
9368
13833
21771
12934
2904
15083
1284
18212
11229
751
24076
5337
9918
18400
13346
6109
24107
7986
2519
16597
22801
23496
17666
23550
23464
16182
15155
9204
10597
13785
20514
10809
9954
17016
1901
10510
21045
18578
6704
21011
4382
11984
14825
10420
10432
3875
21979
20069
20938
18051
12886
12487
24612
11206
4796
4827
16713
18367
23000
2033
9274
24556
14608
12561
390
11168
5139
9114
14533
14385
12733
3347
4523
4941
9835
7870
21852
24619
7646
872
15158
9111
18814
18976
1467
1373
6595
14555
19143
21437
24268
19965
8864
23191
5131
9285
7240
22392
23919
13638
20103
23002
5526
13961
8862
22866
6318
12862
15178
4002
5793
15944
20099
11956
4269
12069
19067
18765
23097
15194
14267
11252
24969
23547
1313
11718
12313
6009
3628
24672
9490
16159
2469
10077
20474
10511
14799
24583
7211
16274
10979
21396
21046
5550
16318
8020
3046
18249
2787
13750
6284
24559
13273
23294
22946
13472
19432
3958
13662
11318
14732
8883
3985
21763
10544
24061
20688
14453
8527
23735
6679
13345
13820
12879
10789
18057
22752
17895
16865
8111
3474
16205
4082
6479
5019
17994
6347
9814
3078
16116
8711
15620
16967
8537
18620
11633
19058
13125
20089
2556
16397
13314
8060
17753
4203
14393
16476
2277
1471
11305
20435
22760
20015
1698
13857
12047
7418
3144
3191
11073
16444
4047
22786
14678
18933
9832
14259
16030
3619
13677
15284
7839
21613
23441
24386
14660
1207
18026
8422
15976
3881
2506
15909
2295
2051
13631
16793
20484
22744
10358
20106
959
3262
12696
3267
22846
21288
21175
11678
8424
8464
13110
17061
5473
17418
13191
632
4066
22641
14507
16301
5784
6203
19331
15699
2545
13114
12154
7225
8283
32
10502
20108
9127
7339
4634
10859
6491
2537
15658
285
11421
20186
2735
1596
14593
8407
1897
9448
13825
2944
20838
5046
5144
19652
13742
3365
23232
20359
10731
22500
1640
7530
4588
3271
475
10203
11512
3403
23386
20761
17062
11013
14931
22650
5423
22695
3117
1747
2764
5054
8425
514
23918
4412
15223
10762
7648
24575
10157
10252
3338
6222
12035
12584
2878
7998
23911
20985
6314
1561
11808
15353
12215
8907
13607
2323
13978
22467
3964
11326
16207
3971
7665
7133
5240
11530
19999
13727
16843
6672
15266
13832
14018
20931
13793
10989
21527
11171
2197
8180
8299
4424
12443
16315
2503
4792
6726
4013
7023
1535
19546
876
15366
8919
306
5207
12480
5450
8577
15011
1018
18233
21467
10171
11159
11263
16019
9950
3962
21675
21130
6462
4078
10384
3348
16279
8032
4653
11662
6268
4924
6889
19325
1214
22597
19424
4272
20196
9782
13722
2950
4915
20120
20431
9651
16077
3807
23777
11014
8906
1683
19753
14309
1140
22647
3112
24993
1632
4647
14621
5304
19459
13513
0
11278
11352
21727
6224
23745
22108
14841
18929
14782
15660
2785
23043
22183
23986
24215
14341
21455
2803
10817
20409
6402
2743
4384
16822
2022
13527
14131
14182
18475
3872
5044
21616
4181
18363
12168
7476
1927
21189
1307
4355
14650
2673
21390
9277
465
13418
23027
18951
19330
18055
23426
18405
2304
18759
6976
12517
8595
13218
22997
10018
18406
2411
1700
23832
7250
3432
3252
9629
13709
14762
2343
879
3743
22432
15970
3540
20072
19875
1385
22561
14974
8836
2554
10463
22643
18635
14501
16103
14340
2805
3006
24809
4913
16194
17107
14130
16683
17597
13337
22366
22887
24128
15410
6335
6502
11700
16869
21067
12249
24968
12140
14482
19072
16682
7173
2697
17400
18873
1125
19710
16767
17172
2003
20565
6343
11120
1220
23152
7450
8923
24404
6007
2320
8904
23595
20026
3125
2652
1263
21126
5229
1622
12345
302
9558
7607
18502
16271
16810
12324
23282
17215
5533
8927
667
5790
11204
20550
20442
17117
23946
1201
2161
22848
6161
2079
6886
24503
18316
13317
24383
17930
14047
2302
11850
5031
2059
15176
7030
13375
12949
10813
18181
17697
9120
16797
23721
23238
9000
3607
22157
16360
19288
20308
11574
9678
24277
12715
12678
20477
11824
20637
3689
16541
23579
18448
12093
1267
15169
20395
3576
23886
13850
6311
18507
6548
19263
8891
18011
6637
3068
19132
4885
3749
24872
24127
24668
5868
15358
14992
7689
16386
16371
21605
1130
16927
11528
20220
22058
13890
24536
19361
17680
9834
24156
4331
2373
17973
16363
21499
19301
19007
11854
24272
14319
20447
3085
1416
17175
7574
5603
8783
17861
2843
1682
19247
24937
18688
4104
10593
15842
7624
14365
9777
21222
16808
1044
11448
23018
18586
10705
18028
2374
10501
938
430
15385
5814
24139
15291
13920
14623
262
22772
2162
7578
19917
20052
3526
9607
15347
23976
17940
1579
9582
14702
4315
4973
20704
1647
998
46
15675
21536
2909
6469
3284
8967
8345
22891
10825
21768
3292
16463
5074
5943
4283
6466
21210
20571
9242
9900
11542
19564
24731
18464
7078
8898
11393
5020
2755
7732
4365
23450
20000
548
10001
19953
12686
11054
18377
603
1182
15
24008
19034
11232
3151
14529
9030
13738
4259
136
11230
12760
14990
23356
3491
9006
17646
24613
2166
17503
4263
1272
673
9247
21927
9029
13601
22352
15153
23195
9167
16011
3570
8838
6767
9594
24287
17765
9694
15003
10194
13034
15633
10320
17340
404
22074
18844
21049
14332
16457
11499
12034
21503
683
12626
21224
2790
2299
14359
3090
12574
11362
17739
378
21209
3183
22890
22632
7531
4835
17634
4659
11211
16738
9549
7661
10164
7818
23969
10221
16885
10636
20456
22159
21287
14647
19385
19722
15938
4554
24456
12413
23907
10607
10959
20278
16092
10089
22600
9613
13338
22062
11308
9502
2947
9883
625
15508
14889
6155
2132
13729
23817
13945
21006
21752
10550
2953
22893
19033
14383
6968
14065
21158
24179
21924
24636
19498
24342
23303
18116
1652
15817
2122
2586
12057
8805
15350
14177
10316
12163
11763
10402
23087
13837
22223
5163
18752
18080
5731
323
24296
11692
11010
8408
5087
11515
16328
21991
23915
21280
1938
19312
10770
22446
24601
19444
4862
24644
5991
3716
16508
11319
7007
8278
8357
10830
13770
12951
20774
469
7280
10206
17968
15050
5792
7107
19975
8402
7402
7432
7569
7645
2459
24294
4519
11375
16230
1607
21837
15071
2971
11169
10121
12554
3737
7224
19320
17431
17184
21925
10615
10126
14202
12370
22573
13288
13512
1147
22522
24921
20717
15395
3399
1845
6000
2649
23589
13690
15630
15043
19482
6532
12256
1158
23226
18743
10783
2514
15757
12174
8307
9300
8490
5022
3130
14895
4249
8579
16847
16826
9780
17147
24437
6490
5068
653
12572
23300
5115
4144
19353
19801
7435
1176
3949
6150
13582
13753
15705
9739
23292
2203
357
17019
24455
12524
13307
18725
8210
8437
15540
10294
20884
18949
15218
18699
4771
4075
17702
7027
16072
17425
5667
18137
11502
24874
3037
6362
22640
5006
7134
14636
4265
2289
23319
16830
4205
24447
1529
10957
23036
15453
20173
11842
2690
8970
19735
23588
8247
2962
4843
8662
20693
19276
8096
15899
16504
23329
4881
16825
665
738
3582
23723
23816
2919
6417
24754
13941
20444
6112
10706
16649
1659
6482
20115
1360
23070
20349
20450
7079
1518
19993
24384
10345
23754
11960
15910
2238
2830
12602
1575
3548
3851
13164
10729
1908
18154
13519
18575
17983
2985
4964
21806
18980
16106
21
10016
5679
3730
12929
21936
3846
12787
16866
23105
22312
72
2951
20007
13923
13724
8279
18163
3779
15336
7637
5308
13804
2017
20400
9695
1566
21275
13282
11533
7924
8576
3157
1871
20569
4117
13430
24733
23460
10665
14386
4932
20436
8275
12402
22736
10201
9583
10517
11656
21908
23086
3549
21890
3618
24298
5626
22857
402
19156
4989
15263
19260
20836
11918
1422
6081
16465
9652
24335
1788
9759
20175
7690
24293
11614
2025
2392
15068
17885
13466
8881
12832
18922
19039
7536
17091
4234
16921
658
24282
16007
18683
1123
13911
2926
21262
8502
14449
22107
18983
14061
19489
12007
3222
10644
8884
1988
10874
23809
3038
4694
20035
19472
14530
3915
24641
19547
20860
8209
11802
11970
11646
5956
2432
5314
5870
17943
588
5185
22224
18942
2028
7024
18764
8325
5607
8090
22897
6272
17490
2618
16188
17638
15839
17986
18837
19857
20254
2488
1671
9855
5442
17273
1144
9763
2387
14236
11651
14264
12664
22357
15623
15381
10750
24935
728
24782
1674
8461
6648
6205
7532
8652
5132
6303
16055
23517
1198
24144
3100
23285
3443
22512
20491
7020
14406
13292
8684
23240
11654
23903
8423
10690
22278
17124
22735
22417
24767
10682
12333
14721
12971
12192
1573
2609
17434
5572
19724
2425
13417
20861
6909
17088
867
2802
19484
3900
15646
5593
16513
7771
3589
1301
5267
19768
7353
13491
2808
7179
24351
12893
1862
19030
22341
14586
11647
21119
16290
23113
15303
2404
14461
7479
21679
21213
24103
14748
21501
20208
6871
448
8854
24802
8475
10634
23012
10849
15560
14190
2248
5787
6470
6836
16802
21078
10385
4818
14683
3603
14792
14627
1073
23107
22813
13973
17280
13090
19377
3891
2283
6031
23542
13054
1578
13969
12201
17740
10528
2346
3835
2170
4741
11556
10474
4037
18123
23968
12536
16440
14612
8303
8451
17950
662
7647
24842
4531
11531
23990
16648
3263
8489
16213
21842
12493
23393
21807
18852
7903
22419
11509
14602
14783
24686
13225
13002
18994
9964
6299
20680
24627
2521
3992
19061
11786
12083
1859
3345
23412
16393
19474
600
24182
20033
1116
5802
4967
15312
6855
8019
18445
3999
18480
4399
24530
3977
7216
1528
5332
20109
18270
8270
5427
23752
16917
982
4817
461
14754
377
22575
3514
19868
6093
3545
9374
10764
9797
23827
2179
19125
10365
5209
14330
11967
21669
15327
17924
21760
1999
4088
16431
12162
11377
12623
1992
11937
18457
14819
24346
1051
13605
3659
5589
10791
23190
11297
15561
1869
14102
7342
2360
2992
6437
16454
14194
16039
12383
11506
12516
21228
7857
24899
5005
2776
4550
10637
17354
11031
9413
23839
17246
17334
23102
14932
10975
2751
22365
4897
1597
23463
14653
21893
7916
2213
4267
13297
5637
150
19884
3654
12210
11917
18479
16609
17954
18388
9426
12568
8879
11731
12463
7013
16948
1425
1171
18469
7869
22356
7826
4291
7262
2848
21023
19905
7160
23075
9282
1599
9691
13008
23822
1817
22566
15733
10244
7894
24081
6722
10348
21236
17662
3384
24187
5204
24664
18105
19122
7587
8460
6041
21934
13102
23651
21579
5722
13492
20848
10195
17525
2173
8535
22208
12160
5389
5732
11704
24320
445
607
9944
3856
3504
9905
4494
24996
21157
17058
7145
23010
11749
7336
11689
2935
10447
14987
4193
20630
24983
3357
18353
8022
21715
9163
9747
16890
1087
1271
22284
14215
11490
7584
5664
13445
14178
11699
1464
5256
24247
8449
6406
8324
17134
5964
12364
5383
6381
6372
1197
24876
22035
11399
2828
24670
23869
18308
15044
13254
19942
15690
23132
22445
11638
19978
568
16780
9304
23581
13249
13402
20366
15301
21695
22837
1833
21112
16340
23476
23706
7368
4883
9356
2730
14022
15368
22334
21479
16249
16961
18294
9036
18470
24605
7061
15642
6440
7855
3762
21984
20992
16651
1891
17478
6985
20772
9596
10480
23133
17200
22929
2839
4418
10339
12320
2220
16070
5182
20298
17764
13533
6570
2524
10669
18048
12702
21684
13411
1061
4727
11133
9119
20218
23901
17352
24370
18287
12519
16922
15064
21391
23630
7640
21036
21115
15103
20078
22134
4224
21502
12317
17744
5212
23548
19786
3792
7741
16037
6057
4713
22333
3822
15195
9392
7084
9238
4336
4198
21039
1078
23726
15610
16026
20345
21473
13229
23947
3116
6509
3363
20441
18927
16589
877
24661
16285
19848
515
15095
3687
14563
9574
4673
22306
6872
170
16944
11387
21793
16796
14336
13507
7462
20819
20197
17859
14137
15801
24907
23061
12006
6336
17532
8215
4024
2027
16991
6696
5708
13120
2178
20801
1350
20416
9878
3417
10376
1896
2648
14759
8897
11599
15882
22838
9942
18580
2430
4669
4556
10472
23281
21773
16075
8235
15477
8352
15673
55
1392
19606
22264
719
19475
10395
6971
22737
15440
4721
23802
15841
15657
4403
13771
7901
11225
18207
10899
18738
23155
1847
10132
10950
9958
6953
14851
2593
933
23060
3627
15423
13032
15977
12349
23867
10639
17480
20799
16997
19013
8263
270
1290
19040
18989
22000
16969
16551
10572
6241
12641
23702
313
21193
1719
21487
14777
15521
16203
23775
2429
11580
19544
17027
18204
10832
13843
13240
6644
24579
16498
23381
19255
7832
6793
11938
10870
12308
16986
22387
24839
14516
8481
10140
7581
22758
20547
12817
8817
9175
3452
2571
3989
21855
17927
22556
9084
24845
12821
474
19980
19501
1646
4521
8360
15387
17811
15746
6145
15500
9969
1302
1981
80
15144
7318
524
4541
9225
22023
17580
6358
12229
21637
14246
21445
9601
7365
6443
20369
20478
23198
22882
6725
2004
18169
22342
10563
2664
2509
12662
13175
19354
16871
1295
4642
13636
24706
18342
7843
17562
16627
2936
2882
20709
20925
2312
5910
6781
21514
3972
22154
12747
18078
23481
14698
18403
6658
18671
7529
13167
11754
19305
4390
19129
10215
19065
19169
19689
11372
3684
17245
9510
24992
11828
15052
11510
19094
3297
18095
8739
6432
9522
8656
10671
1576
30
16368
9178
16903
4143
24147
23395
11782
4888
19746
21416
12500
23246
9305
8378
1435
24021
15534
12429
19771
17853
10916
6250
10581
6301
10217
13726
7704
14690
10904
3250
17249
15464
3060
898
7361
1169
13152
20329
10612
7787
21533
15799
1926
8178
6518
17067
5403
24504
4575
2834
21803
2359
21877
1538
5847
23661
15417
3485
6771
5843
16982
13735
15687
13213
3207
3034
24016
18595
3829
529
19708
22268
13786
13564
16580
17436
21843
8397
4651
18442
1695
22349
3736
3632
20773
19703
6504
20440
1914
18611
18153
16790
9015
24893
11015
11789
18769
7961
18584
1239
10573
9985
18202
24479
2254
17938
4459
1514
11527
9761
720
24925
758
815
2868
185
17589
9320
17266
10317
240
21681
1355
22516
13602
10986
13019
1949
15879
12563
8251
22526
8230
23888
8374
11831
16622
21572
4112
2455
15804
22961
12762
20935
3919
10104
22927
83
1639
6892
13643
14094
23014
4445
21328
23928
7116
7644
1837
7499
21603
14884
4954
17106
16719
14048
16216
22942
4133
24648
8841
8563
18538
7801
18145
17550
10715
22996
15294
19988
24576
11221
5459
7241
23334
6298
4053
8555
9683
19731
12439
15394
20157
48
23199
17293
174
12932
9531
10166
5967
2942
13048
23084
22980
23790
336
8161
18310
2796
17197
22964
11891
19045
14603
17570
14014
16455
7338
4393
24826
3141
781
11088
24072
419
980
24243
7828
16510
13253
11855
23327
18243
17844
22684
6273
15949
2666
5421
1047
17972
5853
13816
3171
6106
11235
17483
18812
13009
9347
19388
7187
20434
2500
12251
15389
6843
12540
19201
19410
18886
2093
5705
11248
8274
3031
15388
11309
10516
11693
9172
18716
9686
7021
4513
8308
10667
2090
453
12097
24710
5220
7641
11464
18889
10476
1473
17956
11170
6988
8284
17560
1192
4067
9857
23072
1145
15925
1930
24229
16954
14543
12245
6933
4506
16169
24055
10236
732
7834
5273
9132
8
18230
12600
20020
8865
4470
13374
4255
130
12539
22136
216
15914
12768
22490
7114
4285
23688
14969
12601
8262
21518
11415
5135
20182
5898
16628
22519
887
5625
12452
8375
17608
11845
3936
19744
5506
12620
15772
3996
14017
23288
8873
17489
8599
7564
5553
22061
16818
17673
19491
5505
20762
17
3754
23389
10136
7299
24592
6764
11327
10438
8709
21662
15391
20245
1431
21865
1159
11381
1283
24478
12649
15362
7167
11884
10546
14511
6487
16987
7930
4177
4128
11896
4903
15006
12267
2905
18654
12800
5157
6632
22199
21759
6824
1112
7426
18918
666
9610
13365
16769
2847
21978
19858
1241
6230
19693
8556
5233
10118
11541
17542
19191
20964
21484
23394
20062
2932
7471
21833
4916
23768
3580
7589
15686
22733
7650
20375
11870
13277
13761
1056
24353
19562
19239
13996
10869
19167
23845
4992
19726
6383
5286
9245
5484
4044
17410
2761
5749
16710
14466
19658
17693
671
10684
14342
462
22849
9427
15342
405
23798
13180
22075
14405
16895
21468
13023
16338
2759
17511
13084
22779
16502
14487
3341
16380
1445
16924
18681
10709
19213
13924
6945
8565
6623
24795
23996
1395
12907
480
22202
12884
12338
188
2339
24245
3623
4648
2153
21043
3486
2964
8409
21423
7279
17984
530
11396
22815
4425
4945
2471
11853
19836
17585
8698
15370
24226
10710
13497
2019
18724
23614
16154
2920
6674
20556
20277
7879
14811
10483
9265
14750
4948
18449
4050
8002
2871
10462
24040
15280
4456
4123
12030
1727
5555
14757
13174
23032
3424
2226
1183
16240
16746
7651
20828
13501
7480
16988
17099
4963
7436
741
23004
1269
12915
12032
17931
15952
15447
22093
6485
21511
7118
18503
157
24135
5623
18053
1005
6453
13596
8704
2167
1893
10796
6888
10041
12013
15549
23793
23510
7966
18428
13036
19170
3001
18966
10389
12789
14289
9468
15576
6351
8793
2106
24083
2815
19667
4802
19504
3782
8506
11725
11684
6263
15892
18877
12681
24868
2290
8063
20420
24490
4349
18706
19229
5799
930
13451
13258
9187
4490
14740
5067
15468
6784
5112
19811
7970
166
10946
5512
9003
5903
19895
3213
12132
23143
2774
5239
5671
22935
20906
16095
7086
12467
23432
23514
21562
15105
24203
18789
6833
558
805
24957
24901
16028
1620
16427
1351
3162
17449
8222
15439
3107
17603
9354
5315
21567
16771
5084
6700
12777
15631
20926
7544
10980
10568
5619
6419
14760
10381
8311
3448
13987
3124
23538
12658
10313
5780
24658
14768
20006
12810
20324
11267
20193
11841
4286
16553
11313
21608
20232
1804
1206
24572
4142
24744
18581
3086
18965
11433
2842
3495
19375
14567
7937
15196
17072
443
3968
4410
16665
11070
11680
3455
20832
21463
19896
7291
17536
21363
24405
17908
2575
2557
9118
19594
16798
18235
19478
6475
12857
10116
1902
5062
2533
6932
23541
531
15310
12861
5158
7563
14307
13072
8632
2917
2631
20629
19150
12501
2961
19535
17946
8603
1205
19983
7209
5098
18355
8819
16141
9257
7877
11228
9785
3706
11860
18334
4376
6799
4304
12104
5430
8634
12666
5492
7709
12596
12782
1709
14820
11661
8789
18402
7022
9440
9363
15650
6967
15643
12763
23249
11379
15926
2606
8983
9208
11463
18262
9035
19604
15662
8429
5446
612
9923
178
18290
15814
7782
6435
21084
9552
13569
14747
18070
5329
19071
8493
1909
6324
14624
9165
4678
16242
11349
13734
18523
14609
19540
5673
23500
2611
4126
11173
2322
13049
22163
1406
4391
8396
5878
21429
10355
23221
18628
3699
13443
6918
5089
3044
24142
10161
9639
6865
15081
6540
4006
47
18348
9335
8868
13869
1542
3195
14590
5855
19994
6555
19269
2970
12695
11059
13975
3522
7837
11138
18094
17432
13691
19688
13919
8415
7996
8487
14268
304
13740
15912
2421
13056
15869
17754
5350
8370
1487
3416
15900
21258
13695
5832
24930
4545
4577
2485
24305
10627
6430
13752
17363
2580
11519
9124
1858
14440
17183
13971
24171
7491
24790
755
2206
2366
20119
14596
14006
11859
3774
16410
16811
22619
22536
4366
4498
22451
19018
23227
15794
12385
4790
23590
197
6365
21643
10673
7634
8122
23808
5313
20690
21581
4440
10777
5451
17319
18066
940
17396
6291
10092
11316
20778
9939
7002
20397
8050
5736
9672
5643
22923
6804
6450
12246
19812
12352
518
11817
1131
2770
19496
8469
14486
19369
14573
16909
1069
20967
19910
15411
2379
14355
20932
1291
21436
21516
5114
11942
23234
22504
7221
2793
15173
13033
13020
24057
13309
17037
9903
24606
14965
5767
22131
8401
6611
2551
10495
5309
6689
3372
24781
10335
4995
4982
22191
4928
10291
11606
12464
3320
4179
23975
19595
413
22070
4374
7382
1211
22542
21230
18159
15930
134
23646
10300
22050
9943
21480
16352
7456
15333
13682
19683
24939
3515
4124
3266
11237
1568
3593
22569
16302
20390
13831
18613
22140
17065
14200
23345
12904
2715
14212
12699
1361
11105
8085
2353
11280
6578
3802
14978
1615
4922
17042
8185
2215
6446
17630
12412
18421
19916
13098
3261
3913
17830
10793
5384
2641
9740
17835
9649
13668
10277
794
22804
17883
725
21412
10328
1743
1730
13352
23826
12488
15091
16525
4692
19015
5721
17284
5336
5081
1948
7415
4361
7373
12321
6451
17784
837
1553
424
2603
1672
16899
18862
18283
19209
15378
13340
2475
5316
14640
5407
11163
17388
10441
1966
7825
24900
1438
20084
12892
21982
6574
19390
13506
18805
16805
14400
21324
3367
1984
2565
5699
11968
2937
12198
14518
9623
2681
13583
23399
22709
3010
21896
15143
20393
13587
21277
19538
5142
23153
11872
15134
15597
16599
15758
2960
5166
11205
13170
17602
15092
15836
4408
5378
22571
20111
12145
8316
3981
6403
17725
20150
12125
9405
18754
4130
21348
543
20898
5638
17094
16382
6710
6410
19549
24018
15152
10249
22230
8597
2865
2706
18747
14198
1572
16875
17261
10318
21719
9605
2791
24724
8740
17758
12491
2535
5636
8846
17154
1976
2505
16596
19182
13983
6118
2445
8552
7163
14714
7680
23871
19626
6097
9621
17268
23568
7012
16218
13015
6678
19890
4518
9591
21008
18979
21308
11762
10202
4010
2529
7754
13360
24984
8258
17692
4415
5369
21401
9086
15901
6030
3307
8452
9884
16486
9069
18225
6010
22457
4910
24846
11683
329
2245
14968
19295
10333
10829
15013
3012
6261
22266
22749
22462
5743
114
17857
22211
15390
22437
24441
8688
17890
3431
22672
14843
4427
23715
8363
1768
1720
11722
6019
15376
1524
11414
9113
3285
15917
59
22310
5536
19533
13124
13024
23408
11755
18322
75
24167
11818
12142
20306
8755
8765
13853
17063
22694
21439
19190
20183
16862
11226
20879
22359
17398
1000
23216
1168
6832
23671
4187
7156
14729
21276
19760
22282
6131
5471
19902
4245
18790
16546
17651
4997
23120
17695
6675
899
11134
4935
16679
20202
5069
311
22938
7594
16850
23866
18917
7292
5724
12085
11389
12909
24853
22977
13874
16419
20028
12350
4959
2308
9602
8752
21746
5246
13133
18990
2983
17243
9450
1495
6631
9538
4786
18074
17574
2428
15437
23192
11012
190
22340
2670
3487
23825
6368
13113
6441
16173
7461
16054
4493
1196
14387
1064
22666
18018
23625
9227
20957
15664
10774
12248
2739
10771
5013
23632
17242
13474
17433
21839
21740
8608
23967
15553
23067
8876
7510
15172
2119
9216
3747
14948
24929
18545
19014
8624
23647
4136
5966
19313
6210
16400
1509
11514
9275
11649
8244
7673
22181
23050
12872
19879
318
10080
11770
10461
24446
18517
23488
16451
18963
9373
18614
3596
11546
14002
21135
12101
11124
17642
13315
17691
22235
5352
19800
20998
11247
12512
15205
9138
9512
19782
7789
981
4668
22328
16950
13537
1213
12028
8808
14920
4830
19054
17123
18484
23779
18785
11328
8963
15618
16578
2539
3771
5777
9541
3506
22250
6922
21243
23433
14396
18329
13895
20918
21894
16937
6304
5666
9021
6593
24159
16266
16685
21902
10324
3566
18209
8439
11640
18573
798
12150
5439
16056
1470
21776
21486
4889
8068
5902
910
17904
17791
21959
1881
2075
11131
24589
10288
7259
23374
21077
11040
16788
16438
19665
23063
5952
3727
635
8977
5614
4363
12014
14940
9715
18987
3382
9328
11046
21859
23257
22559
9253
21891
16467
21354
18375
21185
18835
15221
2362
18537
415
12095
20867
7729
22239
5980
8106
1062
6645
19271
10846
1450
13272
18391
253
16631
8840
12577
22757
20348
12211
5886
23753
4497
22299
22962
19802
14853
5388
7693
7372
14247
7815
23739
18908
16936
13383
20760
12726
11848
19153
24602
20532
2240
8226
23925
3240
2402
12590
23123
3172
24632
731
6947
11894
7490
7139
4826
2677
21377
19948
5926
22914
13117
3373
17018
17096
11107
4890
24102
19370
4489
16845
6040
6239
15961
23791
19508
1480
2092
2369
20342
23090
12178
24291
21255
11477
10023
23673
13717
15126
20009
5961
10471
6960
17988
14156
15759
2259
14691
11760
6905
6182
4573
1148
11795
2331
2030
16572
18701
9588
6427
24391
16527
10454
21576
2072
2956
6864
4882
16552
12153
22808
1408
6776
21874
6352
21381
613
19785
782
7666
3544
1240
18592
12576
21156
12071
21614
9329
19599
7010
13364
16171
293
10287
18709
4375
932
710
13567
22548
13279
19415
21918
14505
4344
9991
4460
14325
9102
4389
22274
12784
19095
8708
20541
14026
12318
10478
18574
7093
6694
23465
21910
19894
9872
22483
19128
3315
13331
9533
22565
9331
16900
12618
8477
1889
3254
18184
12671
1030
12408
20847
12794
5897
11728
21427
22957
1595
17657
23563
14669
11941
2024
4405
10907
11413
21743
18412
24030
10210
3731
15058
10110
23716
10147
9243
6734
15647
870
13348
5887
20380
18337
4154
22688
15628
12913
22931
6062
14083
1820
5201
14785
5554
12993
16722
19574
24078
1377
22039
14139
22576
8994
16416
24770
18748
18704
9495
12946
4392
9893
1954
14718
16140
22681
24
17160
17579
