8763
17216
9697
10421
24267
5261
13149
3184
1293
8987
2464
20699
20919
23082
10977
18708
9744
2381
8102
9581
3178
24172
11045
159
16334
12451
2883
11060
9776
16394
24855
3009
6037
13900
23824
13998
1629
3802
21246
17522
13696
20372
2326
9356
1642
5666
18287
14216
24337
11864
11022
9232
5513
8126
18627
19031
9932
14666
12438
15980
2438
12644
20200
6388
17507
10495
14838
11954
7237
8485
154
10718
15824
14563
6730
14229
5257
16209
194
3516
10930
14111
2046
11481
546
20491
4008
7236
13562
4912
13394
2457
1332
18976
5564
13902
4813
11551
8415
811
22259
18943
11250
9524
12033
1112
24224
15890
20136
15535
14849
19548
1440
2907
9512
16649
11866
5167
10065
4648
21164
9297
24443
20790
15349
22213
6910
4563
22145
14299
21352
15408
5304
5347
21338
4731
2909
23846
15730
6379
5009
17594
7057
5696
628
13786
15632
22240
17064
19284
18590
5779
22877
18141
19249
9678
15319
2302
23502
22981
5501
22845
22970
23273
7888
16090
13475
24969
24038
24283
5121
5549
5022
18442
21634
1600
2296
15644
21609
23388
15469
22534
21110
1784
4782
10170
13091
2866
9078
11047
14387
16955
19048
4040
12369
4653
19108
4784
22359
20669
18730
10868
7391
8121
3990
8341
8375
14054
19383
22831
2577
19496
17464
13791
13801
20579
7342
21423
15188
8423
21666
17418
13188
20094
23085
17360
20149
910
9127
12422
15969
24729
1014
22004
22144
5819
6406
13512
6888
5305
18778
12051
707
11710
17807
13057
23235
19605
6358
20626
3820
2215
18280
1254
2696
8040
1693
4160
19502
2567
12704
19907
11945
2257
8571
17743
13448
1863
17081
11705
3919
18316
2485
8275
13304
5333
19485
16740
13495
23282
13767
23540
7589
23025
13222
13180
5529
9473
22329
9336
20640
6489
20475
19977
18503
5959
19766
24158
14565
8384
22941
19039
10883
256
612
17031
21751
49
8545
7060
7464
3738
12108
4055
23389
7109
8836
5811
9863
18499
979
7050
10428
16964
14597
23715
19721
15023
14403
20677
21904
1813
22899
7400
20416
15494
10268
5051
17048
12570
8038
18790
598
5242
17994
5831
3430
2903
7638
19102
6207
15548
20835
4984
13362
17133
24833
6697
21844
5368
24926
5743
10939
5017
18231
3030
19152
17095
23936
11791
2597
12265
8419
14959
22260
8700
20893
2584
11489
7814
20260
3399
1478
24301
1115
13014
14093
16022
21172
18261
23244
12846
3255
10720
14708
4497
15782
10169
4093
22467
21220
11229
21718
12891
9357
9509
12991
19448
5453
24549
6850
10723
1778
6624
16469
7670
18450
15310
14667
19831
21813
5482
20882
17980
14814
17037
5805
22274
7915
20016
16392
23524
3859
4065
16972
24441
7532
18327
9978
12159
2774
18156
22137
18566
9907
9646
23341
5714
7683
7788
5770
6534
24947
18052
15496
23666
14471
19373
16132
10940
16039
5872
17612
24300
18716
4910
15699
7704
22176
15996
14152
353
18131
24768
18884
18668
12566
13263
14099
9840
7494
3500
1560
13497
7657
14045
17848
6093
4362
3540
7010
9727
23611
7024
23154
17450
11889
12262
6031
3350
8921
16397
4853
6904
8203
14874
17192
15985
6588
12073
67
18599
1850
4500
13651
14870
1977
13971
5832
24615
10899
11025
12168
13274
3865
17650
1719
7006
18633
14039
8417
23917
2341
9908
19591
11380
19730
15272
15442
5328
2342
2636
13080
4286
10583
9682
9149
7826
13104
1684
18571
14536
11947
4371
14265
9724
7285
1925
23931
6401
2033
19050
5530
23496
1723
3685
363
15313
24141
16464
8373
18438
12161
722
23635
10576
24383
22139
22386
33
9777
5688
12802
8481
21536
2391
4587
10233
406
7345
11221
18125
18361
2363
7279
21689
15775
11800
8970
12987
5435
18916
19061
1614
15253
9112
18634
571
16655
9360
8390
16399
22237
5244
5225
14349
3523
5955
22104
22968
3187
17944
4588
6937
8075
18809
3402
10895
13960
5149
18452
19408
9867
20843
22327
15293
18299
18675
14247
21479
15636
8309
2098
20546
4529
11830
2161
19044
10747
3070
10687
15429
19037
20471
2309
14170
9892
11979
14411
20389
16280
4640
23127
15378
13863
3086
10520
9235
20630
12381
14318
24525
20990
12585
12798
1356
3302
11931
22524
22925
21857
5455
10271
18981
2919
21100
15074
21200
13936
19355
17692
19772
13771
16817
9596
7543
18046
781
17088
2343
21115
22785
1916
23701
4887
19863
10276
14401
10664
8046
6185
12867
18522
6196
7656
22725
5762
6095
1219
1145
8843
16017
10130
3643
7889
8788
6262
12305
16716
9812
3397
15140
16179
8408
10400
4123
19304
12385
18283
3315
3853
12042
15713
24886
3198
22849
13670
12721
352
8025
19334
10341
3138
17090
6927
6411
4603
12824
17543
10942
2128
7900
16587
20127
11585
13613
3096
253
1043
17538
18329
11978
4401
20147
22807
3052
1447
13616
5647
7956
16072
4182
14196
21160
18028
15774
8369
11879
6795
18520
7567
12743
11955
10248
15
6459
12312
21674
21730
15999
15662
15837
1100
6584
16204
1788
24632
4053
11149
14033
15105
3119
16973
10053
5736
219
23707
18011
11613
6177
20596
12526
17170
18879
20720
23053
19819
9537
1136
3829
20267
24794
7937
8262
4355
12544
3570
4928
12662
18244
19626
19
13717
7687
10120
14510
1485
8137
16226
6147
11929
12764
10008
23441
22651
23665
109
23078
10189
13062
22731
4193
2718
52
21801
2524
23896
14466
23024
14319
16096
15924
17002
2927
22947
15562
16066
18987
22711
21068
5968
9338
20334
20797
12310
4814
4256
862
19150
16395
8915
19040
3872
9912
13585
9798
9796
20291
17560
3299
8626
9403
16581
9395
12712
12728
16502
8521
22336
14514
18615
8556
21152
11141
12426
13416
1751
19438
6193
23512
20687
14449
22275
10699
3146
10301
11926
21056
371
23822
22514
19651
14067
6260
9322
6255
1803
20838
7781
21856
18116
2079
16136
15949
2510
6074
23803
22554
22037
14548
15740
5665
2448
10012
15004
24521
11346
17866
15744
4672
15591
12981
7797
12039
20535
670
22081
15306
22768
23814
3940
14743
2439
66
20162
6245
5871
4323
20325
4017
10987
525
18785
9033
17234
17062
12856
335
23805
671
18532
9730
2672
24672
20341
6774
7164
4976
11183
4532
12555
5192
11302
4395
2222
14910
21006
21611
1067
11144
10534
14567
1493
12337
22350
21578
16050
5166
1452
4329
8945
3456
10399
13861
3155
24400
18939
3561
561
14591
1175
15615
3396
11841
18004
5055
1603
8534
15540
4523
17796
12041
8054
4157
21861
14112
8916
6003
4442
21710
5539
292
16976
13212
23193
18601
8859
24009
22969
11273
15086
19036
24944
14368
8458
19281
11134
20936
14830
17770
11530
18889
21542
23061
12341
20660
22961
23966
16176
1842
5135
92
7620
2862
20744
1888
5936
1363
21060
14079
13261
24281
18984
12518
14923
4013
10116
6416
7608
3318
24759
16003
24091
19778
17558
6933
10246
13039
16434
16577
21619
3841
5987
3325
9626
7136
16768
2261
20353
8288
7139
5282
7655
15046
17315
17226
17446
10363
6340
7359
2365
19996
16153
17042
14432
17004
23780
3645
8787
12437
16405
4021
948
4186
18932
8610
8580
9735
9802
17769
22697
17610
3436
2074
19594
12604
23008
6124
18899
8511
13909
13637
8548
12805
23352
8478
2337
24216
5766
11378
7946
21893
8395
17909
6140
14214
11461
2435
10731
2949
24273
11187
16290
18018
3632
6300
453
17933
1817
19418
8828
11268
16599
665
21526
19426
4696
1699
15633
15409
4656
22118
16409
14615
19023
21757
7732
6396
12710
23263
14225
18130
1146
10125
10824
14693
1998
3089
9426
13795
14167
15572
504
14012
6349
19906
5429
9264
3034
19047
9526
418
22308
17965
1368
4652
2752
11668
10815
6421
140
12583
10475
18574
14878
5614
10970
11469
23487
24201
13127
20186
8829
19379
3177
9809
15612
10433
23369
17701
22716
16697
21247
20847
13657
24093
20989
14506
11950
17729
2743
11096
8669
6732
20252
8480
11957
15472
14620
6203
14221
1176
17833
10154
10945
16319
9551
19939
22652
666
21301
18369
4087
8735
1243
12989
7435
16411
24928
5288
283
24682
7375
23313
22714
10822
23283
3648
7876
14861
11986
16088
4218
23372
2184
1138
20896
968
11693
11658
2789
16782
4233
5419
14724
1791
13522
7115
23128
24801
17967
13236
9665
12971
19407
6854
21699
22097
11420
18265
8619
1406
23878
23555
5731
20088
18228
18090
17169
7040
763
14383
11381
14488
4260
12866
3667
21741
9063
11027
20431
916
1400
17938
4893
19736
23997
18720
22008
11452
17982
15351
2856
11667
24021
3013
17675
8154
8362
23471
24328
1377
22608
15206
10216
10870
19109
14975
22653
13385
9040
1564
310
2065
16887
19777
20618
10996
2066
13047
15325
3061
8064
2140
8105
5750
3270
23092
19013
8277
6131
15459
9056
11239
13875
9983
13819
22852
5345
17806
22737
8331
5104
18923
980
7444
136
4174
8008
5637
18784
19001
21405
24351
10629
4061
18746
5928
20347
6352
11319
1389
8055
10785
16745
20642
23989
11407
7607
18017
4057
1292
15772
19264
5884
12303
1055
7779
3257
20869
20006
7133
15578
24310
12845
12181
18267
23774
16687
24674
14737
5744
18792
15609
24954
5878
8649
4126
24555
19286
4140
4553
12986
10726
3707
215
4960
18850
1994
3148
14622
8360
13203
2376
4788
12255
975
2410
19087
18075
13103
15029
9141
7919
20208
11484
3931
21133
19803
7575
4060
24820
24438
13140
994
16957
1012
4599
9708
10773
7319
22743
1611
1818
18157
11411
15964
2922
17534
12377
6468
24054
2111
16840
24724
3195
1224
21372
18836
14745
7766
20594
17262
4924
2275
14676
5071
150
16222
14841
24854
1376
23134
12890
3041
21393
23271
6072
9294
21922
19515
17161
19913
4868
6283
7542
15555
13780
10047
5868
9604
19554
15681
5265
12498
20290
10875
18050
16298
951
4669
10828
16383
16076
23983
23727
340
2813
16388
10961
11243
5615
12269
17114
3000
21943
14137
17794
15630
24180
153
23559
22182
24051
14358
13445
13413
9713
19236
4951
16427
4250
3212
3781
8193
18477
20159
496
11610
9693
15506
13129
2013
8819
5500
14692
21024
2751
16084
17552
7301
11182
10900
23423
16509
19535
22108
5350
19341
15497
3422
22248
14153
8734
9507
24325
8942
19290
23522
11868
22243
4342
10030
20509
784
5084
5527
1899
6264
2132
17628
12678
4682
15083
7549
20122
20235
24987
2088
1757
20377
2805
9481
4254
24712
13967
11536
17331
2395
12910
23379
12531
18110
10588
407
15493
19818
15889
17584
19628
13994
21442
2355
13740
13549
7411
6101
10353
495
15657
12653
5403
13244
13517
24686
9943
21137
16664
19555
15678
6461
24377
5195
217
8084
13520
12345
9422
5691
23072
4522
16732
13870
34
8198
5447
6265
6097
17307
18529
9738
19559
18995
16907
16220
24341
6130
6939
2529
6473
2218
4388
15320
3991
12170
3587
1515
2394
6462
15658
22271
19475
13425
20399
17462
4721
11413
10648
15433
1020
22569
24471
20326
9136
2687
2692
14894
18920
14278
7941
17454
9458
1129
8452
19274
4816
21551
20961
9399
12895
11982
14130
22032
22374
13050
7671
3677
17566
20802
24720
19779
13816
5552
1124
7618
11301
17029
23868
13634
18692
10382
18598
17455
2974
6120
14453
21211
14458
5560
3050
17248
2647
17516
24864
4184
18188
1821
17731
19025
4490
11952
13393
4494
10500
14968
14654
23519
2574
5630
1186
10361
21572
15521
23360
17746
6938
10179
9406
11632
4735
3355
3018
24086
14063
20995
6297
10872
3176
16401
12328
3120
14384
4530
6159
6571
17322
24149
12124
3373
21284
19003
21724
12614
10597
8172
8067
10543
17199
15882
21460
11032
2049
860
5953
1755
5161
9499
18591
1160
16130
20678
13490
18146
3932
22474
24437
10151
6164
24174
22664
24118
7090
9836
14268
22448
16043
1695
1588
12607
17308
5461
19570
20762
17679
15522
24080
6775
4170
23671
10566
18672
2322
14701
12260
5718
17060
2478
21947
20780
22590
20997
17320
9719
18990
12293
11073
21376
24621
15781
18683
414
541
20510
23880
4024
16978
5477
12562
24303
24740
19987
2681
6875
7853
8319
24608
21234
6503
8094
17395
17204
10222
2830
24394
10953
21853
18974
14180
15297
20111
22045
16164
3976
17012
14934
9854
24780
16760
23234
10636
12406
17635
891
8016
1465
24730
22938
20656
23415
21959
3232
24606
17137
10646
10059
870
10512
21245
5377
23859
4725
13554
6153
10829
2109
20037
9766
17286
19547
4100
1320
24548
7555
6973
19737
10889
21265
14648
11920
7595
3124
23363
10564
22006
17573
23809
4322
2445
17811
4643
24419
22364
5462
755
1154
11278
24323
15050
17777
3842
16989
20779
11121
20066
23837
21907
23186
23037
4298
2069
13563
15350
22460
10869
8588
10995
8679
6328
21086
1997
3266
17657
22330
12790
18605
5485
8717
17448
19096
4834
23971
15048
21122
2790
4594
15146
12351
7845
20035
7127
7381
12009
2629
14714
1836
24783
22358
8664
15235
18073
758
6456
9410
24964
24827
12982
9044
18743
5241
4158
17413
7157
1544
21322
24072
9486
11376
21181
6662
6486
11796
9920
3948
17839
10778
2658
5838
17991
20442
14481
7645
2504
5538
7299
13720
12332
15517
3578
22410
12003
1848
4552
12212
21403
22730
6039
3526
11347
7878
24473
23237
8278
12837
2564
17959
21765
9180
5633
12702
13980
8715
6369
9972
2087
21773
12315
21051
9156
250
636
2936
4760
21237
15301
4617
23091
19676
1232
17488
19935
3045
2272
18082
6365
4657
6188
1776
18138
15084
20552
19943
12873
8225
21101
10505
17386
20227
15957
2380
5338
19683
22486
9842
10738
16216
5413
7642
3185
2871
17445
24601
8286
24343
17741
8795
5323
17667
11103
20191
22267
2764
7067
21197
4014
15891
4006
4765
17524
17912
21141
20917
6519
8562
17550
24131
10698
2162
4058
5346
7224
7793
16566
1410
9756
9564
6658
20701
4246
20387
12456
6237
6249
2283
15607
19070
1297
19632
11430
15127
20300
3805
9433
17721
15918
9459
14436
10020
6405
11699
22140
19758
24
19528
9878
14499
16129
24084
23104
24876
14719
14395
4183
23253
20684
24332
24786
22916
20294
23704
11151
19830
14243
5927
12581
5383
9103
20078
22631
12938
7074
15942
23353
5822
4602
12632
1907
16370
11024
6743
576
9483
16512
18153
4849
12490
15363
304
11749
23039
2879
23309
4753
14463
24689
20765
12661
771
21554
24396
13601
16777
4198
22461
1391
5780
20756
6849
8049
24652
7366
10317
17282
14474
16182
18594
3035
2404
19650
1052
24807
12458
11918
23784
8265
1912
24536
9021
21162
4953
5836
2443
24249
2086
18737
3452
10852
12402
10791
9897
7437
11874
13832
11535
10432
14783
1157
8141
12706
10270
16870
18538
15137
19995
5369
17391
4234
15210
16583
8876
8314
22752
14774
15885
1309
19500
17271
24121
24233
21645
4939
5817
19135
2193
15676
6517
6643
23076
21874
17093
11733
1275
13046
17686
20746
16315
18545
6513
10112
4005
12146
17864
20577
11513
15471
1952
12431
16443
8986
4344
12447
19163
22912
6155
4383
13687
23405
15243
12500
22272
11701
9872
19285
527
20829
23820
16413
11933
10460
15362
1951
14249
6060
19055
16079
16585
13059
8955
8643
12294
1133
19327
24463
18660
21356
5379
8042
17379
12962
6325
547
20314
23839
19978
21908
21624
10498
19572
15599
3242
12137
2787
3160
22459
12768
16272
4091
2158
6768
5476
3338
18104
1873
1353
13438
6143
7007
20861
22615
22838
23303
18885
24065
15049
9260
22824
22955
12830
7986
10739
18078
19030
24541
13247
13685
12254
1476
324
21715
9192
13874
11511
17340
8507
22513
5165
8833
15065
7837
20157
6967
19551
16680
2135
3353
15098
8493
16317
1674
23744
7062
19697
730
22833
24790
13516
1797
6829
10219
8834
23060
24701
2802
19278
20004
1017
3792
23982
18447
13147
12695
12288
3109
12219
10993
15448
18610
6229
339
20852
10656
3335
15908
8508
23074
6688
17295
8676
11700
21632
5739
12053
16341
3656
13707
16597
14128
16582
7207
12251
6950
19328
13618
14662
18478
10391
24159
6989
2300
6055
20906
10761
10994
1117
11
18135
1367
2201
2230
8007
18143
23201
23812
19511
20708
19728
2097
8853
7587
8374
23901
5201
11317
15720
19541
11894
17019
14164
175
12977
9937
3332
5156
14424
2411
6367
10613
587
11108
14603
3133
24713
12934
16187
20967
245
1467
16227
7112
17468
11707
1142
24184
1915
9903
14241
5579
2221
3703
23269
19813
15229
22069
5582
10331
20497
12540
22502
12652
10109
7923
15669
4368
8623
5324
6121
11798
2540
21406
23548
13828
9921
8222
2620
22198
427
9554
6805
7078
15431
4284
18613
8537
7071
20337
24819
9568
17284
17306
11587
13530
22276
20382
646
3363
15928
12496
8112
10676
7266
7600
16473
3300
21102
20257
208
19938
14907
9711
22949
9934
17672
23581
16459
8023
7041
17299
14064
14541
20142
21747
11224
8001
22672
22515
21733
10064
79
23450
119
5109
15377
2730
6209
3400
7599
17804
3980
17414
10851
4931
8315
2726
22543
1886
19545
716
11353
5024
21336
2400
662
1307
24523
4358
24999
15788
14964
908
7413
21709
512
10466
18463
21004
15259
22709
2243
19988
5623
8740
20434
21694
537
2544
4171
16842
15771
11332
15747
11049
4472
23543
3849
7376
23565
1277
668
12509
11588
10080
21298
168
8254
4576
10275
828
7584
4524
17698
23550
23322
583
20302
23261
9948
10455
18284
19853
6784
14246
815
16886
23752
5511
1179
16906
14090
16463
1358
3626
10448
20365
23962
19610
16737
12807
22253
6567
5933
23216
24254
1334
23480
21965
10266
8209
19196
14473
6861
15547
7884
2601
8379
17894
14329
17801
16800
18336
20518
10649
13412
13484
24600
5426
9641
9876
702
4505
17616
748
4042
8247
17330
20335
11565
13937
3253
3263
6594
16775
23798
22473
22582
24085
16308
18592
4400
9036
7433
5642
18021
13364
11904
4838
17435
24776
15446
14188
18371
3111
17600
13935
16490
17189
20222
11969
23439
20472
11475
20262
2112
706
22132
7214
2983
16251
20953
24000
21263
10989
5932
24098
6454
21113
13329
11222
21701
20543
4689
236
12149
23018
4346
14756
9368
14200
11431
9845
2868
14634
24032
17491
15538
10745
2799
4718
649
23052
20232
13069
3303
2480
3752
15567
1620
5160
10903
12172
19688
17040
5597
22402
2458
6252
13115
12455
20018
2397
7750
8441
5010
15238
10050
22674
21980
18888
22067
20420
13356
17930
9862
16208
10346
17326
9062
11991
7659
436
9550
22265
9799
17099
20500
12741
3103
3887
2541
19240
796
17859
13371
10659
21194
10297
13200
23653
10779
13921
22193
19091
4641
2838
2857
20310
15698
12762
852
1764
859
14950
1185
1430
17178
342
350
2126
12434
16026
5906
24251
381
18767
6339
13408
8065
13210
697
15514
7191
11357
2006
2025
23345
10368
2056
3755
23563
3960
24183
12225
10310
21928
13951
359
7009
14631
22252
21425
23099
20385
7039
8875
19103
23396
9236
12508
11013
6738
1344
1838
20474
23231
17186
3815
5110
19741
13032
11021
6608
24512
5168
10980
10351
19588
8160
9814
8670
12869
12464
3767
3638
18460
6890
14076
12659
16188
1746
19933
17604
24922
22750
2045
11678
13011
22397
17285
16342
3761
13897
8954
15003
24406
9462
8274
15077
8051
12198
9956
6471
2653
16892
15761
24687
12476
21967
5420
10812
10021
15871
8922
21643
877
9556
11818
19600
18325
14475
2196
500
10414
13260
12923
2676
4963
16357
18676
10637
867
10172
12724
5977
2828
3429
11106
22765
5312
5033
1457
20303
12669
7547
3733
13363
11993
5454
190
16852
6554
8492
8088
2336
7329
7323
214
10269
12836
14552
687
14441
9543
5951
2894
23420
5039
12063
17865
4869
12259
13697
18657
7220
16815
11730
19245
9053
20418
14645
18518
3428
7895
1531
7374
2814
12619
613
14420
5085
21711
19293
2728
3507
2664
4293
10241
8091
14820
4694
13747
11594
16111
22018
24836
16949
19432
11829
11102
8083
6381
19104
2795
395
3982
9298
19622
23709
16279
5716
5569
17809
8845
9249
17144
4844
13518
13776
11254
23047
5610
2392
3025
24777
7974
12786
13597
10085
19166
9414
12428
5424
24681
5255
23045
12623
9120
8689
20462
14389
18264
19696
6898
11808
22107
997
7218
5654
21145
21547
13493
12203
5266
14018
9330
263
22935
24230
4892
21975
3743
10487
3780
9362
8892
5236
19806
2118
15292
17765
768
16504
13775
3477
17409
5170
14879
16605
20932
24397
8165
9484
2123
8595
180
5962
2513
22739
3856
16369
8260
12903
9091
5145
1050
10968
6813
9039
12411
4147
13981
15334
8243
20148
6466
11980
2603
7420
2958
9782
9320
2890
17707
4681
13172
10959
17760
2383
3696
15042
14417
14575
16408
11282
4417
13699
22432
9292
13156
11976
1087
10191
23285
11366
3116
10320
4917
10007
23368
14709
6368
18773
5224
22837
11636
7686
5153
8152
19504
12390
11093
178
3798
22786
8197
17411
21241
22547
12809
3087
17227
22157
3382
399
14672
5806
16708
13721
8661
2089
579
14577
1547
21153
4146
15231
8359
5341
9690
12893
17324
8756
15274
5980
20445
17425
21314
22662
12745
6394
2466
15641
2254
13858
20694
12151
16106
23445
3602
16735
10090
8050
4933
18550
24692
18394
5971
15337
18103
11518
18651
11074
21330
22994
6216
21845
20571
8482
14256
16776
20168
2017
1477
6400
20597
1707
17813
790
20908
17357
1304
13711
15865
15524
9539
19492
5617
1397
1895
12424
18426
20731
10339
9130
17788
24850
8855
21015
5332
19796
2276
1615
11722
21999
13609
4581
6812
19844
9241
6996
16730
5763
21678
72
4600
24823
17799
24399
23572
6125
9392
13016
20621
2923
6289
16573
2076
5218
9323
21254
17636
19046
4570
11116
23659
17776
19231
23945
14957
9060
843
19472
13275
15899
18019
22639
6586
24631
12028
22074
12113
22242
16205
13566
20922
14080
22904
3560
4845
23167
21044
23536
18238
22367
22675
829
12388
7999
9116
15142
18297
3329
13552
24623
7674
22625
6719
14106
4699
18968
22068
13164
24791
2379
24572
14752
20373
14360
1381
20010
20408
15842
6552
13604
3800
6355
10387
14491
7863
23829
11055
3223
18425
7848
21436
17695
7298
8910
14437
7936
19007
15291
16296
15336
7369
4515
749
7831
2876
139
14728
4493
19583
18818
5661
9107
21653
11251
14340
15117
21305
20730
11150
24880
8968
152
23151
6576
20284
6062
10015
1001
17251
19283
1261
15751
10705
4465
16432
23055
17561
5972
20589
15218
20155
8881
19713
24870
10893
22453
1424
2732
10089
14992
14556
1105
3897
21680
23342
8811
14749
11627
17948
16609
22895
1250
5664
9835
24037
6525
875
16813
9599
20125
10769
14607
14304
19820
16162
24809
1168
24290
2095
9008
9648
24099
10446
6294
20190
2812
3143
8703
19720
8913
18642
14427
20039
8891
10550
17171
15909
24760
5991
17611
4179
13693
11117
11600
15364
24544
16225
14772
4319
19011
17168
16367
21260
5973
20362
4455
23942
1520
856
3462
7212
8816
21082
2763
6162
2651
5393
20777
9222
3998
21562
22202
19016
7972
15028
2628
24101
3511
1102
13249
10434
2053
7155
8133
21540
3289
6321
17838
6222
18848
9420
6272
14470
16992
23789
15600
1188
155
2877
837
4541
14518
20533
24670
1793
6040
22693
17979
14754
18291
12705
18333
23520
8907
9588
1200
15835
22204
4598
12327
1442
12242
11292
4798
18286
15147
5824
24545
10374
18430
14393
9363
7962
9999
6103
8701
22872
21168
23713
530
21793
10523
24517
21972
17790
1613
21869
23302
11867
7606
19510
7737
10578
17490
20437
15189
13113
1979
6086
21894
15686
8086
10161
377
12304
17836
351
19456
20845
9123
3930
13281
14423
11603
16723
11561
20576
4476
21852
14161
11684
12854
11797
319
23382
14732
24589
20807
16466
5468
5733
1481
16378
16127
2253
4380
19212
20000
20987
6569
4361
9488
21233
14190
24257
16846
5470
5773
18914
10251
14226
12280
24007
5223
13026
15937
9900
9413
2882
19093
9436
24339
8310
1031
9658
13702
481
8219
20484
4579
553
21256
16082
3352
10804
1362
20601
7828
14694
11300
3438
7445
17212
13330
4232
9886
17868
3092
24510
17283
13280
635
1077
258
13388
18486
7386
10669
11105
2625
10182
13443
101
18876
13299
19578
7303
5799
17626
16376
3753
18179
2303
14050
14962
1085
13814
23628
23747
6887
10074
3060
5558
16259
775
20867
19287
10281
16920
2133
3992
16196
19789
19845
12804
15759
18095
2801
2348
85
8546
20813
11011
6296
20215
11558
13820
8333
22907
3814
11716
21789
7380
14939
24695
883
20273
11434
21117
9373
10006
22470
15888
13925
14952
14280
2057
22477
20295
5025
6666
6526
18656
16773
22991
14347
12548
21514
23246
6790
22729
19839
12611
2694
10253
10304
6053
9664
9514
23256
11460
11097
11119
6287
15534
20688
12418
2848
23318
24259
11482
14796
14769
7574
16419
7241
22885
20346
10307
21366
7043
2091
9754
10541
4287
10324
9085
17517
21217
17378
8345
8754
3504
8862
2152
23700
5101
6148
9729
14757
2934
6285
22302
4764
23035
16417
16328
10894
3424
4416
13715
14219
9288
19476
12842
7072
10820
18652
4885
11720
14742
683
8801
21860
3627
11100
12979
11847
5634
654
6450
14904
22823
7455
16943
6049
11679
6470
23408
20441
21955
8456
24378
22832
8635
7417
16474
1262
21150
7678
12281
14930
14184
12522
14460
3846
6765
13478
5983
10918
7875
14882
21449
7189
12319
14020
10427
19054
16496
18857
2139
22856
21379
20891
6869
2441
9189
22813
19566
325
8252
24146
14679
24262
7762
10962
10381
2329
13472
9211
15467
11516
15748
4340
8738
14028
21468
3801
21066
10751
19797
7242
13968
6239
3947
7096
22583
574
20089
6778
4807
10163
10463
24535
112
6180
17107
23030
3744
4797
24275
22218
11921
20781
23131
15261
3098
23133
23928
2248
12625
14660
15789
6313
24382
9749
7383
7758
1685
19497
15628
16739
22781
830
18524
12905
11812
16200
12087
5189
12058
9416
1786
23874
16854
4447
17620
17080
4822
8725
6170
5300
16828
110
24959
3776
11104
19731
626
17949
8179
11526
5531
8769
14501
1140
22767
15019
23533
5363
729
7859
1869
1651
6934
1109
275
2368
2389
17457
12773
573
10357
18501
17775
10621
18296
3962
17247
17176
6052
7379
14574
19400
3720
18837
20634
8730
14583
1660
21756
17709
12643
6672
12738
10885
21328
9931
6644
4049
10482
15156
8552
20237
3585
942
11023
16254
17683
4941
16822
20586
22015
17399
21047
24130
4156
11019
14186
18232
115
7983
18511
5587
14960
16665
23985
7634
13021
20611
18873
13327
23919
4919
19272
22506
16902
9598
641
9270
21482
22559
12182
9471
11754
11853
924
15244
21496
1815
19894
954
16372
13691
7807
21677
9017
21046
14391
16453
19071
5940
6435
7612
6948
20134
18100
9768
18946
6284
3114
16042
8682
19814
4299
7707
4859
16953
3544
6655
16646
6842
17511
6514
19486
9619
16350
15388
10749
7954
19646
5318
6706
5164
12942
20538
10225
6026
2532
10103
9098
13066
15454
11429
19767
17085
19160
23366
21886
14542
16484
22526
10079
6737
442
10038
3564
18321
2258
5571
12789
7749
16015
23815
13975
19652
20528
9131
6488
9124
850
15383
20131
15853
17700
19690
6645
6710
19004
3485
24369
274
9894
14977
7187
17374
7557
21380
21840
2036
14647
16270
10854
20568
13991
20363
10081
22720
21146
14571
8977
13114
1405
4258
12737
12335
801
15070
22079
11685
18208
1534
3831
13292
19984
10494
1930
21023
5907
18527
20029
13192
13476
15187
9950
1199
10385
7482
17208
16884
11596
18024
18948
9986
11388
23143
19951
1734
16628
23344
9199
20269
6611
3157
16590
3468
6788
7693
20566
16981
12488
9612
18510
24591
868
12708
8732
15614
2362
19487
10924
9947
20386
13947
14088
13933
1276
20799
3568
2872
24079
20834
11743
11389
20610
24879
15277
4302
23373
18169
23090
16508
11316
4212
8229
14787
10418
4267
15875
17244
4664
18180
2385
18176
22500
8650
24395
9717
20120
2964
17103
21497
12984
21841
23574
13573
21319
18819
24066
20017
5536
17074
14973
5031
24645
2461
7358
6044
12197
5535
19719
14655
19851
18332
17646
22052
10471
6982
20187
23171
3790
9358
4583
7293
24848
23310
4495
24023
1622
7492
4779
757
12379
370
15014
15424
7310
11644
12752
21155
17474
7857
3609
18001
14880
10132
13028
3675
19357
14759
733
6291
17742
12969
24603
14730
4333
20489
3268
23531
15687
12744
20193
18726
1572
8348
10199
161
11129
4895
16866
10197
14238
2904
21128
8156
19762
17641
19299
23109
5948
13111
17828
18177
22915
13271
6564
20525
2855
8320
15663
24424
7591
21409
24264
5856
17782
10611
24664
23913
14032
21555
13969
21745
10323
8214
11793
16913
11965
23421
21353
19693
23819
933
8720
2833
940
8405
24863
19994
23623
5036
18731
8633
14430
8085
16503
17337
9981
5897
20674
3658
21489
5469
24055
12282
11916
12250
8446
24481
21503
19798
6477
11362
6084
19875
18998
11570
5721
3458
8445
2962
23317
9101
13037
21083
423
17141
2563
11163
18609
23695
6028
16312
22223
16291
24779
13231
1458
7623
22850
22928
10162
8680
14272
12471
2720
10274
24569
8969
7469
18515
2346
11195
15129
15036
14325
23807
24498
12144
16728
19534
11698
8757
16807
2815
13199
8901
20785
24612
7251
7399
21
13922
2863
20958
17104
5957
11399
12796
3015
2083
13452
7311
6354
3051
20158
356
4459
21608
3528
22319
10660
5404
13903
13781
5335
16847
22219
14683
841
14431
21697
8108
10974
12703
19647
23034
22975
12131
9133
7047
17824
485
14735
3110
4099
19979
24547
23537
10121
5860
15268
2144
2273
22360
20516
20075
12241
3759
7558
3201
16274
12886
20179
16011
18057
3190
12271
17364
4627
2888
20164
6448
23750
24220
23554
17953
19498
11732
486
12649
10964
16448
21428
20570
14166
23429
8440
12587
16550
4770
19929
11611
17354
21794
21318
14006
20614
3909
19170
6818
16855
639
20189
6389
24075
6088
32
12637
7471
13198
14004
4237
18233
12648
13494
8858
9259
18949
16355
24241
5604
16640
9441
11351
14351
22120
692
19596
23977
7886
10591
14689
15370
17812
23403
17913
4705
6225
9331
21444
1015
15298
21333
22189
7162
16703
2537
11059
15194
5116
20332
2591
6615
27
14103
11099
13648
3861
3965
24782
21316
5088
12333
12906
14223
21451
1637
6978
15415
9290
14651
16639
5270
16506
8678
21345
23881
9151
13313
16939
24927
1501
13768
6458
23023
20505
6168
4257
21317
23590
20905
13181
4799
21641
24887
8628
12188
16422
7728
24847
8932
6635
14046
20584
17526
23852
562
19526
1360
3345
13635
18815
23204
13844
21722
22228
13238
11228
3586
13626
3326
23968
16489
13956
15919
17120
6006
19726
4835
7489
14650
2702
10721
13606
5694
22791
5532
22952
16860
22997
16420
22891
21615
450
5364
24235
15211
690
8385
3486
20092
8772
7593
18723
13065
3924
12850
19793
11713
12329
18512
19111
17132
10650
8629
17152
16748
18665
3885
21522
8949
1814
11415
20732
23221
10186
11269
10542
23569
6476
6580
21671
8613
18289
11193
1885
397
13396
9660
5525
3955
14831
8227
12178
21675
18234
14984
13885
686
12187
4478
23843
18472
6943
2388
7208
1742
1127
18139
5416
8944
3498
9137
8632
18399
11012
24733
19888
7689
24810
24322
12226
2859
18938
7506
22022
9478
24015
20734
11095
10740
13411
24126
11127
21272
2703
1264
1352
2102
3286
22665
3254
9767
12606
8951
1715
18691
20409
2251
17214
24605
8551
7624
16924
16335
1181
13843
4142
23847
11140
3280
16720
9109
24756
19889
7388
2531
12229
8912
12109
14005
20121
23370
295
4159
840
14335
19757
10881
13266
2402
6714
24363
22751
8600
22585
9518
259
3542
1787
10548
6105
9337
2662
19179
18758
4637
21979
9855
13346
23647
1323
7211
3739
14584
17876
8142
9898
8804
484
18789
13359
23959
24036
10044
3547
9635
17241
2371
9887
14704
5701
17230
11283
19912
1901
13267
19098
4461
22332
7648
8205
10605
9431
23144
2622
8608
10544
6601
15120
7193
17466
1583
3262
10905
20877
3533
2277
1887
12118
22505
14868
1023
14348
5428
19680
6128
23184
7632
1064
1121
4336
17885
7716
13323
14132
21698
16997
14439
4606
17403
24771
2256
14493
21040
4987
797
22134
23114
1210
9369
6353
23624
2138
12085
16363
1158
12252
20138
15706
14614
9307
20981
18556
11510
11741
12467
23213
24900
12088
21452
16277
22311
17184
6780
1155
13407
7694
6077
5431
9128
9667
7429
24992
21535
14588
14139
10091
22635
11185
11703
17618
3391
6865
5710
6661
24127
11533
21235
15245
585
8233
6402
18869
12214
13542
23957
22682
6783
4452
15998
15753
836
20511
6826
12492
24423
13286
19238
8672
17368
21149
19447
6452
13756
3069
12316
10213
9214
1060
5325
2043
2289
24657
4148
17505
483
17533
2955
21836
11832
18155
15392
18127
20850
20724
14069
12679
13041
15651
2982
10140
5303
10345
13584
640
9650
1408
1251
7571
24514
23821
19368
7650
9500
10474
4913
1499
3269
4426
24757
24602
3453
9257
5703
10210
18112
21638
23022
22873
19171
10947
3416
22126
6142
7744
22649
21985
19865
7372
7063
9902
1037
83
947
14540
2550
8846
7483
10755
16346
30
17622
16492
2594
14053
19560
11153
21707
10113
16851
8656
8145
14451
2644
5113
13137
18012
1393
20469
23435
21413
20264
19243
22572
23840
11079
6463
2055
18856
5158
18246
237
642
10174
14875
925
7987
17818
8144
18335
24923
4957
10604
23428
1973
2960
7596
12968
1000
4569
6392
6640
11835
18493
4451
4909
20426
9555
22434
18705
5684
4334
4449
16390
20809
22109
18970
12043
8609
17988
5901
20742
6963
15575
19968
4481
15419
6878
9654
12939
6792
3834
8391
22457
19085
12849
24561
20951
9475
20192
18193
1421
1927
2119
10426
22029
3725
4952
1687
4041
19142
18833
15280
1610
14956
18596
17325
15025
12541
18054
16426
16799
6107
23276
10616
24932
22587
22571
2179
276
20654
17755
1931
11776
16310
23153
24744
21399
15161
24435
643
17201
4429
4923
6504
13
14668
9154
16931
8809
2246
16651
24643
12130
1976
7868
3123
5291
7920
17155
13598
5099
1802
10462
1425
22371
3204
2741
12291
13187
18424
15208
11330
8941
15119
14801
4531
20933
7796
7959
21818
9059
12296
13002
20204
13974
40
17607
9645
10921
2933
5866
3966
644
22667
2316
12405
4702
11502
22924
24843
13096
766
17270
3449
8812
61
19345
14915
8096
878
16198
8904
11052
22886
17808
3256
4618
20217
21278
11277
14490
20549
602
13446
21950
861
13460
13963
17820
19712
24427
6578
6862
24817
13899
11896
8684
13051
18563
993
4651
1612
4399
17847
10618
6200
9601
22063
8435
5855
5635
3137
4039
20444
22014
97
18210
2709
9800
24454
5643
4012
5258
19636
6548
9306
10477
24173
12622
14483
198
4795
1748
17122
4654
12208
8412
11038
1617
7855
2155
24660
3748
2819
20415
23294
9534
4518
2948
15501
14877
224
24108
16623
15114
6183
11824
3446
7529
21640
3978
2172
6186
16435
14207
564
23311
14616
24647
203
5760
17481
11261
16538
9916
24001
11752
1777
907
15125
20655
13119
19377
12553
3234
10483
8332
18391
10395
10058
20633
4586
23823
15069
6505
19869
23169
15438
14269
22039
11062
20537
5361
6606
24461
13726
9074
22057
15597
2952
10019
5829
10840
15880
14250
15647
17687
20703
20282
24918
16727
6750
15346
14958
3567
7636
328
6440
16365
18900
8393
5307
15617
1649
2911
23567
6393
9884
8056
24284
4623
7862
24747
6099
4561
987
8188
17202
23233
9888
17842
12753
19892
15846
9493
466
14663
18202
6632
17562
19443
21531
21973
24856
3870
16719
6215
2205
17173
170
5613
14983
8013
18488
2512
3821
8136
3179
10283
9092
21851
22217
5191
21135
23254
20031
2204
5384
20013
23454
1286
17779
8344
24508
22270
15920
21827
19672
9280
24628
1413
12037
2930
17419
21097
6305
5275
24364
369
8586
12287
23912
5960
301
19540
11002
7421
14143
15262
177
4276
7404
19083
10419
5252
19752
14123
9097
23340
4007
9218
22517
7245
848
15955
7415
22800
24342
5251
16299
23088
426
16027
20339
785
9542
14684
18893
17238
433
21474
4125
5049
3918
7690
6836
8122
23838
15874
22043
19627
13442
20879
12650
9742
10556
16671
6096
10452
5786
13005
19739
6986
9446
21480
10654
10036
8392
3145
8821
8410
14815
16993
12699
22225
2078
14415
17478
12155
3785
10638
7186
11645
1385
16662
13834
21188
10758
11971
10782
4369
21067
21679
4671
10652
23166
2453
3168
8779
9659
17228
7313
14310
20465
7805
20663
10931
3655
1870
21849
14452
10014
3768
14813
22519
15596
17203
105
22770
11497
777
10771
521
22817
15192
21377
20360
23242
7019
5567
22233
11374
9790
580
8618
17711
7854
23458
1216
9632
22601
7146
21543
23367
20564
6665
6781
11666
11088
16336
9818
20216
13456
1325
16086
8020
12145
23946
15795
23731
23010
22017
5078
334
21835
3911
21408
21940
3522
16783
20914
23795
15770
365
10279
10286
14354
4911
23460
20446
15101
11712
19051
19727
5080
21309
24763
19734
24596
313
11711
24552
22286
2321
13278
5496
21782
14162
24013
23281
10290
11807
5306
11290
4387
7403
9910
14720
15886
11649
8668
5849
8599
15616
9653
19395
6274
24648
20495
22301
19598
7546
8852
23073
1310
21507
5919
8567
5028
10309
18294
14122
23776
21389
21178
17483
21556
16530
24474
13453
1300
21473
20305
20285
19105
12106
7768
4884
6590
3493
7460
618
7101
23192
831
22978
13730
9698
22950
12013
3692
9227
13564
19582
9755
12004
5415
1321
3747
15932
7488
13324
22210
21926
16951
21038
22804
15256
2235
24587
4169
23781
4628
14927
24279
24661
22897
14275
1640
18386
9254
3014
2164
7426
6010
18693
60
15013
8329
17255
15622
14925
22207
21224
10626
9099
8927
15450
13239
6165
38
22195
943
18860
20364
2580
13095
15393
22412
24840
6137
10314
17277
14569
17956
7576
21812
5059
5054
106
22318
196
3565
17710
7507
8294
23448
13955
20697
13277
15033
8825
12127
1879
15027
24202
6794
6057
17784
16875
10754
9006
20355
5574
23014
2428
15810
16816
22717
8370
7822
946
10973
4506
5641
4763
15981
13387
14999
17339
6591
4240
147
19182
12569
19409
18344
14751
4349
23885
2917
16359
9385
8017
19360
6734
12317
12325
1529
13499
21820
10536
5499
1525
14986
20840
23385
18736
16965
20550
2845
20231
24630
701
14150
22576
21020
1084
4035
10001
130
9901
17038
10287
14840
8354
11831
24585
15683
16371
8060
14776
5862
4965
19825
2061
17036
19075
6098
544
4708
4528
10131
3913
11990
15062
7570
3165
12031
10753
12504
15941
5514
5997
11885
19675
6821
10910
17275
8839
13733
7770
1575
2822
19364
7150
18271
17664
9190
9859
19585
1966
10692
15379
18650
11766
23937
3360
17485
14336
18569
11723
497
16561
15583
24177
4509
54
16824
15007
16668
4724
4397
24123
15536
22214
16539
3407
15032
17514
16546
8999
5809
3722
20612
9870
12616
4151
22692
17691
17084
11563
8516
17000
22980
21772
19575
23767
11582
22396
4129
18709
4046
5792
19147
14049
6134
22694
11995
2767
19700
2735
5715
1516
5922
21612
10312
8655
24187
6883
10235
16755
14681
11542
22235
20536
15962
12816
24882
17761
9618
8850
2037
24384
19891
9278
15959
78
982
5444
4441
447
12400
8057
5562
10990
22673
1098
12176
13590
13808
17266
18352
11379
10628
19717
20851
24634
9469
19904
8489
966
18793
556
11810
15819
6629
13319
18542
3192
8620
19899
1957
6748
12598
17349
17748
20585
6845
13451
12880
12617
1545
10265
22640
20368
21017
3023
20818
21289
9571
18225
22158
9806
12503
615
22940
7304
13276
19562
21441
24335
286
24482
14212
6801
3757
22263
12067
16500
2211
12720
13755
5683
19282
23517
974
12808
17049
15278
17297
795
10593
10502
8173
21426
4850
3688
2555
7084
16681
22381
16933
13966
8594
3869
17713
13893
4821
127
15240
19682
17124
11655
9827
10118
12898
23759
2659
4697
11919
18015
8799
22220
5620
5061
9461
15121
2823
11435
24822
16571
21443
13527
13112
24060
9334
23592
3650
13264
8433
13973
16836
18263
15977
7354
24124
1096
16404
5316
8517
13168
15960
24472
14085
8434
7602
2323
808
13213
17140
1883
2030
19522
6758
17632
14014
21050
9899
957
21599
3305
6314
1839
11325
17515
4239
8251
6696
14972
22819
23464
2231
19885
16742
23005
16044
9482
23229
5572
6692
18637
11092
3343
6403
12955
928
15057
5657
4406
19012
22354
7723
12253
18003
375
22898
19203
6323
23853
746
21939
941
23861
17078
13293
12723
2463
24792
22348
17314
24636
10267
15404
1807
18606
22757
12602
16629
15175
9620
21991
19482
23191
1762
2536
16615
23357
17154
16211
11223
21799
5708
17011
14208
1980
17030
21862
2412
22614
9140
19032
2906
13055
6011
425
6397
11453
20897
15179
19645
16338
2589
16624
2946
12082
1732
17263
12364
11826
1648
6969
5015
22047
16406
16620
22562
12356
929
11314
3773
6479
7148
20523
3479
14539
5585
9970
14641
5828
22746
24223
8149
12462
24029
14659
15110
21031
13653
14523
24891
16999
7213
21696
17068
5314
17942
21440
20792
10981
11898
17969
19225
6568
23064
19611
22349
19145
11773
21855
3022
23654
22853
23518
6377
1996
5702
9157
24265
15202
20027
21098
1198
4626
2436
7834
5568
8722
12980
1624
24993
14713
6169
5481
15354
1382
16922
7851
15679
22678
15984
8844
145
17548
22812
18158
6993
16625
20272
17677
23679
21876
3520
8030
6997
938
3971
404
18223
19191
24846
4665
13510
15613
4062
20711
3616
22816
5421
5106
9345
13890
22303
20857
17822
20108
21963
17335
11289
11614
9308
19867
5493
10859
18406
4948
17903
14445
17854
10342
17693
23516
1492
14658
1968
15692
22244
19190
17851
6724
24798
7356
2938
17766
3344
22638
3426
2197
1982
18753
14331
21424
8459
3682
24972
21078
7813
21437
389
17540
20246
19230
19508
18437
10003
7609
2334
10214
6807
11426
17412
20240
7229
2210
12560
7727
772
20106
17576
17703
14895
17410
20573
14784
22320
22728
21625
2262
3012
71
18905
10808
4339
14945
22076
1981
3183
5565
15063
10070
121
22030
231
18772
8119
18373
21355
15518
11622
9108
5588
3071
18681
8742
10848
9922
16858
11840
16440
10579
1027
24355
21924
8045
13611
3347
10902
20830
10220
4687
5578
16029
3102
16498
3549
1696
17960
8815
9925
13355
14535
12020
18144
1711
5741
9069
3418
15512
20279
11763
10034
8221
11912
323
9065
8851
22312
18944
20132
4244
11305
9315
735
11211
1799
2313
6499
1498
5438
2470
1417
18441
19414
731
23392
12579
4211
4117
12274
13250
23605
14429
20432
6760
3115
18834
5853
9207
24607
16366
1298
760
20635
22766
6951
387
1772
1030
6012
4330
6579
10563
10838
3621
18268
15574
18350
16154
10105
13708
1192
23335
23593
23740
12499
17077
10558
12819
22385
5184
538
22495
3346
22010
22749
16688
14670
20467
13789
15241
1597
10177
181
19344
8234
20770
9560
3056
15103
5577
14435
19015
7064
6496
19132
2108
14696
22788
19629
21900
5899
16977
396
11001
10998
1240
18962
9104
15138
2475
9595
285
16594
8744
4470
19155
3953
22579
3226
3883
2957
11932
24309
19165
1414
16811
7621
2234
3169
10535
8651
7975
15463
12935
12806
13258
826
4972
12237
3121
23007
5810
20639
13073
1122
10643
6667
22683
12665
10703
3731
7637
1335
15758
21891
23124
18445
15487
19729
2773
23648
22764
16495
705
23864
20715
3822
23492
20224
7165
2181
5262
11686
21652
6151
20661
5937
10727
10102
6654
6735
21879
8640
21494
23383
18780
18404
13772
7075
7504
14858
9976
6081
21802
16626
19021
10037
17946
1540
16592
21447
23617
13108
3661
14104
10087
560
20169
3296
5123
18924
22828
7729
20717
21988
13482
20808
12956
10230
4480
8607
24519
21614
16827
20344
18293
22594
14201
2134
12600
5925
507
24192
4308
2821
18353
3719
7764
6617
17749
10689
14853
14074
7810
20530
9615
3604
13316
10052
23992
1698
21397
20457
20716
6497
16564
18787
165
12249
291
19991
22724
16268
1070
2219
16895
12719
13761
6293
13641
2501
696
2724
18356
15724
3654
9367
2556
12153
4507
7652
11179
16101
18484
13665
6699
17712
6873
4675
2094
6025
19919
24418
10327
6921
7731
13694
3441
16237
21061
7541
16613
19089
5248
16375
4927
20150
12538
22726
9088
0
1082
16041
13141
12567
8837
9287
21154
268
21592
11937
7431
10153
22234
22723
1139
22401
22624
19158
20800
5952
13487
16228
11412
4836
5289
21633
15242
10836
8699
17440
554
11436
19303
18618
5985
17762
11154
22187
1827
23250
18455
2852
17232
18069
21087
15281
18428
16891
1731
15399
4857
8157
18358
4921
8118
22023
6246
2592
22771
7939
23800
13678
24345
7277
2950
13126
16218
8908
19787
16559
20644
6757
21660
1019
9917
8529
21439
17999
11422
8367
14844
12876
23525
3474
5912
17937
19775
7726
23395
5775
13612
22566
1937
19346
4185
24107
2959
3618
2678
330
16431
15095
2252
534
21936
931
10415
445
9803
15107
1462
24017
21337
756
12343
6167
20895
1632
18031
17663
3324
12554
23155
22337
22365
6718
14051
10633
17069
11172
4403
11065
21659
24457
19265
13483
3550
6490
13184
20113
23438
16141
3488
10983
16069
17904
4382
15288
3387
12627
1593
24772
1726
13169
4882
19955
7649
487
14362
15529
17644
18935
3838
5388
19983
906
23266
9372
17352
3915
6922
431
6553
9382
17768
22251
2238
13932
21383
11064
1876
19589
16402
2886
803
6858
897
19183
8113
9823
20309
11849
6034
12416
10997
2695
15015
5133
11152
14292
7159
24568
10146
23270
18593
7466
3871
13607
6587
4514
15386
7786
12098
4215
2192
18909
12901
2788
18704
23105
1867
5749
11994
5053
16320
1489
3222
6901
10196
5434
10553
21946
12016
15710
12427
9928
8697
8053
2867
19385
21885
8163
13144
3979
6371
1811
16012
13676
15205
21434
18357
22986
14834
8398
11280
6791
166
19738
15604
18797
18531
24169
22113
23633
1350
6912
2308
12975
12673
4542
4655
6975
5000
9634
12399
570
12698
2260
7459
1571
10258
22333
17279
21828
18416
18164
1029
20049
10793
23226
8111
11194
23570
3006
19564
2340
3494
23650
17759
21487
498
18988
6512
12917
467
233
3884
20185
15831
24859
976
24650
24212
11165
400
18600
20904
4136
10671
7180
4713
20811
7994
13583
21759
15198
23077
5557
10562
17372
5670
7756
21753
10443
2306
4589
11861
8714
17484
2970
21432
19759
14010
13876
8569
22775
18965
7228
17978
13515
6480
17480
22476
7548
16480
19654
24635
2150
11285
5457
2685
8471
8109
12832
1502
21012
18617
17936
4155
13538
24359
21457
9839
24010
4446
720
21591
8307
19805
10507
3473
16482
20099
1336
7685
5992
17318
13306
12851
24371
22754
5669
3463
11323
22498
1378
23760
12535
8902
1392
19024
18519
7423
5066
20358
4703
24773
9299
11410
23123
12964
260
16059
14899
17129
818
11034
16373
5095
5012
16935
5687
13017
7079
21386
16614
20884
7666
23969
13116
12210
18390
10788
11057
6618
24380
23658
16224
6485
14513
8403
14589
13959
7930
14462
5342
19525
8872
12432
732
952
7881
16289
14261
13024
7778
20071
12353
5385
22200
24739
7306
10238
21504
12639
14410
22086
9202
1222
22186
5315
18813
5823
19922
24857
22357
7830
15247
11210
1204
864
8935
11199
14897
9381
21511
4646
19347
15331
23394
6469
7177
15347
1061
9545
24381
7565
11279
9505
13189
19410
4744
22857
12180
12827
4847
9090
238
16570
20805
21391
14568
3514
24097
8885
22922
4554
13532
9591
24563
22264
13567
22077
6410
3845
23575
3342
12171
1779
11490
5785
4018
15136
13723
4796
22535
12912
15300
22521
18958
17935
5200
14558
24785
10285
4189
13544
24839
18030
23498
12371
9532
14727
18620
24353
1900
11819
24232
4487
21180
366
12801
21348
14725
19250
18070
9114
16713
15519
6636
15402
2353
8960
19097
3927
10383
17520
10781
18973
15700
22441
15739
2147
23017
19577
17164
14065
8187
10184
19382
21582
24018
16183
20657
10690
2008
2298
14237
23355
1143
934
3868
8765
14613
676
2312
5607
16709
37
1669
11363
5820
15092
20910
11654
24920
11816
21549
19118
11557
927
1305
16123
6374
2979
23954
17293
2156
3440
15221
10369
17206
18023
15109
9998
14855
19321
2940
11580
336
20207
11576
2398
12634
9172
8544
24416
24033
3374
3657
21381
10136
8659
17096
5026
22471
11115
18636
8080
13667
22688
23463
3278
280
8290
4290
21371
14210
7288
3784
14948
13749
5880
17553
16297
6345
20889
18582
13414
16092
16937
19754
1107
17702
13847
9656
7149
24491
7394
3356
12638
18119
6690
1670
13666
14001
14425
20210
14333
23594
23827
21347
23069
8272
10378
8796
8572
8838
18014
4880
16901
22753
18217
15712
1075
23336
6935
17487
22799
21103
10416
11626
11670
20880
23453
22328
3988
15116
18475
14159
1008
8642
13559
7914
24723
19269
11417
12871
13600
18706
14520
21816
914
22024
21459
14767
9351
535
21132
20329
1944
822
10839
3999
3824
20752
6756
18827
15726
13979
22111
6838
14356
12591
19143
23754
5740
4199
17878
8418
16679
19090
23102
19505
21814
21382
8671
12847
24845
13822
18383
2415
8052
15848
19840
14695
8506
24557
18718
9439
3546
23020
17276
23816
12139
14938
1703
22690
21584
11491
18278
19210
3651
5594
10325
20666
15196
548
23641
14178
11988
5264
20682
18696
19925
10888
7577
3855
23500
23616
8468
11419
23461
19252
12285
24761
9688
125
18418
23028
12060
23668
24373
17911
13787
9600
7921
6886
3274
16654
10484
23377
19202
13074
15470
15542
16905
16191
8114
3844
16244
7615
18126
5092
13124
4539
18682
16780
3900
42
9220
23176
12863
9985
2912
20173
21431
15079
20288
3478
1205
10680
21276
21003
8090
21731
11909
13868
9223
13025
5668
10585
16190
23549
14811
18977
2778
2206
21606
19288
21887
13296
22399
1473
2437
19765
8241
11927
882
8087
22379
9019
1218
15725
3950
23401
5693
2240
1225
6676
21269
15375
1022
17647
23147
21829
10289
3559
24074
17047
26
19268
23612
3704
15184
17190
6547
8264
6224
2528
12515
17602
9496
7069
857
4592
10142
904
23321
2032
9804
18702
19008
1893
24698
2317
358
6817
6404
9179
18133
4723
949
2390
18583
11371
17920
15170
1409
7286
63
18986
1947
5938
13587
8269
20361
3213
22334
10406
20959
12613
23972
14405
15879
20486
18106
86
23019
22658
15881
1144
17774
10138
12040
24179
4809
10860
14259
20859
9610
18330
18281
20447
6522
21285
926
8822
5728
3791
20607
8220
12256
2468
23190
1317
5910
17106
16604
4564
5755
10437
15284
17671
14438
18502
18557
11355
16871
7432
13415
2706
18870
2829
17658
3804
11747
2180
14791
992
17717
16612
23832
7295
12323
14073
1184
24666
8641
12734
20700
21259
4213
18142
23831
1950
20747
21203
10729
2378
9004
15634
19531
659
12459
15338
24573
4954
10412
12156
9009
24516
13759
24044
20735
2070
14935
21981
11914
8540
8477
9880
7132
16362
15267
303
12268
20171
6581
2107
19998
6952
16616
3248
11908
16080
18051
17035
17535
24246
16722
19858
2299
22163
7316
12363
4341
13291
12879
11586
22170
12588
5584
10394
1526
7508
22305
12368
10552
17681
15530
21127
12348
6226
16683
17432
545
18980
1741
23526
12366
5628
1290
23608
18497
19359
3574
4394
22822
13125
17319
2476
13255
1062
1053
4925
3503
851
8870
23208
12485
14220
12514
21631
7965
13368
15723
14394
4122
4027
22121
8256
5757
4690
21937
13082
3647
11296
10201
9918
16351
9963
19810
578
17510
18181
7647
3334
22281
10890
13004
6964
11901
11037
19945
14753
11506
18340
23722
23573
16316
23571
10098
24326
16589
19153
14963
20388
10772
23138
17269
3713
9352
17267
12240
16802
3987
10786
22602
5730
13888
1580
3634
19641
12670
14764
540
8027
1743
13294
12707
6599
14991
8033
10572
1191
10514
15075
7231
5808
24082
6980
6543
7198
2249
24858
20196
8947
17751
24260
22863
7922
2328
14970
5211
13265
3312
17926
4489
15826
24039
13788
12425
20287
18747
10148
5663
1282
4801
20487
19963
19928
19812
2811
10728
15895
1196
2593
11657
8953
7660
12326
9869
16865
8996
473
14502
16171
19302
10844
20540
24805
5875
4264
20248
11341
20803
114
14626
15601
9286
411
23990
18661
6330
6622
10742
2063
9990
24480
23135
20512
5689
17506
20736
13548
5692
16715
14314
12787
1721
18983
16898
11883
2151
24008
22403
23870
16542
4022
2350
5296
3603
18570
4153
13710
24537
17508
7434
23934
18349
2663
22116
11308
15584
16682
1512
5079
3529
16109
3963
9988
22000
5874
9684
12754
7754
17115
1796
19403
24726
17233
10366
1536
5044
3832
13403
2674
5720
10596
611
2281
11935
15327
4033
23978
1132
11974
21033
16150
4032
13848
4828
11343
16278
22887
15250
24803
17916
23299
7521
5268
1217
14465
9975
4314
3749
9957
9778
577
6695
17544
22549
7077
22444
10016
22761
13282
9909
19294
20428
11525
7721
6050
15482
8695
20112
14459
14533
710
14896
24319
18259
14468
12465
13698
22466
9173
21833
19586
19464
272
2019
21491
22670
19247
18846
24901
8688
19571
7604
17648
4898
14997
13121
23991
13555
741
2142
19270
13502
4343
23521
11069
17195
23678
13811
2956
18752
4477
22226
8346
12014
6008
4774
15576
5301
3857
20960
12135
18580
6896
18172
14918
22245
9933
11877
8005
10226
8176
12107
23797
15359
13950
15330
8134
3986
3369
7181
13468
12257
13022
15410
7430
9255
4591
1427
22644
16381
4608
16608
1065
18207
15873
20033
17467
4245
22201
22617
15766
19986
21728
11158
15602
3411
18469
7902
24522
17034
8215
15970
19295
13489
206
22418
13400
12439
16149
18427
17889
11056
22774
22294
7029
22965
13357
18612
24965
12478
13871
16140
18184
8123
23639
7094
22027
3455
6907
20460
17101
24334
13656
14113
16814
4992
4737
24507
11029
6036
16734
4806
24420
13010
21014
22094
5774
16441
24231
15948
17907
3956
11758
23734
4372
15592
15258
919
14379
21961
2675
19459
10529
5686
23259
3028
14871
8995
21992
16621
8207
9576
2966
11444
22993
558
10411
5117
1007
3973
57
647
11464
8605
21071
21126
21589
14534
3172
357
23297
11873
15653
5526
19704
1024
13470
3700
536
13150
22375
21228
11744
1195
17416
10330
1705
490
4974
18806
12165
23098
12959
13677
5595
12494
17278
24405
21613
4214
16300
20322
10667
8024
12306
17877
14264
23278
11767
3492
17791
14825
24762
16025
17899
8957
7051
22304
13605
22099
18419
22659
1735
23308
15625
2080
18555
2245
8575
19465
3243
338
13505
15652
10260
9201
1528
23331
14773
20243
21124
12765
14327
16384
15943
21222
7688
2228
19201
1833
13434
1552
23145
22106
4754
21043
21495
3601
17821
6641
23528
4929
21895
13071
14803
5826
8589
14790
16332
24639
11004
24222
6286
20750
5788
13216
21505
1939
2023
17797
21672
23288
24100
13272
24986
6965
11471
14652
6051
1894
15965
15236
11053
8523
5848
3365
20806
14547
20553
17117
2853
1370
8948
3340
9594
15736
12592
23899
21410
23887
24250
5729
14496
16064
12415
11499
7250
19162
21929
789
1384
21729
9070
20380
22741
17072
1150
23118
909
15620
8189
16217
793
21786
1281
20771
16876
8525
15174
13307
23312
2491
8917
7116
4253
14922
20253
4044
11787
5075
22447
15690
3610
3663
8420
21341
6192
19298
2869
15270
5734
22084
21871
1439
19020
1046
3530
2831
16322
23508
17716
19850
20026
17180
23407
8723
5519
21669
21553
23422
7825
24468
13173
10952
16203
14300
69
4288
19792
17764
7771
18218
19035
19260
15684
6874
24706
4989
21392
22161
22645
4826
7418
24735
7283
11620
17142
510
22736
4145
2148
7428
10249
12367
13815
24550
13336
18387
20496
10682
23799
22427
13088
1390
8296
18844
18216
1668
519
8590
2626
21791
23349
8690
18026
20133
11601
18277
1448
8832
21303
3827
7368
10488
11962
20737
19216
11043
6809
6016
16458
16193
19186
11836
14092
16033
19763
20522
13560
11463
10750
5748
22738
4473
24077
17863
19237
21171
11672
21251
15135
11485
7682
8414
12093
21795
16121
14087
7015
7235
1854
10702
17210
16262
5100
4089
9041
21713
17580
16982
12279
2665
24924
5590
3664
15659
823
14978
2168
7905
16741
8871
19841
9434
3691
22919
24948
22829
14640
1986
21296
22996
6683
13977
6652
4533
17370
20582
4527
8266
6433
21323
6733
15465
3320
13919
24088
9460
11859
10577
4670
7829
6824
24331
12559
13629
22452
16838
18367
13089
4384
22087
17734
4999
23726
18760
22450
2492
23012
22701
19159
12760
10011
13344
14750
11790
24624
20561
12651
14026
821
22131
2497
8216
20521
15366
4891
9816
8509
15145
5956
18897
6441
22148
20921
7553
7385
8257
10527
3551
1438
3251
10139
3073
398
9575
6994
17313
17194
13105
21092
4622
7824
13259
13911
9169
14399
18603
19257
12352
11742
1961
19687
8713
1578
10217
19038
14846
13617
24022
13706
23170
21604
23046
4511
5132
5598
9751
9349
19523
12511
9424
9087
16804
23661
2010
17436
19854
23152
20652
7268
3194
22632
21550
299
20971
13314
5362
9217
16421
21419
12023
5176
18290
16770
778
6227
3646
11949
17073
2167
14954
17676
6885
22503
5659
21291
23758
24225
23967
6628
14285
6133
11322
14185
11837
17875
8793
6876
12954
8006
9429
20963
20755
21941
19926
6219
24781
13052
21548
4295
10685
6199
18812
20349
1386
22958
3221
2660
20396
23361
11383
15820
21774
7178
6333
24324
14097
4666
4409
10335
1774
1396
14863
21037
15902
2015
465
595
23947
14777
5889
13223
11312
9794
19378
3628
2178
5337
11661
8212
24609
2834
14916
3750
24299
23547
1437
10950
23275
14366
13421
1503
2075
22501
2769
11806
22192
19436
19663
2386
372
8494
7382
23058
24104
9396
7703
17964
1088
21187
22038
4127
1938
4711
17329
7818
18734
23793
15626
19317
12322
4249
23568
23449
14211
1987
17740
11566
8128
9890
10336
5
6344
306
16159
1820
9548
3721
22078
10424
4396
4181
1595
6787
11236
4165
8865
6932
12944
13076
10056
4722
1569
20555
15823
10565
5150
1005
1584
11728
22475
14786
20943
20201
3113
6726
4483
17649
12963
11189
24994
23000
11550
1441
15786
16485
1511
17150
672
3862
6201
12404
19319
3890
2514
13382
2462
17054
24266
7210
24708
12336
4116
1841
4854
11336
22861
20139
17841
16078
12852
22231
22060
1466
23788
9393
23541
16712
8475
9826
15422
15087
16826
4691
21702
12961
3714
277
2968
19393
22565
3100
24703
4996
16325
9160
20452
20855
12862
11162
8899
1551
16968
22279
21036
17519
10057
8675
24715
4082
14761
3276
21990
6704
2446
5850
15287
24559
17685
12660
12656
23419
24165
20072
23478
4450
23219
21902
18380
9061
19058
11247
13859
20101
9639
22316
9746
1301
12283
5408
8115
842
3298
18209
6438
4272
3737
16246
1270
9328
8869
12126
20709
8336
3935
17300
18808
16214
12684
1586
23301
24317
10067
622
5115
7456
21206
22858
12730
3024
6707
16630
21471
14691
23290
18331
5188
17795
24981
22796
6043
9476
3894
3839
2634
18020
2050
22929
24122
8558
19921
5913
11008
24470
21725
24770
22095
9572
2641
10159
9960
21524
20690
23883
13054
13340
3819
22322
21621
18109
7046
6931
19833
9868
17408
5636
10655
11396
833
7964
3619
7944
8180
9647
8934
23409
5917
16098
11265
12344
8048
23542
4625
2745
14699
6574
3740
13360
16131
18714
17071
6798
16523
9737
6179
14702
13557
18008
20464
10492
24478
9929
5124
7171
20095
17051
5674
13823
18901
22073
24347
17880
4291
1039
9251
4861
15453
7405
7406
24005
2384
24456
13015
11777
10999
2477
3158
11256
11338
14293
21266
17400
8298
4176
15154
8082
20160
13580
13268
19478
2473
7582
20517
21755
24565
18459
5387
5758
14821
15993
12859
22335
21808
23770
972
16265
12373
5576
2198
17156
14231
21760
9924
15160
7710
11647
23209
16962
12010
1983
4864
23228
19045
22943
18074
23552
18292
892
11517
2031
18794
2836
12392
17696
21714
5308
3858
16986
8896
7436
16377
16057
5589
1914
2975
18994
19846
8894
23888
18839
3705
5754
9792
15143
10965
24270
10919
19356
11802
6529
1451
163
18964
15646
23768
7526
4135
14061
14517
10254
13931
12792
6773
23150
20180
16010
8603
22593
23614
7059
2576
17583
2722
1091
7172
23999
17343
21464
18149
23684
7960
802
14279
13130
21575
12840
2038
15255
17993
2360
18282
22007
3760
800
21568
19451
14809
11450
11219
3151
15411
12641
18929
14902
12097
12568
18945
23546
7969
23295
18189
1058
5662
19976
15426
7410
7244
10627
16340
15734
10673
16031
19524
3799
11794
16165
9470
7966
3470
13102
10792
14869
5336
13153
7125
3011
7760
21329
19973
1025
13521
12318
6483
23777
2875
15266
12408
18446
15473
20558
23009
14559
1482
5764
22884
2989
18260
20719
13591
2004
1444
14594
15437
59
23314
18690
20011
5313
12534
12881
5963
5433
23900
8230
2654
11048
3796
23714
2427
18388
3065
4432
884
24930
23720
21243
11928
22643
8645
20613
13603
806
9671
10833
22793
16186
16600
13297
13186
7644
4791
6407
4464
19686
18227
13496
2026
8636
11704
22868
2809
2925
20819
22637
4881
9841
20683
9162
14884
22211
2058
10328
22146
8448
16672
6782
7097
14778
9344
5370
18719
15011
5556
20153
18677
11180
23272
12224
3615
8014
23136
21775
10485
11869
2374
663
4034
5193
15961
8882
11951
8368
762
5230
16903
6364
21455
10941
4348
7261
16607
8455
8978
6800
19337
15080
11540
1327
20939
22142
23236
12689
17983
3490
21229
9525
23410
14965
13422
16956
1212
11775
16547
15691
1416
13965
17224
16769
11809
12217
16912
4639
5794
2667
8107
21415
7480
6464
2021
14100
21958
7746
14224
23941
18918
2338
21993
19441
6257
17163
6500
13719
20673
4118
18145
24110
24261
1453
3431
451
7518
23677
20308
20965
16326
23579
12813
24957
765
12900
17222
2498
16073
14596
6399
9995
1148
18408
24911
5767
11447
14199
4228
20721
