4713
8516
8662
559
22705
4673
404
13697
24949
22995
15907
21019
10091
19043
140
5976
2257
14854
5872
21340
22415
21621
20027
1129
1387
4571
4223
24937
19556
16419
992
4834
16535
15054
19916
5132
4345
15399
4822
9047
9589
11218
711
17130
24145
8499
13155
20560
4569
1834
6458
923
14957
13426
373
2568
21866
15460
22129
10963
421
12612
15576
6372
20378
2008
8157
13518
22177
3636
24065
22518
13912
12829
13787
14704
8485
12238
10928
23025
10222
16457
12893
18791
14322
24313
8702
5145
16578
23922
8265
19089
10808
1348
3303
9988
18925
21483
649
6852
15153
22583
1960
22612
17633
3484
5182
22690
1047
9217
7823
23130
6712
4666
7139
23241
17667
12510
14238
11292
4740
24606
16794
21030
17000
8958
3298
786
24307
9910
3695
12236
18440
22802
3708
20085
15385
30
17229
1783
7226
9290
17119
21513
18866
10552
17143
1220
1210
24013
10587
7924
21023
1497
1135
13149
4410
21873
9634
18537
2959
1580
10688
12403
9259
9397
17848
9312
13728
24865
143
22599
19047
11935
7148
10573
14676
15119
703
9672
21556
7214
2807
8494
23069
5060
5092
6106
23897
2297
8562
6817
19272
5021
10024
20325
16178
10109
14968
12781
1178
5779
10
19975
12419
17049
15890
5175
18759
16165
23518
22801
12815
14715
23443
3419
8352
6953
11494
7396
19899
710
14557
6944
10494
15538
23068
14877
22859
9792
15070
21654
20242
7580
6859
11455
16224
17500
23933
20161
916
9082
24544
1671
17537
20589
20912
2102
21315
17650
2899
1662
2751
17603
16817
17773
13093
14274
24886
24037
7077
9849
14374
968
13975
14215
24791
15994
22669
22702
12924
13846
9222
5236
11190
9625
18561
6181
9071
3142
8200
12186
8641
6417
15170
14499
803
7953
788
17021
9120
10991
18722
15534
17702
8092
13528
23167
7502
20745
6042
4504
23926
16929
17706
2609
3398
6844
8426
22507
4220
591
17767
7948
13099
3256
9543
7639
4137
3254
6373
14632
7536
18373
22136
11277
6443
8676
7784
19587
11666
8050
18376
24238
9014
3149
19568
12857
16157
9244
10088
19837
23746
535
11926
4957
16090
1527
16970
15285
2211
21333
24361
15707
18611
18350
24362
23705
14648
2305
863
7002
3257
8473
12725
7417
10517
11833
7070
5577
11997
16159
19446
15472
15790
3903
9098
17324
21251
21541
685
23098
9552
16547
21452
807
24803
7052
17172
3703
7260
19816
11243
1247
15019
2277
21349
19937
20090
1791
6837
850
8960
12315
10092
5501
15088
16130
6497
8601
23040
20585
6451
4216
2821
10289
3861
2109
6223
17354
23065
10041
4743
12901
12111
9343
17123
7977
22165
18269
18136
5827
11230
11921
4067
23953
21433
12232
17983
10286
1720
4351
9583
10378
14540
8291
17744
494
23135
10443
10434
19541
5054
6948
1725
18819
14372
16001
9670
2512
11807
3381
7093
15600
8225
4800
24219
2680
17054
19736
5569
6974
2012
17290
21172
24766
23668
7988
24300
1511
21235
6415
7312
1142
13319
20110
19806
12547
17207
11257
18820
13314
1738
18409
23500
23495
7105
23734
16904
19906
17742
8925
17507
6866
5807
9666
19708
16517
3392
765
11259
6768
9695
24057
16552
23215
1723
19516
16557
16451
7848
15931
10972
9161
16630
6416
13689
3824
13017
5869
2588
17106
3723
22358
10262
1773
19767
20391
21996
10010
9293
22051
16681
3668
22232
6590
1355
9804
16112
6227
23137
16666
17438
13679
17013
23353
10118
17080
7774
3415
15756
17686
14402
22772
14507
8761
13175
17160
2745
19637
10700
23172
23590
9887
24628
19423
14411
15455
3060
1757
23326
14849
2153
10654
24340
6358
14287
14009
13051
1936
21974
7633
20031
8047
9768
17916
7866
11211
330
8555
14197
1528
3750
1401
11187
22057
14721
6799
20262
10607
12354
6229
2426
10726
4516
19191
17616
16325
19988
8423
16841
14725
3551
19940
4422
2159
24459
15451
23351
11499
20764
6538
2544
6736
771
10585
23477
9141
3012
13767
2435
2765
3331
17046
14183
10136
4298
24934
1412
22238
4522
7414
4041
23789
14134
9504
24138
7982
15317
15930
13629
12408
19664
2701
21117
12900
5884
23991
4248
21127
7041
14638
9225
8750
17725
6835
10499
9734
14495
8655
9962
17367
1082
348
10170
14528
11886
3180
6256
22890
11312
19469
8800
11365
21047
22945
24149
23977
6937
6330
6258
21255
16980
17060
12359
10185
8486
1870
19750
22387
24753
264
4047
2087
19190
2983
14538
19374
13490
17374
9845
11588
5147
19118
21559
17621
10759
9926
4890
19763
16319
12958
19666
4888
5215
11155
5074
10165
4095
24551
18851
1749
13240
23526
8170
17294
18164
14472
24725
11653
1675
6898
11093
22862
24368
1456
1885
374
19865
14459
9158
8150
7448
19778
6299
750
22101
5907
23038
19012
6648
24175
24800
22625
1904
21767
16462
22054
11134
15635
18923
902
12939
22773
9483
23391
20445
15200
1649
23909
5794
3463
24632
11013
6355
3234
21187
5230
13390
7190
4199
9987
3641
15382
20212
16276
24266
10304
5338
14597
1925
1989
4245
17341
6529
1619
24259
2185
13121
17876
13168
5834
22613
4963
14068
3633
5112
3223
18091
16567
4088
268
18402
17953
6288
6645
9562
17766
4201
10347
1029
5423
8803
4196
18706
7118
12910
14220
1382
8272
6757
1764
16118
13069
15641
11302
5271
15704
16887
23133
4025
19706
21415
16844
5697
10889
18532
22412
14700
1685
24818
4428
13054
2462
11781
21981
20217
16315
8419
15206
13737
21922
682
20822
1852
13557
15939
15052
3882
9418
1469
2889
11831
17964
1676
15743
11626
1696
23242
10893
9156
626
1743
22465
7510
6595
8030
22445
7703
11941
20155
8354
12472
13124
8831
24691
14539
2080
6430
19919
4005
4711
19922
23778
1835
2296
15524
21634
2878
9087
14122
21505
20636
20575
16643
19505
11592
15552
3758
391
2420
9587
13217
4674
12873
5694
13344
20074
17084
2704
15566
12374
24312
14021
12438
23344
7399
19430
5
11126
21196
14117
10712
2863
19684
11856
6784
13159
12118
18651
14488
19318
9197
21765
20063
16648
22321
19334
8984
20973
16288
644
6132
19682
19088
10247
8121
1512
4002
6224
5551
18058
2188
3202
23267
15166
5906
9902
8320
16664
24519
17217
24716
18129
21817
14874
20674
8904
12007
141
9526
18685
7244
21702
9690
21050
19161
2638
12296
18499
15277
17901
11873
11911
3235
8139
9368
15917
15520
8966
10007
24604
21319
19459
7670
15507
19999
6409
23548
10246
10003
15337
14921
17987
1516
8696
8857
4497
5066
24386
16847
21583
5270
1486
14347
18731
6969
9057
3139
22958
2719
9876
15983
24906
12909
14352
7712
2411
4699
3702
1411
24328
21228
20033
3807
3339
16700
1594
14356
10323
14939
6092
23374
12557
10715
17222
19276
18309
12450
957
783
6052
5782
17665
343
3849
14734
10886
20579
24443
4154
11339
2249
569
3992
9945
20846
23387
15081
5404
21000
17672
6860
21937
17738
16250
7050
24126
13545
20838
4096
13171
20357
6721
14394
17068
1151
22961
24389
11465
13628
19791
2280
23245
12181
11488
18130
8327
19348
12409
17127
11264
7445
1978
5881
13496
4850
5329
16583
19170
2353
13820
9779
8293
21203
18328
18491
16459
20554
10707
19935
21160
9109
10767
8703
12969
18960
13953
3103
6512
16722
14458
18476
24107
24843
4874
7909
14651
19278
17736
21150
22573
979
6387
6313
11490
7727
21358
5994
5795
16913
1804
5604
1800
12782
23432
7970
4746
9688
3960
4161
4633
4186
3065
3898
6940
20481
14891
3348
10206
12744
1169
115
3133
981
8589
17473
7941
3681
4389
14289
11028
14422
14846
9295
10275
182
20007
18426
8853
15824
18838
20199
21725
17308
24071
271
19601
14254
8797
16723
15628
8167
20937
19367
15207
11954
19977
10489
16520
24525
20956
8909
16111
22503
24677
17369
5029
23021
10376
9378
11301
412
19411
14954
23417
51
16402
13358
24524
20629
6463
23562
822
24586
9627
21069
23284
8497
10187
11561
15406
24248
3527
24607
10214
11167
10952
10439
22439
19135
10128
11200
3652
5392
3742
6244
13387
11962
23901
9794
19021
10506
11558
9215
912
23061
24561
9718
8870
3243
3581
3274
1027
21606
4059
2285
1180
22253
19450
19299
16665
4337
17658
4469
23758
3560
14527
22608
10277
3337
11123
2589
21356
19045
23485
9573
9481
16221
8221
4750
23184
15131
1389
13790
11224
22868
19365
13862
12083
12504
18989
3391
3212
23679
10869
16748
2985
18966
5811
688
19257
4011
10176
14832
19594
3259
15798
1051
4293
8584
13304
16395
3888
18619
8250
568
18948
1646
18022
18761
1566
7034
5615
24319
13961
2743
5529
20324
12787
11748
21165
17235
15912
16885
16871
18166
11342
18086
1197
17917
23156
23191
12242
20191
19927
10261
15214
5214
4266
16067
16182
22521
16959
16413
17218
17314
4300
19117
8372
1097
11372
13681
24295
8289
963
3884
24558
890
18957
19063
23527
22572
5713
23811
11204
13611
24339
1717
16551
20129
13480
4869
20633
505
5099
21665
19802
11917
14086
3020
9862
15627
1994
12339
19884
20126
24383
17501
14109
21520
10779
10575
7000
11008
7008
8620
22180
18229
2538
15441
9103
17758
2175
19064
290
11180
4489
19454
7987
5546
22216
21762
12096
21986
17064
12435
18802
11696
17918
3275
23593
1354
10887
11757
8884
9253
833
2281
20702
790
12062
1307
17118
8945
6120
13993
14627
10572
2366
23980
17093
23538
4812
11367
15224
8191
16943
24969
7887
13834
9126
16516
11684
17232
8242
15888
2707
16286
1482
12762
6085
2244
21757
19107
1702
20359
2389
10830
10727
23719
22782
22234
3709
22640
16906
8108
24114
5462
1841
3369
5939
511
24372
15061
8202
3246
8287
13264
2915
1710
9667
1547
4268
16802
22132
9523
6287
9164
11809
7462
23468
2777
1716
3659
8625
7187
24756
18078
20765
9433
8717
15778
2375
20466
7653
11036
9604
2762
6322
10862
6117
19626
12664
7023
17806
21507
12207
3660
24768
20507
4681
2339
7035
7231
23707
12252
2962
22763
11318
5871
11334
12771
18095
7183
18180
21534
8457
20673
62
22745
2986
20866
3896
6426
7947
7061
10111
20229
3294
16490
14417
5677
16688
24685
9644
24783
7443
7236
12868
8989
19103
11475
2168
21537
94
17604
4029
163
16814
10702
5940
4320
19846
22827
24541
7978
17673
18901
12194
1471
5362
16259
21254
7033
10026
24472
9332
7265
18865
21164
14977
24299
13014
18036
10255
22561
18886
6678
17546
4141
18658
10110
13873
2653
9331
12116
5444
12267
11581
6108
20265
6694
11360
20814
14614
4665
14207
24111
24821
20555
23106
21447
20168
324
18538
12234
2089
13471
15445
5829
1005
17052
16766
4825
15505
2082
20461
19182
9762
11624
2455
2142
23435
194
8433
3845
8236
7590
9404
14932
21661
19269
13247
19032
5674
4882
8294
1543
8267
929
3579
19416
13463
11987
18434
23408
18770
16873
5022
7431
21132
13441
16598
23684
21533
19944
500
19131
23506
23915
11345
6710
15908
9860
8574
23314
1212
6225
13952
1759
15477
17793
23262
7702
7794
810
21839
15378
2331
13479
9719
16245
22904
13980
3817
8367
14855
20287
24017
20148
10821
3009
19757
10743
18488
6452
12530
9810
5342
17019
12696
14817
17825
17741
1003
8421
5559
6252
1689
16469
4832
7262
17960
12896
15135
23931
12227
16350
9563
851
22347
10523
358
15725
11630
22697
12707
220
17392
628
3877
5927
3728
9334
18249
6096
18061
8932
11734
5845
6884
19502
19350
23738
24418
3203
9912
18782
24140
4644
16891
2284
21720
7411
15694
13693
21458
20447
19359
21285
7849
940
13746
17270
5471
10172
16558
8099
18493
2786
3883
11231
585
11176
5252
2566
13943
7741
19333
14667
13057
22987
18348
3842
4658
14224
7459
3442
21065
23929
14766
17187
5640
24702
5039
12884
18821
24216
23070
8066
229
3327
18567
19239
15501
10384
9338
18881
16105
20931
6089
23319
1667
13979
8370
1404
2993
4992
2894
18501
2710
8726
7415
24718
16823
14751
22209
7829
2503
3399
20483
21828
22408
11464
3887
21225
18209
13863
1552
8616
23634
21731
5045
10975
17839
11773
15113
4234
9632
8782
22831
14491
11798
1058
4856
12489
11852
1652
13532
8012
3559
14909
3040
8371
14471
7398
12986
16463
20851
19744
14321
22114
1472
20577
22770
18849
23050
23854
3958
20237
19636
16673
24021
21955
13135
21045
2068
24192
7233
3168
12628
13339
14146
11077
17600
23608
20955
9821
10742
6146
4550
9201
2853
1907
5575
18193
20472
4183
11340
21093
20326
1036
10106
14776
22665
8559
21805
6469
3102
1216
11569
9315
12002
758
4331
5792
14668
4893
794
7698
16699
3767
4453
8638
21320
12843
12127
8847
21960
3388
8447
11525
366
7019
11489
17785
7693
12840
19379
13061
9466
6230
6570
8032
23979
15946
17402
22225
8969
3521
11281
15973
22477
22103
2215
24166
2248
16387
13618
16119
11829
20094
13577
12738
9139
126
20194
5970
8188
2939
2770
20877
21682
12971
7724
23994
15315
1166
16546
7460
21980
23642
18556
573
10970
10525
5016
23481
16145
4714
15400
2314
19476
19973
20088
21495
18381
21580
4503
673
3910
9751
50
24348
17184
9872
10745
21287
3907
21361
85
13284
2931
15127
8290
21768
12389
16753
17224
13538
20449
8269
10158
18156
20558
13028
9489
9323
869
24797
3557
21364
22062
1582
4969
11583
20150
24583
8772
11497
8232
5863
6551
18073
21052
5455
11667
14580
3189
1422
3655
20315
22749
23270
21523
4376
20568
9827
15853
4623
11147
8467
2108
3420
8926
5664
1920
1358
13584
19678
2559
2049
18051
21871
4976
7091
18115
8270
13762
15959
20659
14862
4321
24992
9457
8733
4622
14596
24388
7079
21746
4612
4514
21244
5864
18546
14344
19782
9879
9184
8549
15357
19189
1867
10207
12988
14482
361
22039
12977
16352
15751
23176
19462
2083
13948
13485
15646
401
21294
13590
5275
22102
6249
11357
2286
2822
20000
791
5258
17866
18066
22352
20279
8585
19112
9374
3869
6136
3622
4873
20424
3607
8728
14928
5627
2019
12734
5651
13305
4703
11571
8518
12714
24734
9155
7979
10020
20667
5075
1845
10947
15648
1945
11480
8810
766
22098
4328
17566
2513
17346
7615
21498
18430
12972
19180
19574
20993
1679
15181
10681
9922
8333
2717
22219
24396
23697
5221
4192
1378
12643
13814
20089
22280
19691
19947
13413
10355
10771
18400
9271
3115
4659
2157
3620
3455
23763
5612
14639
22587
24425
8194
23663
18825
12161
7377
3578
23567
7798
276
22021
23546
17129
8537
20213
2265
12739
24913
13183
8420
23433
7828
10542
4600
17794
17010
14633
489
11498
23689
17459
11129
16893
10296
19961
11206
6903
17718
2555
13148
4197
6194
12138
22170
191
8588
10039
19324
22163
17931
3747
19810
3526
6365
21125
8668
10204
13005
11331
21539
16894
19211
22965
22756
5962
15116
19119
19402
13043
10508
20458
22828
5154
7641
3623
21619
6270
12243
9498
19
12679
17553
14929
24233
3802
13918
1249
17836
14077
5752
12231
12124
2394
8174
15372
19216
19138
15375
10049
9157
10279
2384
19647
16914
7463
13871
9557
19265
7380
14703
2233
14314
15511
6543
8369
13066
12610
127
17542
3267
20095
9620
18239
19252
9828
23385
15410
10094
11304
16522
10002
1707
7677
3057
19536
8411
16251
7814
14901
5205
22214
15141
7179
5568
58
20401
15809
17047
2604
23943
20255
12249
13101
5108
22438
397
4455
4369
23158
24435
14393
20171
19058
14719
14679
2988
596
11975
5096
5076
16949
15668
7311
6336
3930
18396
20727
2946
15775
21094
24956
16140
16639
20144
12607
11485
14072
11473
9350
6843
19308
22502
11552
9534
3948
5905
18929
9470
23031
18972
2272
7163
2859
6323
18006
5979
19061
2654
13459
7430
16211
5255
11389
6812
22691
22014
13268
7450
21963
14752
11902
19740
713
18502
356
12973
20942
13094
10394
12666
21002
3359
22776
14038
19596
24276
16831
8982
2466
13492
7740
1639
24064
8072
22113
20666
21295
11349
20712
22266
8036
14385
13613
22738
20249
21529
20474
23988
16774
24699
12964
13427
11724
13311
6034
20759
13534
1435
14963
3923
2470
1724
2787
15342
557
23362
1744
12381
15124
9909
17651
6180
16063
13573
21418
18314
23910
20496
5466
8863
23244
14145
13205
22566
14168
21938
9261
10117
8957
16233
3179
3239
6692
14973
4366
13493
12813
3841
998
19969
18915
11966
3387
7273
20429
22183
7858
1979
1215
14142
19595
21219
23325
299
10968
22245
920
21442
9652
16876
3365
9800
9575
18030
5411
14983
22008
22725
6243
7046
11605
7960
17809
5887
20739
7496
10653
137
13876
17204
13936
15349
8694
19156
18551
22910
27
4255
18991
3818
11184
15605
11956
1531
3675
24557
7880
9682
13563
1779
15842
14864
14868
8674
23845
21489
22450
11774
17
663
12283
20948
20932
24805
7746
8517
10825
11396
18764
21609
14073
13984
1775
22978
19065
24671
23941
11720
5579
121
5947
19965
1098
12000
20883
23474
1010
17856
18099
20482
4964
3035
22126
4650
18633
9689
13462
17883
23285
17698
15783
9280
19085
2322
1450
12854
8922
6045
15561
14563
6587
1204
12174
622
616
14952
14102
19915
1237
2344
793
10532
22499
19249
12176
3053
208
19370
19240
6147
18280
23023
8133
17574
18324
86
1416
219
24354
9660
14612
9102
14227
20516
520
9386
3880
2461
7920
9234
12802
19478
17635
1352
17082
763
3876
24481
11130
6289
16242
16580
23424
15012
3697
14483
2861
17591
19389
7059
3028
22761
5217
1096
14221
10405
6418
7972
1850
11395
2209
23400
10544
6597
997
17565
23352
16528
5199
10540
15844
10142
7557
12790
17643
7597
2940
11818
7518
21359
18714
15656
7302
19460
21028
7750
16619
5855
22754
9512
10595
4680
21657
2431
14787
706
17363
16901
4546
16390
14300
9870
23606
24019
13773
9200
5489
8115
4374
9771
10483
22511
15223
19010
16620
20761
17201
4647
20512
17497
20681
8353
15251
17628
465
1958
18272
1164
24424
24
9154
11063
17904
5259
23621
7237
12872
19054
21112
15850
7345
20736
20158
23579
20099
18368
24650
8141
6733
745
13614
16016
11681
13620
17215
3854
22085
22080
9642
18557
6684
17532
24709
4562
13269
2304
18151
7934
12626
10954
13248
20002
1546
23959
16235
12305
23091
3396
20060
6016
19409
21635
9250
7422
14629
932
11746
16898
5825
9322
12763
5759
17713
24690
19230
3498
23722
11381
994
17716
6532
10337
5165
24999
14327
4558
5344
5620
7
6371
5626
20757
16422
21412
965
24518
20671
8977
7868
10242
16355
2688
9424
4941
9822
2069
7018
7466
8405
16838
13207
24875
22768
7039
22752
16668
770
430
13113
24153
13292
17652
16013
8136
5395
23711
24878
17227
16689
10098
6882
14150
19051
22736
22654
4702
22446
14015
9733
6513
6077
5974
2663
2218
19761
6659
11826
6123
20529
10861
21384
7598
1687
13652
15820
21527
21739
19550
18408
6826
21669
5120
6436
3220
2134
16790
1866
21283
10793
10787
15846
5420
838
6574
11158
15288
7507
4271
23490
3007
15726
1319
19611
15776
8436
23948
9458
19322
6035
18125
24825
7327
18003
17175
26
15184
15208
24498
2509
18316
4447
16208
20740
1118
22777
23129
3853
15464
17114
3128
3574
19897
1365
11431
5510
379
16185
534
18097
21939
9814
7191
5233
2033
22005
16947
17430
8118
8934
9206
4532
549
20055
7222
23920
23059
20593
23855
9519
2692
5841
23345
22137
13914
18204
7841
2788
20181
5805
6107
1414
13023
8401
1297
19826
18070
1420
21323
12030
16903
3238
1551
22072
16344
9919
14993
5865
23189
5517
17943
7009
11287
14047
1803
11385
9541
5184
5142
16731
4444
6073
16153
4687
13732
15176
17320
3490
522
15687
6914
17641
12356
24887
9706
3162
11536
8587
20337
21667
23674
23384
12098
21098
9461
19551
20916
8484
565
7617
11042
4027
21129
11021
13802
3312
5880
16471
21549
6874
12746
2378
15841
14678
24453
1590
11151
15744
12494
2657
7073
6368
1070
13675
3704
7428
11539
13302
22091
769
3792
14432
9297
22586
7419
19951
14405
15675
10234
12380
7383
14873
18257
2675
666
23052
5030
8344
19009
7020
849
20663
9514
23894
8079
24122
9012
14246
5531
911
10303
11195
23419
14796
14592
15818
7271
13741
19996
8474
5124
12886
12625
346
13294
5828
15373
1022
10338
19495
4217
5893
9830
16883
10062
272
21568
12270
21884
8799
14132
15984
20166
22819
3571
16064
15661
19829
20301
22287
16060
17957
2421
19062
19329
38
679
8455
12073
2984
8044
20247
9913
18930
5513
6471
6931
15490
11599
23198
10792
19780
3605
128
16201
11701
15231
6697
19485
11892
19559
12193
2824
11712
19154
13354
9664
3445
17447
10472
18780
13517
15849
10832
19319
10208
4996
21816
14947
19739
8898
9379
8944
16300
2869
10994
12488
23324
1041
15664
23238
20117
9277
4927
16845
20041
2471
5549
999
20655
1461
4182
1193
20524
5819
21861
23739
13546
17410
17202
17493
15163
18008
11591
4567
757
24959
11900
3054
20109
5041
1943
13347
4202
21521
23706
10257
19964
14588
4276
12629
15369
17548
16645
11767
6065
5046
518
16270
3336
15004
17428
2041
14714
13586
13882
16536
14042
19232
19220
11964
18422
18461
23017
22112
21662
4132
23696
3354
20756
5525
10095
11487
6638
7659
1929
13341
2923
504
14600
4385
6515
14550
9528
15554
15185
8458
14084
15144
16409
16603
1184
4306
13036
16059
5625
1024
7142
24621
307
6234
21130
10698
23295
21536
12180
6986
5334
17695
18282
10940
19580
22070
6084
14464
19716
19343
10690
2838
1740
13006
21750
1681
1851
432
23781
23117
14607
6605
10393
21610
8330
22923
6067
8940
8841
15493
20799
19096
3095
16398
3282
7374
9003
22567
2130
10895
6212
14241
13257
15948
16829
5706
19434
11506
11467
9609
18862
22838
15273
8406
21997
12060
9314
2465
24945
20270
509
3034
3025
82
4616
10015
24505
8451
2287
2727
16833
10804
14910
297
23542
6840
4830
24009
337
21572
460
6071
2776
8054
16843
23647
12572
9093
4596
2698
1533
9188
12082
2444
2672
9861
11799
2867
4506
13591
12070
6159
10964
3233
4525
12764
2540
1141
10130
5226
8279
24102
12265
14980
15855
2306
23139
6643
12885
21169
23594
1155
7806
23687
20443
19886
24456
17692
16554
7938
15366
13771
853
15496
14682
13718
17117
6900
8067
10167
9789
22298
24073
14475
15962
8413
16936
18060
11891
12820
23501
7811
14913
19148
22247
22972
21801
5445
2289
17831
23140
19755
19697
14956
10090
15612
21553
21853
13315
8435
20314
8618
24260
1605
21916
21440
8219
3039
15658
6655
9602
18870
19380
12758
15876
24427
18607
14316
9932
21066
23768
17133
1231
2193
2592
368
16209
5376
9076
867
16406
11189
1502
15653
13212
19769
2268
11631
10121
24080
15914
24029
11650
7901
21212
672
17249
3437
17097
19873
1077
8453
8091
10777
10428
1327
11290
1162
18413
6389
20586
6800
1931
4490
15956
5500
16187
16965
13367
8386
10605
13255
2989
3912
17629
15539
20134
5924
13489
1285
2330
1362
3710
23559
12880
18913
22056
20497
15933
4451
6011
23890
9668
14064
5333
19907
14240
20971
7709
5003
19342
10420
19185
18186
7413
22297
8992
13967
123
19453
17378
2055
21224
17248
7119
18327
23565
2683
4048
1721
2383
22009
16349
20748
24974
4494
7611
3321
14252
7548
21563
2633
15993
7015
20403
19781
20632
21706
3069
10321
1549
12120
1104
19415
1535
10339
22058
19654
630
7024
17154
6758
9346
3148
23885
11657
13766
22141
3955
17878
21092
23024
23029
16497
18310
21282
12747
3683
24031
8028
21183
21574
19371
200
15172
18200
5808
16123
9119
14866
217
20754
5297
24533
1872
13997
154
12904
17969
6255
20128
9033
14961
561
10457
16343
7538
3595
12593
6318
2603
11503
7210
21264
10243
3022
18433
22536
17446
1550
8736
2051
19496
14768
16725
21082
2081
2907
14710
18181
9712
4064
15180
23580
23258
9531
23064
3614
4989
15977
19105
13608
12068
4033
18383
12493
5366
12709
10815
4257
1565
9990
10836
9447
24653
6182
22939
2972
11268
4742
18656
13734
16637
14265
10961
17662
16347
8719
11994
15063
6076
12364
24802
11524
2851
24536
20691
24944
4533
7425
9529
13316
11989
250
15874
15672
20797
12706
17778
8263
21730
562
6174
19397
5164
15689
1624
17333
18677
17515
8843
16745
16431
6214
17745
13511
12437
11573
13640
15839
20070
7816
7781
17067
16872
22169
9163
22049
6153
3589
24341
10631
19687
16635
7602
12097
24303
22104
12297
3291
10190
18458
14337
12335
22226
21701
2409
5926
22482
3489
17475
19212
14205
1525
13419
13301
1175
14016
13411
18629
14908
22038
21427
14516
23843
9488
19703
1074
22949
4919
21555
21105
5097
22955
9588
12891
5790
4492
2054
10060
24363
20528
14019
11192
17193
11240
12647
3227
20137
1243
22441
7255
14387
3159
23467
14541
435
18620
6871
6701
18749
5409
10203
21854
13994
24804
4605
846
4640
23411
5574
10674
24351
22403
16436
6401
7241
15481
13574
23771
21288
13237
2504
4840
22737
8740
19638
11098
142
22760
11405
2214
11723
24831
14094
9630
15936
17095
5721
14320
12038
6632
20648
10182
24086
16544
17237
12576
23062
16778
12313
10325
8947
719
1816
14637
8885
3111
12515
21162
632
19521
13357
3803
12810
10284
7748
18072
20783
19673
19602
5515
17845
7812
4003
1567
1462
18384
10938
19050
24989
20816
1223
17571
13129
12568
13514
24439
11658
21237
11313
20811
6100
3821
2073
19464
24953
11196
275
2757
20431
21111
15296
2651
10853
7734
5968
8442
19855
3090
5232
21837
14641
12019
24566
4947
21406
8229
15504
14958
11555
16114
14514
22355
8226
1767
12766
8783
9577
24788
13244
431
8745
14790
4748
15143
14208
24002
23906
13564
21227
22066
6977
19438
21398
6644
16039
13512
9948
7755
8018
16000
4979
3969
986
7861
21503
17100
9596
10744
9832
2279
11957
20283
19776
21135
19528
19606
9198
13501
22281
15051
8396
13406
13842
19945
22314
12131
13548
18049
18158
11868
1691
22376
1191
13307
3705
24461
22345
22433
10615
2414
463
11303
1999
23214
9202
13638
24619
24851
2149
10423
13659
12658
805
10738
11912
13317
12608
1993
9097
15413
6660
20239
11641
19145
1289
21578
18492
21134
15042
9956
17543
15275
12803
16902
5441
17520
20274
884
4643
17110
9584
16468
2029
6198
21868
1789
12865
6557
8090
10382
13883
24332
738
2852
8671
18594
21684
9853
9006
5057
13282
2247
7686
9698
17557
18403
14579
22078
2587
23288
15327
14135
22863
10741
17375
17373
11438
16726
24177
10209
8546
19563
10319
18410
1218
23247
16897
319
20157
21636
7834
15125
14504
15815
10949
3761
20207
15142
15740
10178
20771
5685
12784
24473
21566
456
12370
10497
9333
3513
10642
24575
13190
19737
24056
3008
11646
10270
4542
9930
1729
24193
16364
19323
11893
2293
7501
14713
15852
14756
4790
24898
19414
7680
3666
24059
4885
11117
7235
7576
12478
21259
24852
15096
21991
5760
24721
15683
20738
3351
24360
725
2687
21220
24325
21038
23169
13522
18417
13513
20395
8059
17639
19325
9833
20968
1815
228
22762
10431
17079
3087
14975
2806
40
10909
2497
10402
3492
17664
3844
20987
17572
6350
9122
13374
2752
16972
14256
5355
19592
17654
7206
17771
1982
1873
5122
13089
17408
10896
12425
4789
6413
24903
1890
8151
9880
15484
5026
17789
5251
11496
14188
8261
19255
2428
6290
10988
12475
646
7826
22304
14315
1470
13335
9864
8913
24115
15330
13725
10386
9505
13701
10529
22889
18047
1817
19310
18469
21616
8751
12923
23550
24249
23243
24304
24961
15039
13653
23333
17422
3757
22172
4438
5428
19620
3552
21585
8300
5774
18906
19719
12694
17490
6381
9924
18781
526
15752
13140
13405
19237
16283
4071
14812
21063
3370
6943
225
11847
15073
1240
12563
21509
10156
5220
19938
1926
16017
11159
2938
13624
12336
1377
19718
13286
22758
8921
23005
17075
11276
2874
21601
23857
20717
2648
23149
8173
16394
21741
3899
659
17225
11199
2094
23437
22617
13829
12230
24270
4991
15105
23321
3724
2801
7307
812
3353
16586
4231
16571
10649
19208
22359
20029
21976
8459
8244
10620
7279
15353
24891
9580
20979
4213
3782
5566
15409
9651
8247
23187
16019
23209
5186
16254
928
19924
17985
24292
14619
10660
4715
24923
1062
7897
2496
23618
8260
15102
15106
24503
2018
2146
6432
20849
21080
6164
19917
8063
20244
6338
13202
16672
1407
19303
8227
7217
5061
24925
7385
12743
4625
14258
13798
14082
19188
16859
18786
3764
9995
11169
18550
21985
13037
24476
7185
4524
8785
8941
12240
24374
20501
19320
19525
9233
19941
3924
2605
14634
15518
21882
7143
22960
3042
18748
16184
1315
411
20532
21432
3851
5516
2831
10549
17540
22954
21178
7777
8124
8111
23989
14620
23328
19510
3548
2738
12342
21620
15346
8343
23557
20485
1182
9084
7626
2880
3837
16386
18639
4157
18405
22837
10583
11730
4400
16072
11518
18904
6997
734
7733
15982
22325
15151
17280
8452
18678
21639
7921
19263
16740
882
16493
9974
10809
15514
24000
24704
15938
13504
11350
23087
14863
13000
16529
3890
10318
3395
5274
17477
15787
22155
17808
2186
23083
19362
12266
14502
6657
23136
19547
6446
13235
20901
3755
7188
20936
24467
9443
22069
8978
18203
6989
11550
4923
2259
6628
4495
17524
22830
12492
7584
6591
4745
1669
5914
2992
19555
19621
9984
4179
8
11252
15701
11849
20542
3134
22299
5422
10831
22514
14487
10038
17846
3413
19279
5590
5349
8572
11154
1290
14859
21744
23603
3892
19341
485
10541
13671
21089
15887
15503
18711
15835
20938
17168
2669
8296
764
21655
22059
12352
23825
3310
9230
5368
6691
23624
4315
8193
1299
24840
55
8865
18587
16842
11851
20419
689
16454
1932
21326
11743
2439
23765
24599
1464
5839
6422
4078
17233
12809
15197
6599
11610
11872
11843
14319
6124
11124
9147
23009
23640
22647
18444
19445
935
15476
8864
23469
13243
14099
22540
24098
21827
11846
14594
14467
10614
16540
4886
4952
12282
6000
2981
6983
11253
4413
14824
12183
14923
8817
10466
606
11016
24167
10051
286
23816
18720
21571
2523
2125
21116
4929
5567
19451
6778
934
21337
1016
22642
23115
21252
7817
10291
5678
1962
7167
17221
22559
16712
19316
14174
17108
2582
11702
9403
23927
4857
9566
24105
11533
6863
631
20433
12906
5146
19395
12793
23899
12445
5243
1073
9127
2117
108
21374
7618
5282
3338
8735
1054
11383
14609
5086
8312
13972
540
11316
4401
8852
23134
9400
11423
15607
20347
16313
1922
2956
1171
89
11483
24058
3318
6490
7785
15036
10019
4785
8481
2976
1839
14925
917
13381
17158
18841
17138
5984
24539
14778
11191
8911
21879
842
6553
12031
17155
3260
12821
19871
7853
15235
6868
18276
12528
7090
3989
1255
9160
13224
5305
23414
4278
5952
17884
24220
3277
19799
24933
12550
5381
11509
5530
24707
4738
2023
16765
608
9685
20784
16373
12322
11422
7294
5415
2187
2771
3808
15691
11175
5464
16087
19542
13786
21793
21037
16708
14959
5370
12963
11392
15720
887
17813
5538
23286
18232
9628
12264
15814
24190
1534
2416
15498
3615
13713
5307
12397
8100
11544
7486
13407
23121
16050
7898
17578
7495
6829
7161
16762
11128
12179
21115
8786
14702
6593
3126
23932
6179
8704
22781
22004
889
17504
6706
8417
13889
24744
15150
13483
18279
3632
2162
24440
6062
3913
3936
10413
23775
14536
17799
14574
15038
11073
24308
18415
3593
23747
6152
24773
23553
14801
10040
6811
21978
5148
17261
6700
14691
10768
13096
15335
12850
19908
1187
3540
18474
3834
3544
6025
17031
4390
23145
1455
14705
17028
17230
16549
24610
321
11162
18029
21124
24189
16868
23339
11194
16572
21267
17786
21824
23287
12461
18362
20786
23649
2260
4143
23358
7939
16367
17714
18805
950
21497
1557
13211
22677
942
21249
9065
18102
2155
24582
21584
18023
17582
15485
24254
17704
10425
11009
15788
23808
15870
22380
18686
3379
7516
6524
19607
13821
10230
19983
22065
2877
12333
14243
17471
16728
20275
2673
24069
2047
7647
17872
3329
23610
21355
9371
8033
23544
7710
8295
2828
14304
19099
2502
20763
20876
2489
20254
21138
24243
12796
16938
7409
417
462
6876
4416
7565
21987
17640
5048
4615
5419
6396
1137
5838
7352
23650
17343
3840
10881
6281
12592
22127
16252
2641
21681
972
6425
21460
14281
17776
4663
15000
2301
20967
10266
18162
12190
4364
11794
21983
1152
3122
16033
22151
20692
12410
23261
11692
17602
9132
15250
18026
12149
9533
5873
8017
17576
4774
4162
13921
14602
7464
15506
1877
10421
15417
2129
17511
22019
13056
6273
4580
16713
18234
14494
1519
22916
13935
12443
19015
16238
21385
11298
6620
24358
24224
14305
13360
9203
10366
21994
9694
17007
951
22628
21920
15234
18175
4521
2685
6320
6048
8179
3182
17763
22140
21222
14170
12086
14967
10838
20381
18080
23013
23588
10844
3601
24393
18828
7011
11460
146
8362
19254
6672
10556
14408
19401
13596
6428
811
6830
8203
1498
12017
4754
3023
17696
18933
1571
3027
19520
15196
16256
9738
23842
447
18237
6992
17376
8915
17827
1683
1737
17200
18479
7469
10987
3542
23199
20828
5836
6872
21400
1120
5632
7051
12157
12219
16219
8318
18303
7876
13332
724
24905
14011
24284
12139
18355
11214
9823
21058
17882
24540
8137
7688
6552
23294
4977
4823
9730
3575
19862
21467
24379
6926
11697
2238
9416
4070
21316
24051
17362
7359
4215
4667
22388
1915
19931
16888
15531
18777
8239
11881
2696
15578
13145
12835
15980
15755
17889
23914
23114
17922
24824
7529
20061
11387
8739
22383
16131
2368
8718
930
24806
10612
7416
20809
8886
23042
14412
20473
11922
20488
20151
12573
7174
3245
16062
7525
24380
11602
11476
13962
21918
446
12798
20986
24591
2017
10918
15258
3357
14253
4543
1081
7928
15404
4868
17437
13180
11161
21567
21906
22246
22662
21466
17088
22492
14847
11066
12251
4920
14742
12177
13170
517
11738
9484
8463
9236
8610
22143
4796
23089
18399
5964
20243
3986
7976
3565
15517
1087
12291
24100
2808
7572
14453
5418
8561
16596
11404
9420
5266
8361
3062
576
13288
6959
10456
9022
7475
4069
24509
10362
7481
5405
8962
12058
23014
10365
16166
2043
4022
22695
8366
8164
1139
23712
14515
8920
4362
5350
17691
12091
18956
5788
23142
6056
13903
7632
24663
5077
19735
5176
2038
8275
15802
6883
3049
17091
24914
23051
2794
16975
8527
1805
17014
19373
11611
7293
19709
19707
14210
17388
20043
19377
15583
22474
16340
23710
23011
21005
4281
4240
5565
21152
11932
2398
22860
17535
11939
9696
18152
17747
11698
12087
17657
18256
24915
24813
23071
19698
15352
18952
4405
19270
13670
11967
15198
57
8631
9056
1252
7645
760
4916
8809
22228
5528
7773
2323
17681
9490
17059
10250
13084
10751
4403
4424
19292
14842
12205
12551
22488
16736
13233
15046
18516
23426
22466
1265
5261
3195
7074
20146
19699
22604
7715
13838
16186
11883
15065
23519
17484
8775
21446
17282
22589
22171
5848
11040
9214
18799
18591
22204
2817
7456
18953
4327
20023
17508
2635
16328
8764
8213
21439
14906
7831
6786
8789
15905
24156
7162
3771
6523
21821
19267
16771
15339
22666
4188
3269
15094
14685
21034
5619
6047
23724
18593
12980
828
18541
9473
10078
15077
9128
2606
16213
5408
15269
10665
14603
5391
16218
14454
24842
331
14547
5047
18530
14577
12260
800
1434
22092
2290
16828
4090
8080
13242
10249
23112
1339
16022
18323
10843
12704
2749
1906
19524
18945
6838
19786
21856
9791
16434
13454
17710
21481
17415
4079
17045
10730
3263
1347
19955
16068
23946
18176
19732
20832
7713
11055
2360
21674
20697
10008
3070
18579
7822
19970
15804
13674
21590
20436
23119
5089
24399
11462
809
23012
16108
15840
19815
1971
14198
10851
3594
19038
1895
16003
3147
11700
9409
15138
12395
24347
1080
15414
16020
14026
4950
8591
18907
15240
9813
13130
582
5691
4118
12675
5209
6586
23721
16077
11572
9042
1052
18453
8990
6283
16946
10670
21557
6702
12151
5542
17586
11649
12039
13164
3863
6069
22406
9755
1980
1150
19040
3364
18500
15735
7971
21749
6407
899
17464
662
6312
4429
4471
23907
4009
24121
23693
21329
21347
3322
23079
13016
21632
13396
19072
15480
17750
1078
5689
19344
21659
1732
12503
12165
3751
6927
17522
5347
5299
8509
17216
20487
18139
13531
4459
12390
4264
3011
11178
1559
13215
2381
24012
11237
18984
70
23871
9662
597
7543
4998
17840
14138
24212
2659
4807
14741
9934
7199
6404
22717
6796
4165
10958
5849
16151
7589
23866
19639
18108
5401
24154
10103
3470
9866
815
13643
17961
3993
18233
24723
10974
23388
6856
18195
9266
11321
5180
9219
18701
15122
23329
5710
22117
5648
433
12162
768
13353
10888
7225
6688
10757
11436
14085
14806
24397
12327
24262
19660
3927
5033
20580
11011
15808
24781
17179
9125
9324
17858
20145
9747
13852
1595
21678
9336
3753
6958
2361
19048
19942
1861
7616
10795
21693
22493
1544
8993
1199
13298
19095
11273
23543
7232
22896
8075
2340
23095
16940
9349
21859
20009
35
14807
471
15420
5928
279
21709
5800
14401
4
22197
19133
10919
9199
15450
15487
9475
13642
7981
16989
8338
22722
5563
6237
7916
7634
555
19530
2436
12
24008
19223
12523
16741
5978
20200
19531
17512
12473
10828
5128
1771
22191
966
23708
14062
8058
22767
3002
21336
962
5314
110
8837
20651
8181
24571
18625
15932
12683
13428
18358
3715
21155
13633
19877
15424
170
20141
9055
10155
5698
22179
17981
22607
20437
13206
14204
12103
9570
20230
8006
19399
13337
10006
3711
9675
10018
8331
18157
14895
17760
3805
513
13525
21561
22657
4181
4084
10453
15854
13978
20406
8507
4148
11335
2643
1908
23613
11636
10157
6579
8762
7805
5377
16954
10898
15407
10858
20245
2642
17451
11430
20777
9043
10012
6554
18560
10424
11373
21792
13937
18027
24924
24617
10341
15737
14605
12337
13147
17291
11645
11398
13250
18336
9812
7267
21140
18725
718
21570
11584
3966
10066
16509
3531
11250
17863
5133
7040
24602
23955
23574
4826
1460
21717
3749
2918
3192
3063
11262
1459
19650
10728
24738
23836
15746
2937
18643
13039
584
20728
22700
6566
17148
15192
8626
23622
1780
1466
5771
14774
14560
5643
24342
14091
14792
22541
16243
17182
17991
9
6139
10880
4880
19132
20965
4915
18775
13045
22610
17379
10502
4008
4573
10048
15685
18974
10346
3067
18718
7917
1889
2415
18986
13756
11410
1217
12870
22193
19840
23715
2001
956
6526
11101
13303
8123
13673
24836
6849
16758
131
13241
24010
21891
4733
4138
17177
16091
6966
15318
11742
23629
24872
21929
1234
444
23473
20169
19585
21042
16192
16667
22905
11086
14194
23533
1494
6150
21913
10164
10773
2664
17272
7537
22458
21168
12377
20163
24697
11842
20711
16597
18586
17801
9078
4717
12368
6406
704
5091
10691
4477
13647
16991
24947
216
3436
4177
3335
7694
13600
21009
22357
4844
6932
24081
5399
21088
11432
13223
23128
18889
11315
10693
3985
14572
23911
9550
24350
10315
11166
7691
12532
4801
1446
2975
17711
21154
18246
13692
5802
18669
17390
11074
14049
4505
11185
1818
24508
285
20620
15439
2599
10891
1128
22337
13399
16545
21293
5815
22709
11295
3284
33
22296
10682
23163
24814
13246
12859
22849
22844
1221
24921
17774
9376
1130
4021
9129
16996
8956
1654
17637
18098
6251
4959
496
6534
8899
6693
9679
4377
15497
13682
10073
14176
732
10934
6238
12203
11088
7700
3553
24985
21504
7371
21973
21424
13709
16793
8304
18893
18800
7401
21538
24988
14479
21966
24344
12067
2044
20641
12119
3662
1697
13547
5172
4671
17017
21318
3797
22340
18255
15066
16837
5659
13919
19616
5684
12404
15168
8428
6544
13822
3459
7042
21692
18747
22339
16472
6833
5477
20188
21291
14809
18161
16261
785
13325
24614
7739
7394
15338
17899
12700
23373
8152
14624
18927
5118
3221
17295
14104
16852
16815
23360
19553
3900
16327
910
11887
24203
22792
7207
17660
24740
11936
12340
10215
21971
15137
12506
17056
23754
21025
12469
17780
15103
45
12641
4475
3785
6408
9144
3637
8381
12932
4063
8128
4576
943
10562
23104
13112
16769
12274
8742
9769
15177
15540
17491
12597
5899
14501
23162
2333
9149
414
18477
1323
16299
20036
8268
6245
10154
7375
8283
21366
7877
7301
2197
2243
2307
4691
17310
10932
23566
24194
84
13320
4780
6235
22864
4520
2629
15193
9426
14108
158
5250
22263
14413
8415
24026
24447
15033
1113
133
10623
20448
5194
13992
7158
2782
18338
18837
5937
8334
23630
3796
340
14247
24930
19702
2267
4866
10133
11662
17693
6687
5059
8492
5056
16804
18666
5170
21903
17087
13939
21322
11223
2759
13742
21844
2425
83
1921
9957
3699
6797
10239
5238
16129
3629
12147
4262
13968
6240
15167
6780
18846
2407
18308
10332
17818
16986
5469
19060
15957
2123
10789
9597
1042
5875
16494
7508
7759
13604
21245
10225
18201
18697
6433
3693
16656
7474
12861
3763
10778
2846
5707
20184
24231
7782
21797
2615
20118
8943
15241
3217
13047
6079
23276
22510
5254
12837
16530
4423
3094
18244
8680
15622
22908
23078
15156
17955
13326
8407
15700
14575
11428
20576
21444
7095
19619
17011
7334
7549
9452
3931
18978
3373
12427
508
9143
2440
2876
18113
1578
12860
16241
9891
185
22328
12774
1388
20567
15986
12688
13348
8773
20323
6403
18890
13208
9825
3301
160
17977
14237
14351
18489
11442
5440
9028
11274
2288
10959
12014
3562
13759
24317
16173
6514
17855
17063
6980
5115
23102
11401
17284
16724
2690
9968
11603
18872
16642
19814
3297
10904
12811
20426
14754
10567
287
18173
13455
15626
9267
9152
15825
4690
22012
1940
4334
15147
970
11002
8363
19022
24823
1918
13385
3847
10357
21999
20975
9353
22584
16225
3920
780
16426
3872
5856
9019
10640
855
22522
5639
9567
14309
20405
594
8793
20743
16577
824
1449
4387
23453
12513
4326
15767
13308
14520
6488
11678
9807
15961
18995
18217
16285
15225
19581
13908
24170
23886
15781
6505
15465
21786
7078
24579
12751
13922
24597
13178
202
16246
6777
2755
2835
11514
5247
17481
8918
20142
11492
6726
24997
11080
15291
4936
10305
12341
12887
8308
11765
24847
19246
5189
8709
17442
1060
10458
1520
8237
14773
16801
22162
19181
24309
13209
2208
14414
23157
0
24963
10916
12750
1746
14610
9871
566
9046
3645
14160
21965
1972
5494
4726
17170
7156
2841
13722
249
23413
4470
4628
5374
23569
2678
16539
9189
14323
20258
19512
4878
1345
20354
22841
10868
16680
2637
6698
24729
7600
1067
15027
4900
16995
5810
14123
13220
3941
12567
2231
18485
13216
2515
22447
20958
4974
23086
1772
17351
11766
5703
23887
8996
12555
5166
9013
14272
19100
16274
13887
19808
1868
7697
23043
3225
20048
5396
18149
14628
24215
10581
18230
10812
20792
13318
2457
21970
10905
11382
2176
11915
2334
6636
3429
16983
17792
157
19946
22115
12981
5548
15171
3501
12777
16295
12845
12208
10805
245
3481
16025
3789
6670
648
10080
24991
24873
18398
883
1593
7300
19929
15130
1857
14110
20776
10140
20017
19339
19291
12398
14781
22742
10046
6470
2805
21615
716
3738
6613
12836
16110
12634
20592
24033
2336
1812
20423
15084
14830
8454
209
23405
9611
3734
14139
9018
16278
2902
12255
2703
16553
15049
23447
11750
8510
17805
15254
12987
11024
1596
2022
24526
13890
15875
21257
3460
12693
11491
625
109
23327
24237
15581
17247
6269
7068
13544
17366
12999
23498
20515
8658
10874
5020
12431
6369
17337
6916
9631
2996
9539
9096
19689
19979
16446
19558
10512
3538
6306
14758
10197
13364
14590
17020
18509
2015
19747
22031
24928
4115
22156
178
11898
23956
13401
18333
16076
15848
14593
19721
22422
7742
14233
19909
17873
8409
19174
11615
13038
14375
17837
4975
13181
16311
20252
20333
12703
9085
16742
21300
4270
5407
7478
22397
4862
581
11761
24444
18391
7259
14984
3937
23512
8823
20209
17979
5448
3400
10563
16692
11216
8384
6019
15727
12479
1556
11764
10293
18069
5797
3657
19023
10269
19925
14976
4620
18224
6094
24310
18085
16515
5769
1538
23545
18873
18263
12303
23125
10917
17332
3940
16339
24267
13020
13064
19681
14746
20147
15363
2574
19609
536
16470
23438
583
22023
19911
8027
17236
4744
23819
541
7856
18504
18427
6818
24074
14770
12604
14164
16018
24297
22292
16855
20561
13079
16147
13582
11756
7491
5193
6466
10460
23522
2352
22272
21479
18712
12006
6864
7013
11368
5598
23148
21394
18653
3701
21120
479
16183
81
16690
14879
14503
10173
21646
5741
2624
9578
10364
1823
6907
15821
17592
4944
16210
18133
15028
16978
1951
4704
24513
17076
17519
24311
8968
5524
18002
19466
21867
16857
10241
1259
4760
3582
5340
19714
333
12331
7072
16484
10448
3505
8195
2338
4676
4590
12298
24700
21175
1985
9369
17932
22787
11017
16226
21206
1100
12521
13869
11686
8838
5753
9140
20714
2223
11374
24713
1719
9081
3543
23096
8086
19656
5341
20394
19828
8850
22273
5999
22431
4892
17008
11353
13515
24378
20906
14407
22670
18178
7765
6172
16822
23200
14543
16204
11362
32
13803
22656
9851
23378
12765
5473
15867
9938
5930
3037
6201
3572
1781
19355
13118
3447
21647
5460
16617
10191
10857
120
3576
13270
2849
12424
19066
2098
233
18420
10030
7309
661
21062
20451
17196
8339
14124
5918
23572
14743
15050
15902
7973
1121
6148
12148
10521
9999
9467
16706
6737
7220
11606
23958
20952
6592
10679
982
24420
17862
5913
15361
12925
135
21586
7729
9735
15043
1236
8335
22158
10566
22527
17584
12569
1947
4023
13721
5127
4585
11853
24329
784
15614
18372
2318
6191
7663
16951
20656
16687
5831
6074
8001
2778
20599
14473
6429
10467
23898
22301
7021
7541
23035
21362
10687
19260
4668
23354
22590
5624
3577
8801
7171
14764
1705
20959
4967
21597
14693
22680
2357
21713
7197
16169
23632
18460
4350
22139
24044
15546
13199
23581
4355
15602
18936
14646
5754
19309
4153
357
2734
23053
12976
19400
19655
7964
14195
2978
2879
8952
9579
7689
14206
4180
23996
24827
20618
16262
19233
4924
19920
19712
3534
10014
15681
15276
17370
8545
22920
14978
17823
15611
1844
4739
19519
24894
18581
13412
19167
10224
16730
22316
1452
20689
19336
4119
558
7872
2774
13087
21874
20970
6499
2234
19659
8738
4499
1346
21395
23568
19990
20716
13680
24346
15058
24253
7368
24258
18
15412
22497
19433
7860
23337
8748
13330
527
3108
10513
7322
5751
6888
4617
16400
22947
2970
15263
19902
2258
23259
19115
12556
23338
2809
395
14275
13527
24715
21242
18340
3183
3612
15544
21627
7711
21240
24199
3606
24593
1235
3051
22934
16811
16749
2216
18628
10127
15567
5885
24208
9538
9288
1341
16351
3368
11034
22861
12745
12730
19321
22606
2273
8023
11053
4291
10446
16433
10982
1807
24667
8907
17594
1145
22539
21420
7929
21099
7392
12375
729
17949
1117
5196
19111
10655
1876
6794
20879
18168
11
16164
13450
15869
23654
20887
6031
15467
11033
22411
7384
12841
9281
21953
24104
2329
4467
14709
16103
15502
17791
12799
16720
21230
11023
844
8654
8720
13030
24376
7671
23080
16075
13957
22605
18071
7257
23113
18457
17372
22730
6745
4891
24596
20741
9069
22501
18464
20653
23471
15889
984
15095
18582
3047
24385
16589
20317
9760
21790
21798
1174
14284
24066
3499
22639
22491
11330
24479
14897
23331
20603
22874
19130
7985
6760
253
14191
21787
20053
5155
21493
22365
23961
17322
8388
8368
1316
14043
18635
13843
12220
3476
8427
1405
16505
14037
2472
15139
11715
4604
7049
14045
12115
21141
21402
23921
4019
3790
4382
15489
21921
8251
5720
14586
13951
21622
9254
635
19458
17605
10374
8937
2203
8387
5452
13519
12690
17144
579
5431
24603
15951
17790
7354
4282
5319
6720
17344
24554
9173
12273
24095
4235
19591
22935
3563
18131
16686
22033
11406
5177
15233
1693
12662
18212
4610
19565
3280
23072
2595
12613
4072
17536
15535
575
19672
10450
15064
9783
4297
4753
19588
24106
9766
5144
23275
6961
10913
21613
18981
16638
6744
9949
3253
6441
2900
19662
6399
14069
11834
8970
20402
2210
21153
14343
11369
14349
16456
15416
4391
6537
12842
2896
2622
24750
2250
3099
11942
1361
2944
18412
15316
4402
3444
17510
16987
17203
18123
23341
9377
5652
11996
9257
12072
15722
2908
17923
20380
3204
21975
16430
5732
458
17992
12420
22010
21343
5676
7737
17821
18976
1063
18354
19830
22509
20686
13502
11983
7408
12206
11579
6078
772
9395
24289
13158
6037
12013
4000
9877
8052
13760
20205
9686
16214
251
18804
12605
1357
11338
586
21482
20886
20640
18708
67
6897
24484
10530
10915
19887
18332
10967
10564
1083
1086
5080
22661
20626
16217
655
203
377
24466
24185
20605
11711
1914
16196
18220
1631
7951
14267
12712
1829
21883
6748
21587
17749
24162
445
2916
10820
18918
18169
1066
23612
10388
15823
9079
20241
3507
21917
5437
5104
21724
8860
12500
7439
11693
2408
15097
24133
15014
11463
22251
18552
23975
10251
18105
23394
8022
6006
4040
19419
7559
18601
3316
21335
10925
12458
15013
17897
2967
6594
16988
6925
22236
18534
2346
15440
18449
10872
24274
13901
5726
17668
16334
20020
22755
20868
5331
9714
13805
1248
16341
8256
619
5851
2475
1279
22149
6654
3230
10941
13438
14839
8069
17800
24631
19765
17266
17457
3928
23962
5492
24155
836
14521
11309
4895
4661
24573
18829
8186
21060
17377
23665
9270
5024
6284
16825
4305
1205
12483
2935
16136
22160
4772
12526
3894
2445
14492
8905
6424
1796
11685
22750
24414
7433
13273
5227
14209
1754
13569
18816
21434
24256
20259
20068
19514
11647
24641
7153
24642
2152
20389
19748
21184
16716
17066
9112
14692
17476
11608
15529
10163
17462
15289
19014
7194
8530
13276
21624
13004
10924
14867
17276
11817
13664
17152
14718
22168
8514
12436
15026
7331
23026
14093
12773
1101
6832
12678
9113
4651
16029
23571
17479
20709
4253
13470
11012
20600
14524
15011
22854
9961
15307
332
10989
5000
14934
23870
21552
7476
20093
8418
20637
21752
21487
24916
21072
16660
3946
17287
2829
3358
7879
2274
4164
15388
9805
15528
20744
2217
23056
3411
16148
5934
8393
15386
388
39
19775
21478
22222
1650
9446
23776
5693
16896
21935
24452
11112
13516
17023
12940
15419
24413
4425
20533
9663
9569
4381
2477
7646
9292
14848
3651
17975
7650
11627
23858
16782
7169
4548
8303
24264
13280
17595
23109
4277
5592
12204
12541
9754
22545
15705
14235
1391
20250
8710
6005
4314
18329
15896
2640
14841
9287
17140
17624
11452
17533
21569
2388
10527
1326
1513
18950
6731
18182
10984
7994
18717
13052
7835
24686
20456
23675
20664
19779
8002
1666
5192
2697
20390
8715
14
14711
16449
13088
1444
22494
22211
24290
20340
13830
4170
7216
7472
24148
19674
2613
9795
8329
6609
20383
17965
7942
6411
19995
4828
22017
5317
6685
6562
15426
20928
43
22028
20995
24972
13388
17828
18442
14090
15392
12173
1035
8103
5185
10570
24034
11642
10298
19770
21699
23256
9936
698
524
3058
17413
18227
2164
21607
21852
15162
24321
12441
3772
14092
3667
5850
4853
2372
10708
6608
22786
10099
4554
16061
5629
20895
7561
5564
6280
21304
1481
3443
969
19891
1046
18954
22018
21199
1822
11102
3242
11737
22262
23841
13625
10873
12275
22975
16486
16293
20573
10461
5730
16043
7651
7984
7560
1680
748
12446
8351
20364
18732
24665
4508
14381
5663
20908
5733
12128
20596
16636
14698
23937
442
4735
686
14055
20351
21687
19006
3519
8919
17720
23074
20386
5367
3745
20800
10503
16879
3586
11982
14377
13245
8602
12048
5507
17281
11803
12961
14057
7999
24469
8038
8612
21166
1330
13134
2201
5406
12123
18307
22611
2221
13345
2184
11495
24732
12558
49
8292
136
10057
22138
11234
8383
22714
14242
5279
18165
23777
12293
9970
9221
14180
15772
5523
22578
102
17661
10310
17162
16220
15549
22489
510
11111
12737
13669
13232
2506
13383
8624
18606
3377
13892
8178
12975
19347
5327
22951
9176
24694
5292
4097
2484
20491
21686
8635
897
19247
17279
11265
18788
11879
21373
17952
15362
14346
13464
1742
22998
23194
1508
15979
9406
2
18273
13213
9482
7778
21519
13384
6536
24636
13676
6093
16038
7032
22186
7551
24234
743
2469
21656
15016
20375
17868
18267
19634
18319
19127
5756
13749
4757
19738
3555
9101
2598
23788
15459
15911
10256
16860
6972
22574
8168
12112
8681
10983
24714
17421
20762
16097
15792
2390
13425
15306
10834
20611
6029
13581
16418
10746
16332
18679
5731
20735
345
1260
19345
23227
8243
14979
3815
11109
16127
17861
14531
8049
2720
14622
19852
9782
11668
6719
9449
24480
20856
24701
1887
21808
1314
20732
12367
9300
15056
9558
14649
17357
14259
1708
15954
14747
7421
5655
3150
17180
6945
17072
13878
23446
13267
11083
18390
1625
14059
8286
5269
1467
14525
19878
24434
23127
23530
14328
15435
11553
24426
19306
14058
23107
8228
7554
23536
8903
16377
7150
4421
19227
10597
6493
21887
18473
20775
22333
5412
19948
15921
6942
2460
18824
1956
620
4417
3961
8149
2126
9781
8110
1500
9614
23116
7562
21486
24226
22277
12388
506
19169
1172
9992
19294
21835
15827
12029
6317
10491
13253
21807
19261
5481
8013
22427
22879
10591
8914
21090
19067
7603
20278
20963
12145
18979
17898
10447
20104
13776
23237
17634
861
15960
14500
3324
715
17585
5874
600
6119
931
7239
15129
11793
6506
11245
12078
23355
5509
18738
6137
8711
10703
5919
945
10977
12806
10650
4310
15590
15799
2086
22506
1613
3466
7564
23973
1514
11072
19953
13486
22344
24462
7094
4286
9026
4055
3769
21128
4903
9298
11215
21738
8298
21468
3731
11229
3378
8471
12304
11905
15976
3795
8930
17967
2699
19693
5007
13743
4204
5544
5337
24737
7753
13685
8224
3131
1453
8659
1308
5384
11095
20296
4259
164
6311
5225
17465
13758
14794
17397
3831
17026
24666
15256
19625
12125
7767
11946
14598
2183
15215
8020
17483
22472
18542
18808
18225
7654
6671
18610
17729
19669
5218
17239
21217
24968
13841
6473
13764
18363
5588
15508
10232
7324
12834
5891
23730
15237
20939
3483
18150
6741
22569
384
23849
16004
609
7031
4630
14149
3518
16429
16380
4275
10593
10377
19251
2141
5931
8535
20339
2348
19573
24178
6300
11568
15557
3416
21330
12246
9438
8787
1632
3856
1946
21156
4540
24635
23254
13782
961
1507
11183
21032
18683
19539
6385
20393
10432
19452
13338
18887
15759
23636
5163
1713
16102
20904
7895
1819
741
13810
2620
6391
15112
5130
21039
10810
21445
5949
15255
14564
14626
22110
2480
21732
4338
14392
6340
6156
15945
24020
455
23008
12385
9510
16559
22824
9594
239
7483
2393
16212
7103
6352
11875
23398
11363
18274
8836
12211
6354
8983
11677
23190
22720
16625
6674
22061
18062
9431
2385
16562
5320
5213
17486
22867
11097
8859
7683
20310
10115
8177
17757
2533
1488
19035
6759
5600
9973
13032
9750
24382
1131
1095
15559
13941
24296
7690
18005
8314
15356
20710
12752
354
5498
15575
2580
4395
3228
19575
9671
16926
7005
4859
18369
1545
23497
14845
14643
6129
4024
7465
15604
6175
8760
11122
20327
6221
21629
20715
16362
8057
1491
13828
22964
23320
3210
18011
13059
7608
9777
5229
9390
19833
7804
20330
529
2321
18226
1770
5429
2686
12035
21901
21186
22135
12627
7668
24550
22456
15486
12665
829
5878
22999
20933
10219
13368
9598
1599
1748
24406
20371
23868
10397
9736
17231
24454
6821
5263
1703
2422
20572
19158
8767
8900
9633
12468
24609
24758
6257
6795
18183
9746
17784
12107
22116
21522
2143
17432
20308
23878
19854
9836
1924
1324
4777
10930
3495
6770
12323
14182
24638
20734
18585
23196
19742
22364
20107
21275
15807
16560
5662
12141
9955
22421
161
1266
2438
2844
24523
24078
6673
19124
9282
11770
3939
22747
13048
19730
1585
14837
12256
18326
2761
23884
18909
8357
17263
14429
23486
304
12645
2571
18801
3679
23900
14996
7574
22623
15274
2884
10543
19000
8182
16407
7274
20591
20079
19368
11587
3597
350
21825
22659
17298
19116
16037
54
10417
20196
24515
19635
5505
8166
9107
6082
1653
10663
3124
21173
17913
7295
410
18845
21954
16326
16836
6910
365
15947
6575
21158
13019
5309
8397
3833
18121
22632
731
17255
3101
147
11755
15710
23346
17096
16981
11121
7946
16651
20903
8389
11081
9480
10827
1374
17656
4304
8003
17802
22237
11841
9052
6853
24592
16600
19578
2813
17199
15
4092
20999
617
7959
18281
11733
23893
2137
10722
15958
13913
16502
2526
15299
23099
5443
18207
8866
6475
1986
18665
8394
10391
12153
23704
18879
18604
11904
15763
20522
5244
23066
19218
12544
5749
20154
17638
16696
11704
17173
1695
10522
10194
1344
21977
11010
12108
24864
2474
17321
5763
1503
507
19041
9790
24370
1402
1115
14712
12343
17552
24720
10602
3794
9708
22460
3427
168
21247
17857
15780
20039
17731
24649
7824
15111
2551
15371
6676
20913
6205
10704
2677
24652
9133
12677
20261
3372
1539
8844
10636
3305
2535
2276
8942
22349
12767
4987
20698
2711
7263
9342
3539
11617
10295
8234
9796
16200
1927
14115
19640
6877
2464
9555
2105
16335
16027
5413
17764
24128
7796
427
1842
7157
18835
20961
9237
8326
7092
23862
24983
6563
3522
19526
22390
17424
4034
12276
14196
2302
3293
24458
4393
10114
23315
8731
20418
18648
16482
19366
4928
19867
1849
13091
1808
12413
13163
8746
3573
5064
24184
23451
19126
15471
22789
9453
24271
12406
21176
22052
8130
11427
2226
17826
24381
10609
6015
7556
14189
5246
11909
16960
1281
15401
5480
6791
15187
4311
17844
8503
2364
13227
4125
14113
8508
15452
10245
13033
22125
2843
9223
13989
7133
2920
3812
3766
18990
8309
647
18998
15057
4010
3717
5512
14219
12365
5985
19605
6095
15242
13836
8637
3857
24355
3302
16775
12345
22840
21417
9246
22959
12045
12759
5160
17674
21660
1607
2093
15712
8466
11408
5294
20836
20869
2733
13194
21880
3439
9629
360
5035
19612
20530
352
19258
20432
903
21840
19534
18539
11683
8910
7012
5862
7579
12661
12822
12185
13929
487
15345
13793
7165
11137
7514
19557
14870
18222
14589
3471
11943
2232
6810
13196
21017
4937
12851
24790
3567
14535
5657
23491
10174
6431
19804
20182
3517
19390
11444
5711
5599
21542
16176
18215
13295
4509
14549
18600
5941
4066
6970
6535
20185
17242
17456
14155
1701
16014
16510
13684
22779
1996
10067
11106
18937
10058
5923
2893
19980
1586
13594
20539
1050
18868
8127
20412
18110
18899
13872
19352
7585
19566
15971
14229
21272
12018
15793
948
6274
9478
6239
7308
3524
20139
3624
16466
8365
10599
20034
2144
12191
18305
1333
8498
1988
12350
19363
2994
16318
14096
15894
11950
4044
10282
22243
10957
3110
7902
11505
5630
18463
18549
4194
9472
4734
4136
149
18938
2596
23655
3850
9151
6798
13371
23183
17723
22128
7215
22279
20612
5083
12992
12974
15319
9361
20704
19549
11961
1127
20006
1268
17037
18878
24534
19869
10360
22876
13850
8665
14437
8500
16411
24158
19463
22576
10946
1682
23168
232
22025
7080
15449
22350
21782
3630
854
17089
15880
17104
15845
13491
7954
12442
751
17472
9556
18624
16073
18043
5910
8623
3664
21888
21463
6364
19508
20047
8908
18517
16694
14261
17909
22111
16573
5904
19385
7369
6307
9045
10816
16574
8933
10813
24442
2076
3889
9437
14927
15199
20574
195
5866
17025
22483
7172
20387
9370
17832
16787
14953
14251
1618
8109
24181
22176
19455
23752
3669
3537
7242
5786
8855
3213
15312
17754
9720
5197
19282
17394
959
14136
23643
18054
16161
21308
24563
20343
12055
23483
16439
22230
8390
23397
19407
12189
6533
22244
9242
23856
4905
6316
23118
15351
5332
21197
13507
7362
12376
22041
19465
7381
9258
18626
16167
1790
4889
11729
24660
9020
1601
10387
16461
8603
3678
10736
21774
3013
12011
18735
13053
11044
24986
15878
1655
457
10137
3355
7393
19731
1917
23201
4290
16791
7170
10449
1392
19567
16132
23520
20884
8443
19845
10945
4762
23838
23743
19289
17315
12588
3440
21216
17318
21211
10684
11907
650
6063
21015
17942
21014
16939
10278
20523
5262
14960
21940
1843
12994
858
10082
16474
5359
132
23441
23152
18389
10181
11384
17666
6634
13840
5783
12756
8155
15847
23701
7205
16360
14192
8230
10134
22164
1163
15479
6036
23903
9508
8039
23786
11346
12606
5519
17040
2253
8822
18602
19311
21810
5903
22834
8648
12285
16232
24241
13824
10586
4295
3570
4407
3461
6573
669
14169
14661
11801
6309
9108
10648
24728
10956
2758
13775
8014
23465
12570
8313
12411
11091
3932
19201
1371
19422
15964
19787
8379
7940
974
7665
22034
24782
386
16280
24826
4559
20112
2103
478
12016
20590
21850
6196
3983
3919
20721
16587
17936
5009
22046
20123
5746
24717
17478
23084
15564
5638
5817
16550
10652
15563
14822
6867
398
23936
4553
387
10720
247
501
24669
21898
13166
10326
17879
17865
437
18674
19394
21950
12615
2890
23160
11871
531
693
6348
15972
7695
11222
3644
12942
15226
10120
22182
14181
2694
18728
12142
18171
19692
24927
24695
10927
4914
5767
23960
6040
18963
20349
11970
20106
22391
15585
4560
2573
5892
17852
16754
3816
2780
22733
7196
24990
10216
23639
8652
4527
23919
14737
14087
6060
7330
14833
23751
16746
21277
375
20221
5070
15733
5840
6935
16880
15952
104
20075
4426
11018
13060
3462
17781
3901
13795
24962
20083
18497
20827
14283
21915
15909
