2539
21523
9835
10008
15739
19091
3559
17392
4357
2224
20786
17151
17603
394
15952
13808
5673
20701
2354
18024
21972
15958
17178
15116
11944
1050
13170
17227
373
17849
7760
12920
11899
11173
14635
5920
9546
18820
8660
14237
6825
20608
12564
2870
21592
18461
5948
16289
18501
2705
10668
16718
741
11053
16426
12147
5325
4768
11607
6426
13423
8390
738
14131
15990
3927
9125
9485
10347
17690
11683
18314
13786
11695
18015
18198
18841
1646
15836
15039
381
2087
5866
19584
19745
5392
7444
8007
3678
18182
19926
20308
12412
20617
6384
19864
1593
15249
13638
12433
3975
3533
1740
7307
21017
4219
4556
18831
7270
23299
19036
15969
4796
22797
24220
8436
20180
2401
4085
23229
3213
5954
6741
17796
13664
11674
19603
12046
3582
4214
20026
13287
7996
6482
22535
20911
16944
11493
20212
24944
8066
21035
11921
912
14062
2115
6769
9825
13203
17823
23055
7466
22753
1318
12355
24313
279
10709
4129
5419
23934
21295
22316
3472
21159
9518
11933
21980
13151
5681
22689
5477
4026
7159
4705
18411
11842
21456
13766
1063
8772
12855
13862
18830
16803
4204
17687
18417
12966
3661
6530
12925
20024
15930
8213
14142
21535
8110
477
14724
5218
14518
13739
5766
24513
20223
16187
4786
15805
7285
19497
2071
4595
13543
9434
5236
24341
24849
3256
18176
484
22688
4632
12240
3372
14689
21288
956
5701
2081
18904
3804
18633
15423
6776
13635
15167
21069
24731
7807
15352
23518
23385
9104
10364
14129
455
13955
3180
23086
9313
11551
18974
4609
13319
11586
39
8507
6902
22142
11146
24318
17857
8204
22119
2158
14320
6130
16168
1308
20146
4439
1108
19435
16605
20567
3367
18564
627
16665
876
3628
22948
11283
12843
5167
7885
21320
2860
19198
24501
412
14452
21834
9495
6863
6139
21088
19156
16507
17391
23479
12717
22373
1052
849
20926
20336
24408
13815
2477
3877
9318
3519
2014
5302
7643
22463
12443
24125
15911
11009
8238
15421
10298
7043
9745
19600
8780
16183
557
5879
24095
19144
1221
2936
1959
12142
10122
13730
20139
6617
3980
15861
5550
14718
9826
19251
9141
8825
14773
15636
12541
23375
22411
22883
3835
2695
14702
3553
17529
18335
2094
24745
637
15042
21312
4267
19875
2896
6938
3998
1246
3400
20773
16503
22631
10077
19433
8360
20105
21859
24068
14456
10164
13518
7703
19007
8335
3025
20759
18365
22613
7142
21047
6464
12753
16475
16317
9677
7621
2113
10374
9648
9086
20505
22731
1300
5276
20350
2985
18297
5815
5708
19275
22548
4299
6543
2811
16701
23345
9280
10835
15746
2190
15989
18167
3264
23496
6421
16213
1115
21481
11606
22283
15056
11950
4135
6388
24789
19893
859
7463
17657
14930
13806
3271
24421
14391
22339
23218
5082
13321
6876
4534
20940
9729
3857
22418
11665
289
21966
12912
9140
23090
19536
22182
5074
11440
13390
9497
12725
2077
19912
1070
14537
14461
2729
6437
5896
16383
6903
7454
19194
9000
9278
10819
1219
8314
16945
19016
3645
5314
17208
3232
1008
7522
6142
14436
1750
19105
5623
3052
560
1383
332
23235
8609
11496
15758
2110
9126
6511
18701
20797
7489
8880
7804
23482
4297
17848
8270
15874
13280
18266
3694
2326
5406
20677
13875
11323
758
23527
7042
10851
22474
14867
21068
5658
20978
1044
23466
3756
19347
15819
17899
23968
20327
10320
22448
8093
8259
21457
24289
8228
13370
12039
9593
7968
11728
13387
16664
24630
12889
12280
10689
18385
17610
19084
14135
775
6662
10662
3540
13000
7451
15512
18186
6927
22220
8497
2815
494
16947
19997
19424
9355
10972
4769
15593
10863
6594
21666
201
24758
16648
8523
4338
17742
11531
10589
5523
7427
12576
13364
12108
8482
7406
11736
13617
10113
1470
8558
22527
3309
14567
8471
3567
2770
7074
6334
20303
2944
20733
19742
10840
4165
7609
7423
13154
16565
17396
7513
19229
19456
21261
24719
4922
3616
12952
13960
4215
1447
8907
9417
17980
12820
16239
7109
4997
12324
17956
6376
23826
20273
11964
23686
23820
16894
15030
20962
22002
18518
19136
4222
3435
5089
17149
15713
12351
11797
1154
5494
14099
5912
21573
10879
7231
5489
11353
13756
6855
6240
3162
22232
24534
16872
23647
21602
9221
6627
19100
22969
23168
5084
869
15124
13628
13648
22450
7267
220
20010
11408
10149
9275
22498
11974
678
1229
13549
582
24426
15662
11000
1440
15320
13620
6585
18442
23572
18770
8522
5933
22374
23564
7323
73
10629
12971
4405
11269
2853
23248
3143
18977
11405
24283
23666
19326
18179
15797
15719
9068
24818
19147
11091
1429
19103
12872
16219
12794
244
8882
12211
14880
21162
12941
10687
4033
8988
7414
5162
19086
11342
17832
6099
8565
5918
1268
10112
7884
5092
24257
19779
7831
15581
24649
184
12610
19489
20999
9762
20762
24447
3242
1007
3651
14224
1171
6504
23673
20798
18684
17080
24382
14552
2485
24672
4698
10155
15034
19444
17263
20299
16848
13041
281
10019
22184
4493
20510
10874
14527
22639
24049
5577
22736
24124
20663
8992
6726
7630
4433
20193
9704
22929
18619
20745
8337
17271
17989
13599
20286
8620
22394
9675
4131
16902
16885
2531
24194
21112
8520
10215
15133
11994
18429
1749
19515
11715
8682
17101
12728
16382
12881
20736
10297
12519
22728
17813
9801
5525
11439
24037
15092
16302
16881
4819
13052
3322
5126
23279
22997
10534
13102
22209
6732
22835
15539
12642
10796
19027
18361
5203
21271
18185
17144
21557
23290
2264
3410
12781
10540
315
1341
19348
18250
4166
20900
4946
21565
9379
21674
11934
11303
2515
17238
24684
15879
1247
5709
4449
16866
21337
1864
2859
6820
5311
15035
3921
15075
5666
5917
7836
16039
17446
14334
17547
4258
19729
6507
9914
3692
8922
3305
8086
9039
3099
19460
6289
6015
10525
22167
1401
19308
18706
20132
22649
1155
6554
16056
12073
4864
21685
378
22004
11276
2774
5848
3072
6783
998
2468
2371
20891
20168
17654
4654
21024
20989
12056
19341
3460
14176
10600
9046
22461
8919
23114
523
1211
5582
7298
12722
1922
17024
3067
15380
1815
22861
21916
1426
4907
7446
3807
15055
15327
8971
2913
7773
9361
17126
3766
8577
5059
11711
8063
1059
6536
9315
10954
14807
9716
8402
16325
20783
6136
20274
11152
6282
5938
19621
23610
6325
3740
24087
16846
24046
19345
2918
14935
2675
834
16113
14386
14355
15534
17481
3730
14905
8378
16178
17579
13921
5471
18334
5600
20175
18249
5947
24515
10847
13180
7485
17520
15329
9574
1659
3526
262
462
24210
5010
10232
2301
15457
9456
24819
24203
23612
6960
20526
15405
19834
11426
17360
9107
1432
6065
3361
22082
13267
11875
6160
2723
267
1970
22239
10845
21510
11557
19150
6292
1360
11229
18971
13398
12691
7950
223
2462
21927
16093
17542
9028
16912
23864
8521
14462
21509
17328
813
7849
16018
6804
3300
6634
3015
6244
13177
9867
14761
22507
4476
17295
17284
12530
20555
9542
1223
67
2232
19001
5183
1827
17584
24524
12977
18623
2843
24270
24339
16614
21079
24286
35
13344
1577
15310
8954
11458
11156
17929
15845
6274
18226
16456
4498
9558
17776
483
13309
9344
11555
11363
18181
14619
7718
8798
1112
21729
6923
23392
4084
5982
18170
12681
22992
8164
15608
9666
23292
13295
8914
17774
7370
2997
21437
2601
15449
21121
9458
7121
108
6481
1072
15333
22225
23825
13119
23306
9235
16228
5682
15784
19018
16367
17137
6587
7833
14868
9159
16681
8431
1669
18413
6878
22528
24659
11787
15408
20096
8012
16594
22061
3674
16394
9855
15235
10330
4866
2393
1065
4402
17653
6401
22266
21108
17371
22928
12674
11142
9228
14580
23338
397
15950
728
21781
10802
1936
14886
20848
20014
10429
20486
10382
9638
4437
15350
17478
6312
1753
10601
22666
19756
9354
12772
14695
24269
18798
7468
5336
19891
862
13279
13081
20288
10057
17664
11423
9651
9295
7570
5675
19806
10780
18443
22046
16685
22597
16066
10583
21690
2576
12119
3440
7558
5688
374
8910
6883
6601
9751
22816
14962
1798
19470
11990
24619
21717
24724
14427
3415
19160
2086
13896
15084
17306
6685
3188
19790
6694
22276
18758
19258
21153
23438
23421
7531
17291
15162
24964
16864
6409
17215
20411
24945
7900
20657
21881
2382
12520
8895
20516
11484
6398
22055
24889
17528
23498
22067
10387
20342
4828
2879
7090
9412
5930
15462
19769
18585
3223
22175
24816
19664
21212
22648
19812
24683
13967
826
3447
10973
17518
22571
8405
19237
3451
11511
2798
13457
3387
10944
19121
7163
15276
11826
8917
17251
16732
15661
10588
5335
19169
10433
18257
3899
19124
8215
1818
6411
18723
14454
11196
2647
9078
8412
9990
24355
9465
6059
10136
17280
19785
9267
11913
1707
7769
7119
5227
11661
14107
2630
6847
13211
22149
22254
1841
10408
23247
3151
6486
8061
12226
177
16479
1929
23298
2333
10501
22193
12158
18187
10844
17343
13059
20464
3961
7319
8564
36
5833
11894
20846
5255
1091
20483
22834
791
17890
1621
6671
17526
20800
3023
15058
2388
14763
17635
16661
5773
9545
14942
933
9982
1771
17608
22624
21569
17200
17911
431
22760
12416
21473
10434
20246
9163
2074
21432
19843
8858
16313
22257
22845
8356
10562
2237
24035
14152
18380
24069
20316
3079
18967
8115
9808
60
22501
22545
17193
10678
23541
10815
4598
19057
1144
3206
8168
24217
2319
5486
22533
2210
15409
24433
8890
13492
22654
18163
14289
7493
19971
15576
13480
15422
5488
22433
10484
23861
1780
18092
6990
5758
16761
12883
2409
7637
18689
20535
2092
12242
11389
5885
1657
4894
8714
18224
17706
15117
23824
2003
443
23270
9123
10170
304
1905
10896
762
9128
370
10641
20270
17673
23031
17557
7373
5819
13227
5062
4996
3123
16095
14641
14470
13192
17065
9598
23838
1207
6822
15633
5377
2419
10267
16481
3684
74
22681
4575
6348
23119
18017
20449
7869
18019
6078
5743
18066
11614
16969
11062
4506
8476
5278
11453
23587
17966
7321
6170
23999
3327
8125
21604
18060
6553
15309
3967
10938
2338
5936
9260
13534
2951
23761
21178
17672
9864
20665
24221
10221
14980
9789
15033
22106
17384
6070
7546
20269
20380
9815
1590
17444
13695
19141
2976
8499
5180
23199
22083
24504
10119
4352
15961
3187
22135
19263
12141
21302
18085
20950
21165
19656
2117
22035
18653
16768
1465
22739
7595
1351
19203
12301
15517
4310
6129
12
23764
21086
19050
12249
19481
4789
14572
1703
14866
14710
24491
24343
20507
13515
19323
23373
8540
5995
9591
23659
10887
1652
22449
5221
20368
24705
18837
12160
17472
15657
1693
6207
9045
19731
3495
5176
18086
11889
4244
19778
13347
22298
11329
2389
8953
21908
24023
23138
1722
9696
23729
3725
4818
22170
14898
19468
516
6098
13269
10435
7680
16354
10930
8247
11463
3988
22795
17793
10261
11199
1530
24767
4817
21934
22472
10466
14069
23960
921
17090
14389
2663
14279
4056
22470
14164
2803
6555
5094
10775
11877
18581
16849
9339
6932
18220
3660
24921
9823
1415
11180
588
19651
4783
7670
23492
5870
17473
7437
17734
17564
8310
1866
6843
18140
8859
11236
3294
1803
7844
2546
4415
16065
4492
13654
23129
19655
12980
416
19389
19101
20755
22279
8913
10486
17778
17597
24375
4706
3366
7763
1558
660
1118
11386
2980
4241
2412
2596
13653
21124
15980
5546
23749
1380
836
22785
5647
9827
18274
7032
20525
8973
20023
3075
21515
11579
16405
21065
22510
1397
16658
20113
24116
24011
3024
15995
16842
14004
19703
12454
785
3312
16539
4065
6161
22697
9335
20842
12163
13464
9541
17275
18722
20987
12067
24288
3936
5971
10904
11051
3503
1339
19996
16937
15383
4062
6114
6996
23109
6864
3053
4862
24911
20093
16210
20741
10129
7974
22702
11417
1719
5530
22032
21999
13725
15817
2406
11243
19218
24844
23892
17269
7883
11138
11646
21243
13187
6140
7293
2671
12747
3523
1650
22365
5564
16749
23384
3666
21099
10909
1527
19106
11810
16684
10205
4770
7038
8359
11058
14846
19102
21720
23555
19675
11903
2962
11028
11559
7541
21102
24888
7010
10225
9312
6461
1117
10804
24422
8320
18808
12933
4839
5185
5201
19225
8444
13037
11169
17998
9399
7740
21728
8432
17573
5704
23629
16747
14492
24829
9348
13413
13417
12757
18173
9204
19401
19766
18729
22014
480
1850
15687
12591
13243
20116
13354
7432
10713
3140
20731
13796
3183
6573
11649
1702
23082
3418
24742
17288
5476
22040
17474
15597
24320
23154
4964
14130
3154
22293
3743
16414
6704
20
10792
6290
2929
19079
12190
16040
22247
16494
15275
24953
22839
23819
3352
16331
2707
17011
15290
11204
23118
24251
20140
23800
19189
19025
12028
24850
13421
18079
24892
10575
689
13646
16164
16833
4359
12706
15789
17646
14744
4744
20357
1820
16601
11778
16413
9483
9189
15323
16129
3707
22879
6418
5500
22480
17019
7946
1533
10833
10621
9476
15567
5424
21328
10125
11311
9108
23054
8306
18662
4938
24153
16799
19000
10994
9681
10682
17651
22496
15498
18113
6373
8008
24962
9306
8777
1884
194
22112
11571
9283
17000
7758
14196
8064
15150
143
14949
8001
13546
15279
19940
16356
18611
14443
3859
16162
21207
7115
13302
18469
5627
22713
156
23368
16946
24290
1625
9403
12869
10645
24529
147
9064
3204
11144
18035
4016
2698
21305
534
2223
3968
12529
18680
24711
182
1284
21396
5566
11893
1327
20868
2101
3676
21297
11619
14632
14897
10430
11985
20554
10477
11445
8904
10034
8668
11359
23428
16595
6631
992
15238
22776
15844
16443
9095
4150
21594
2851
10099
2895
7306
21114
7723
3984
22888
1275
15921
1089
8276
10380
9889
11103
22023
6753
21570
20961
6012
18784
13871
18047
388
3629
14278
1863
3854
24883
21482
11532
19939
13566
20073
23739
17535
17197
6580
10314
14858
24362
23152
20050
12584
11707
5800
24761
1051
20211
19176
9766
8437
19636
11703
4256
4633
14894
9311
5563
3345
19111
8288
10912
22683
5873
16008
22252
16278
7770
16433
12786
23908
7416
8144
2329
4881
1396
23959
196
5077
11126
4133
12587
17188
11321
9843
13872
12204
5001
1968
8764
659
14951
9207
18791
17859
4336
24145
21036
20205
15904
23514
13242
20397
21394
5222
22989
15769
16990
8696
7787
12134
7492
22782
5839
13167
1983
22811
20341
20107
21488
10984
21787
543
17780
2983
18773
9691
23001
11052
20967
16026
13376
14413
3693
24800
24353
1810
7538
6850
19841
10604
16081
22145
24254
18462
20115
21123
2436
16257
8555
4838
6572
9303
10042
3558
13516
14779
863
23110
16424
23982
24076
21222
18478
17334
18802
1927
1554
10618
11788
3590
663
20304
8672
3862
11044
8192
18096
17156
10673
16428
24656
7430
23805
14760
15100
22335
19518
24147
3325
6729
21731
23263
7948
13330
3653
17111
24142
21130
20821
17726
5786
2492
1972
3423
19904
8348
1507
19064
19220
7146
7329
10708
19880
21758
1161
4335
11576
22674
12767
23569
11682
5760
5543
1597
1037
3038
24868
22712
14010
1270
14133
2590
16976
6337
20959
18450
18599
24730
17883
15367
337
1463
15269
9047
49
187
22956
12914
24697
5949
19816
18950
22419
20937
17544
16192
15703
10336
20482
4815
5337
23967
12594
19537
16275
20546
15813
13637
4153
10507
21349
16823
2631
3745
20216
10365
14672
23536
20585
10096
3840
20613
19604
9917
6664
6669
19365
14998
8627
17511
19287
9506
12999
14122
15103
24873
2530
12154
4826
13064
24685
18766
22976
21613
12874
7720
17824
22752
9944
8741
12488
23039
11716
4279
10423
4872
18986
14375
23570
5725
18872
24059
4495
22038
22974
11057
9081
14818
19171
10771
22869
17252
16706
22826
562
1510
13889
3225
10120
9056
17546
23660
9273
12236
19601
24144
96
16722
5968
11148
170
7938
23688
22261
11667
23969
24171
11446
3152
24451
17168
19538
16828
20053
4573
19505
20955
20267
23020
15991
4650
10295
23293
14371
21702
7361
14834
18290
12549
17410
16721
10390
24817
23502
21555
14591
7593
3819
4513
882
3414
16670
12150
7567
19446
21463
879
12580
11093
5431
9759
14687
14498
11761
13820
7757
21667
24987
5910
17491
19200
14038
7520
13197
6862
1164
3978
15400
24584
24565
3647
22954
20764
5206
10707
5081
22555
21675
22665
17741
21184
13868
18498
16380
8005
10836
1048
10990
771
15992
23674
13656
5757
19695
4851
10628
11278
23716
24542
24558
20032
3529
13126
12939
3509
22850
9053
7402
16190
20152
7600
14119
7243
21769
21994
3029
22720
11348
10289
7225
13506
2407
2347
1329
10241
8293
465
1725
22866
4383
19250
21888
24790
5888
4343
1745
22810
24383
18920
15354
15775
11775
16551
4855
20540
18470
17992
14390
12079
11197
167
18888
20990
20172
8210
16403
2585
18555
11151
10467
4692
22049
6816
15544
16132
4344
24805
7155
24163
6936
13996
11928
4161
22007
2142
9885
24484
23113
10918
5608
22401
10476
3987
5039
19426
14693
18696
12810
23987
10701
4590
16925
18577
1272
6755
24872
9755
12528
23198
15572
3416
14645
7178
6283
18482
3681
24006
14730
11061
3801
12310
518
20644
1543
6517
6602
19822
24907
8122
11953
11940
15557
15670
5219
16609
15473
12755
4984
18857
19870
15702
540
14587
20154
13536
7434
3051
16231
16632
4570
21150
4679
20852
16812
18630
16116
10369
20537
4752
16954
14544
18934
24298
1744
13715
5370
10537
14153
2560
13200
22779
6453
22813
20057
3279
12098
18751
1932
20737
18012
17044
20923
12162
504
23378
1054
15477
9882
11721
13237
4586
2296
487
17417
9345
20307
2897
3434
16466
17112
2579
6269
23224
11574
19947
4417
1153
4440
24148
4045
7332
14406
18284
20960
2561
18726
6252
13090
21359
4059
4655
10985
24640
7248
12860
16602
12041
16045
1133
14796
18065
22212
24132
24456
475
21746
10669
10007
24602
15985
23335
14302
19175
19763
23266
16986
7539
18408
13456
1576
16579
939
5972
14200
2721
7706
20198
13817
20925
17955
19782
5591
17415
24179
16155
6106
19146
21628
11860
8474
21913
7795
7426
17483
9644
19543
4608
12812
4386
3068
19998
10639
2806
8040
22363
2892
4356
1146
23900
3866
2817
20696
17179
1772
743
23215
729
21930
16785
11452
4284
11030
12341
9960
12811
12726
5408
19899
4610
8754
1611
2741
23695
19390
11235
8330
22290
5282
22078
13251
19648
11999
3788
7184
8081
19083
20952
8745
23742
12911
24167
5487
9196
18349
8747
10498
18457
441
19192
3368
935
14307
19612
9448
23631
8763
13460
24947
11089
20758
17104
23574
2318
10334
21651
9770
16492
6110
7396
7908
4453
4295
24927
4580
23297
23412
23734
15138
16571
10561
13303
22734
2242
6040
15470
7147
9912
15038
18744
1045
796
8699
14516
4853
5587
2308
19429
21880
4619
20804
13026
18843
13083
5886
1775
9297
16221
4400
9119
800
20187
19644
21403
22369
21085
21382
20562
8055
15613
4811
13138
20792
18239
8357
12533
16226
5322
16195
19376
12314
272
4730
14908
24519
17968
18873
4302
12771
15099
18838
17326
5177
13657
11784
9605
2039
10710
20138
22987
23388
6222
8867
6767
10238
635
19221
12994
16811
865
15997
22733
19392
13244
4156
1491
14149
19099
9374
24734
13690
5256
14480
1549
15052
1168
3621
2574
8324
16181
18164
11945
6235
18958
3166
11662
4766
14901
1565
16086
21118
7631
20039
7279
15753
12411
17087
14097
10738
12777
23766
12342
3392
7199
3646
17517
18171
9870
21031
4457
16620
8365
23414
13964
9736
10204
20021
3233
24680
9796
24112
24552
22422
7811
16957
8841
9138
12012
7771
11162
11727
11289
364
12070
13778
12568
18407
652
3069
19130
17943
9836
2486
5632
12472
8396
11600
6826
24224
1765
10517
20328
12063
20847
7479
1599
4195
1077
18445
12662
14804
1986
13382
23476
5700
16299
10070
18277
17634
9384
4216
1315
17195
2157
14246
1373
3543
17782
15465
9814
18263
7967
2573
2716
5578
4863
2547
19138
11375
23295
8544
20710
7505
7977
9587
2487
7756
20570
16629
17963
23367
19718
12930
178
17348
23787
22984
20282
24218
18579
4976
2358
7927
3504
11193
3149
19981
3288
10649
1178
23004
23617
19476
12449
16511
3973
16940
23895
9554
13314
6563
6583
22189
7525
6317
23818
4212
10897
1150
10809
1784
2208
7821
17022
8021
16182
11656
9482
24717
15518
1173
3763
24372
15364
4583
14783
22468
62
11659
21517
20214
114
7544
14847
2724
15860
24572
1731
10569
24358
18078
7995
20855
20287
13371
2438
8887
13640
2351
11286
7973
7003
23779
12444
1996
5110
6840
3735
1368
23223
22790
18746
12946
5220
17731
6625
21862
3417
11083
15490
23627
9525
15184
17366
12732
3474
3933
20052
10000
9127
1816
16320
15756
10272
23538
20649
19770
10532
3820
16819
17382
11457
8449
11567
3227
6365
6393
16454
21547
22700
19583
3403
24229
23051
18524
24521
22607
18982
6350
10020
8137
5258
7980
7220
24615
938
20559
1843
21205
4285
14298
23425
2855
11920
12644
15537
13958
529
22186
3905
7335
19240
23160
574
16469
14352
13793
1950
9193
18551
5512
1443
16000
7707
12042
21
10947
15403
16793
13986
15222
19989
16400
24605
2452
18180
11337
15923
22991
14683
16659
4486
8426
20906
12721
20279
21032
8944
15981
19933
16247
7314
21095
17073
5838
14305
7785
7641
9665
21318
15443
24786
11468
13659
12597
16905
12716
6062
5376
14379
8295
15031
21715
15291
564
19167
3270
16836
4774
5656
9949
3262
24033
18631
2537
13645
2523
17232
18352
2592
4827
15533
2869
20425
17458
15098
14288
983
13145
9923
3887
23593
21926
22730
17102
21501
14347
12259
1404
5737
5772
12733
9834
644
12616
20097
18300
7892
11284
14827
8594
23178
19848
5320
22926
23225
8965
19030
21041
9847
24481
14249
22561
15646
4063
6948
12684
15846
2668
21772
17642
15331
16112
8250
353
18278
5065
9561
510
11594
23365
786
23222
4757
8261
14344
21588
23419
1345
19313
10067
16120
19459
11084
12698
13116
12892
18595
11316
3702
21755
17977
16900
428
13907
8002
24182
10635
20854
1316
12000
4611
866
6029
23161
14476
13434
22302
7139
22066
10253
17699
2137
20120
6308
8059
9319
13848
14096
21873
16840
7528
839
20895
13401
12552
8501
6788
3492
9603
4228
9392
8962
794
22670
2304
7456
14954
1417
7020
6609
24589
18933
14728
5901
1358
23667
2033
24723
16027
21599
22346
15977
4596
6636
4027
20408
1343
16069
3789
2923
18077
12499
5415
13065
21631
6068
19747
16635
6021
4494
6006
11130
17534
11653
23955
10602
11982
22742
3568
115
12423
16105
7902
7511
5536
2765
23559
7169
4312
6856
846
4122
19761
7465
12579
4456
18678
22022
12358
22524
21969
3890
17821
11916
4942
13878
15620
7970
20815
3843
23539
8019
19265
7344
18200
17806
7472
1122
4025
10992
21022
5385
12516
12969
10404
12390
7517
19191
15343
19415
101
1479
7781
10419
19164
9684
11760
4322
17755
16611
9110
10209
1179
203
2629
8241
2931
9946
9337
947
20071
21921
14487
11521
15745
6313
9998
22747
11149
20450
12298
16738
10488
6904
12776
6575
21186
16410
22211
6620
5402
4462
14329
9552
16600
8769
10417
1714
16150
7447
18932
20902
5437
10877
20445
9022
1964
2635
21039
19524
21131
15595
402
2144
23598
2616
780
5107
261
8717
24486
15061
15771
18398
16232
17259
18318
12359
24250
3036
3944
2975
13556
224
2906
11684
24660
7337
719
19010
17226
11281
9241
3320
16068
8685
19896
5926
22907
15937
2554
6683
15072
3202
20343
18694
3359
10053
11702
10045
4245
21616
18917
14286
19750
10546
4152
11806
21673
8027
19572
21833
890
15619
24388
10715
12468
5090
18313
15376
10173
6014
4218
21518
2258
13956
19343
14887
8057
8836
24712
20735
2159
2398
16204
19807
17037
24621
19900
7556
19366
4477
20430
247
14491
10890
9224
21856
9420
16470
15266
13178
10765
5223
16772
6227
2458
1904
945
3096
20825
22877
21303
3310
23058
18428
7030
8255
14321
5106
3214
24083
9484
13084
21933
19689
6105
9074
1090
22781
7017
24614
14270
5801
19430
18026
6473
13007
2453
24108
3900
24120
23936
22737
18812
18022
22593
24967
9578
18862
21733
10229
10081
21842
22124
5909
17613
8379
22873
15247
23006
4620
22462
24029
9658
22388
7548
6183
8554
6162
3906
9519
7922
21595
5911
609
1757
14717
21051
1876
11230
119
15872
8433
19709
4070
16688
10358
1934
3773
19546
15080
2643
22946
5379
24344
24053
17347
15157
8364
18267
18993
6127
12661
22233
7783
13686
7219
12770
3235
24599
13414
22855
14052
20196
18567
6823
21257
21381
13050
19107
13139
15008
1776
21078
21169
21869
650
17313
12178
10636
9714
11322
9406
23963
8394
14800
20580
14364
2713
3338
14698
19486
18714
15334
8268
21914
5804
22466
18942
16604
20616
19270
24470
4028
2274
3633
15728
13247
303
5975
17570
16487
22685
24826
21676
4715
10062
2379
23318
14066
12852
4401
2134
7450
6885
21878
10828
19032
1297
20958
23228
541
14596
9031
4602
23979
4857
15048
5184
23075
19078
24935
21376
6496
10503
21011
7859
17554
20311
4576
1679
9435
21943
22120
9910
23949
23946
16122
14945
14394
5905
1660
18954
21559
4899
9421
1009
23453
13088
18517
16514
1398
10259
11419
18814
3229
4834
8868
18693
442
19069
14252
18661
9976
8936
3560
24214
6933
8964
11242
6991
22273
9252
5083
2575
2366
5061
3382
9606
3055
13036
16567
14525
3757
9256
13021
8108
15738
20954
1956
6813
17865
11693
20604
8932
11545
13655
24903
18144
2899
13712
11261
1189
23483
7515
598
24822
12825
16741
544
4517
22491
23013
4642
14957
14637
10385
5622
4662
22970
999
5093
18504
12093
12308
16671
17315
18632
7185
12497
24259
16374
19480
8393
910
21127
8912
21907
2699
17585
12906
13494
7574
19659
13415
14085
1883
13225
8809
20031
17633
12740
3278
14888
23312
20462
7000
7782
7812
9760
19089
16541
22404
21449
161
8785
13184
1475
17048
18625
22578
997
7153
17840
20837
10018
1878
18075
5188
17329
19988
11570
22459
6176
222
18177
5139
6460
15776
1637
21716
3698
22069
17558
17085
14241
15307
12858
16285
265
14657
1966
18613
12615
19995
6670
12671
3932
11757
7507
19419
12087
1658
2180
15519
9868
1087
17960
1515
14762
7325
9595
13118
6011
14207
391
20007
18855
10162
16783
17390
5436
16991
14111
8686
1896
16649
174
23445
20586
6167
12164
19628
8036
18110
17914
17296
584
16689
20203
15201
14402
13250
15086
2873
23916
6358
17587
14889
5748
15113
13998
16042
20514
13408
23107
15632
19492
12213
21427
1097
14752
16460
22275
8898
16099
5101
4211
19377
2175
1420
10440
20553
3061
11849
22687
1365
14520
3635
9547
2960
24371
13282
20851
13426
5610
3802
11203
20621
11834
21514
22095
8547
2697
23632
24562
21662
11070
15982
23276
78
13336
5198
4398
21133
11669
12117
20349
24058
15579
12975
1434
9610
3439
10022
11228
20040
24995
2841
22465
13086
22744
14138
603
4480
515
8840
6319
17846
19776
16728
19730
21682
16522
1349
18928
10870
6262
2285
22020
15463
8392
5599
4880
12371
213
18253
13008
3147
4233
611
22875
3729
11164
13979
17158
1709
14885
6083
21240
22856
2311
22979
11352
11240
9325
13215
13882
20133
19923
4375
17092
12507
10414
16397
9148
20809
19333
9921
6186
7309
9848
2428
23441
18636
21480
23336
19890
22202
11946
4897
3790
10872
20088
12898
9931
3888
18291
16965
5740
16067
14679
7628
17304
8418
21135
2969
8945
22421
12393
4943
21700
6912
22200
19344
11811
11327
7945
19963
16144
15669
3620
23938
6619
19965
4696
13833
7919
4505
4975
14189
16550
9955
5307
23242
8716
1158
7498
12548
18477
24823
23137
311
7742
1156
21844
18512
10688
13952
8911
3602
20340
8571
9713
21442
17082
21107
7131
9188
16693
19530
7400
16593
9441
43
9415
9911
20419
5897
16483
20422
4481
10401
4518
21825
4541
23087
13720
18772
19226
6124
19076
13132
48
24586
12779
14545
14086
7646
20971
1770
704
16672
10244
3902
8038
1068
19072
15037
9576
1469
21640
17336
2490
12850
6329
18676
22550
11127
13289
14028
12676
12422
6483
16205
13771
21773
16316
24870
14158
24986
8165
5124
19786
346
19375
9933
13569
22749
8584
21760
19691
2084
24340
23744
23619
7634
4673
5503
21005
8784
4871
18111
16235
23256
23577
1891
14652
20174
22512
10916
8524
15073
7255
17316
18233
4412
23262
4251
11354
9381
17500
14087
13368
4639
17905
15176
13425
9376
9715
17993
23745
3253
2112
10492
15159
6050
22308
18272
2194
16553
2013
14792
18545
10357
20715
14966
4042
22265
22377
8062
942
8865
22754
6094
3750
16497
19557
12625
4947
21499
21780
12061
18987
22506
16997
22638
3799
3427
7897
19887
2166
4200
10108
21578
17363
23177
16312
14765
16218
5747
14127
14388
24933
121
5854
4961
23700
476
10619
19991
978
3916
12235
24174
20222
53
14009
8498
14145
12916
2464
5484
18386
13992
16172
7629
7766
127
11264
3290
16908
2425
13190
15978
11215
6752
20591
18468
6944
16829
20719
5907
8410
13018
3000
24560
714
23748
915
22647
12604
20413
15640
17230
2444
21840
24740
8031
16694
6081
10368
11477
1598
23079
9573
6503
185
19738
7573
8468
8768
10228
21043
24523
12735
22942
16134
3668
24457
3139
3520
18340
16916
23873
8843
6490
12641
5193
17545
13234
12495
21990
9274
3252
3641
12248
5521
11501
3146
3280
22107
11671
12066
893
17891
4667
22045
23927
1821
1960
23582
1781
12955
16373
14883
15105
21361
22136
9242
19161
22994
1293
7717
8724
15810
6884
10832
9035
24600
1201
3456
22615
19826
5002
4504
10730
14563
16621
19936
24864
11562
8201
20281
15513
11959
11781
23603
17123
1066
4142
7741
19911
16334
6798
5140
16376
12731
12942
4313
8576
7330
874
14399
15710
23609
23516
10437
7282
21940
2154
22053
8372
9291
23157
17938
5817
21641
13692
9099
3530
19305
5944
11596
18223
4291
6425
6742
4810
14608
5355
2170
3275
24506
15164
13971
8130
4538
24234
24211
11971
9942
3917
4670
21615
23481
18749
20830
24080
24405
5892
14751
1332
11198
21543
19669
1261
5662
3102
6452
20041
13274
1790
5491
23608
1755
13572
9044
24346
4053
19284
12723
16591
4141
6653
19249
4713
21851
4154
22284
6249
14011
6330
11102
24073
22050
14629
20558
12879
22600
15186
2953
21827
10152
649
13911
18815
10810
21202
11239
16393
10231
18741
13685
17862
22444
23103
10926
17485
17456
12476
19297
10199
19794
10677
21331
22567
11841
23781
2543
16073
3237
20218
21367
831
17490
3778
10626
3471
6851
24359
21584
13004
3118
1886
106
21187
14006
8689
3563
13749
2984
11827
2512
17097
10299
6679
7018
17393
18989
23741
10813
2572
4432
23715
814
22196
20110
19521
16510
2211
5338
21188
22930
17822
9457
8738
20812
17134
7687
17253
13359
13899
6802
5606
11347
1392
17936
14685
15768
5880
10436
23
5098
21010
3257
1626
19453
22334
15342
18494
9477
6505
18254
7441
22559
6420
3478
10675
14079
18842
11973
14904
24092
14073
8225
12849
21018
7596
10351
18285
11262
10577
13109
3914
22141
17223
14018
11542
15794
24141
23925
11577
13094
20142
13228
3045
17031
12391
16529
15158
2972
10774
19493
22727
12151
21467
22783
16198
5851
9105
12220
886
13962
91
4018
6188
9983
3922
21614
13254
19040
13641
2771
14466
7320
11714
19541
14836
15251
15617
11133
2528
13447
23565
16700
6064
3192
9697
9669
8643
20581
7453
1946
19173
902
4331
14053
11035
16451
13095
24350
2292
1855
14973
9299
23070
22586
12103
18891
155
18738
13351
5378
2703
17229
5265
9784
6039
1005
24709
22455
21132
13710
6785
14982
14154
16854
10762
19780
15598
16123
22827
8822
7449
1872
18702
24502
3699
17127
6761
18695
24981
9977
24771
3145
22694
20529
1369
7262
18767
7436
21336
13884
10580
22091
21877
8570
19172
14222
17737
7014
2513
13345
12611
19177
20603
24687
4198
2813
23444
16103
18056
1875
6449
2141
11422
7909
17098
7303
1312
20075
11537
22215
12129
1176
8831
20739
1382
18119
24728
12281
17524
18147
10761
8633
13910
6689
16309
5394
14441
18733
6128
11211
13627
14722
1705
7387
13479
9749
18604
16870
15840
23710
18202
17279
2700
3189
3285
17069
23389
14025
15272
23159
13721
10609
10752
1596
12823
17406
8653
9757
1375
16022
21276
5654
15312
24436
14678
891
21491
12950
6922
20084
8178
5769
18088
6896
16555
2696
20331
5187
21214
7814
5080
15335
4782
4460
95
4955
14057
2255
1852
18453
12600
23509
10988
11182
5481
17136
7152
3872
6762
15575
13895
4892
22967
4232
7229
16001
15246
19570
17566
254
15431
24537
2131
12254
18863
4726
17364
18819
13098
1235
22146
23076
20228
18341
22558
2628
3677
16779
5716
17301
12202
5327
14625
17746
24177
2167
5233
15308
9433
16033
3150
19046
23061
8048
7130
1159
24043
17183
18483
15232
15378
24434
19749
19897
22780
11016
23200
20530
13361
23646
21863
12260
16820
22178
10876
13182
19510
19946
4805
18139
10976
948
22750
16615
9154
14065
15688
22773
1029
4647
14531
3056
5659
790
8712
14777
17586
9739
17812
13433
16087
14757
11719
22213
18243
22684
14104
9538
16919
23436
6086
11534
11597
20680
3696
20202
8262
11499
2374
20734
1129
11828
3393
22805
20029
20398
20898
9117
5683
17794
17947
11460
9738
23374
7576
17260
1493
8512
18658
22825
17224
18913
13902
1060
23804
7424
20259
22514
11071
15718
19019
24300
9908
1377
13363
7791
2449
4514
1997
16332
10025
13816
1814
21879
24678
10880
14669
19118
23765
8035
7338
17900
24173
21922
4934
1683
12132
18225
24479
19278
18794
2471
16843
3088
950
22408
24650
20335
19919
18052
23069
21500
7606
2069
2521
12923
12350
23635
11116
24932
17325
18028
12539
8632
24556
4442
11263
13510
18378
11954
4727
14884
18460
5243
2152
22916
22348
11872
20247
18037
765
16151
5116
14256
10060
9895
2427
655
8781
16825
415
5894
15420
13660
22759
6586
9237
9637
18966
23324
5643
24575
20678
15679
11527
15191
21747
1774
7618
9724
14735
15469
20239
24587
390
14123
13223
11725
8821
18083
17515
14292
22486
21238
24396
7324
4957
2750
15591
16531
451
10878
21708
24996
13394
6531
24533
14063
10217
11004
1414
11873
17047
19092
21281
13819
17555
10088
16980
10102
21423
23272
7530
19379
7537
10653
23580
22349
21991
22089
19385
8467
7031
18456
23308
8808
5347
9353
12934
4408
12089
24997
9240
23613
20162
24581
1299
1993
5441
21239
21298
12833
11509
16896
5504
16568
16984
6423
8679
5986
22399
17079
15397
3094
6958
11791
2457
3539
24291
20964
24061
16233
19370
13268
23379
20429
19862
14214
9143
20770
9183
19534
10923
10508
15890
15109
9559
7817
15446
13035
7564
7904
5611
4844
11676
11865
4688
20284
19235
22853
10292
20996
14082
23712
15606
4733
14254
2639
21826
23535
19273
1145
6715
2150
14997
6891
13249
5171
9698
4278
19467
13869
16024
8473
16282
13523
18403
18009
15227
17053
17070
8937
6073
18510
22154
1516
7125
17435
15975
9828
18005
8958
21275
24601
2302
11129
15338
8743
21100
14974
4187
2704
21418
3942
14050
12274
19658
18880
24633
19071
14899
2313
19520
19895
8757
20393
4068
24347
6980
24246
21530
4118
14514
17663
23091
17844
15996
2402
3452
16740
4567
9358
24223
24084
4451
22710
14613
19026
18956
1403
23083
3219
14840
8361
11160
16432
12514
12461
17505
24998
5860
291
21875
14448
9771
2446
4273
20297
23817
9300
11480
1917
19242
8756
2800
15808
17376
17062
9439
3849
3186
15574
6521
10074
18319
24661
13584
20310
18908
873
23021
3958
6471
11938
7200
23175
19532
21142
7364
22490
11930
22682
425
1736
1746
1471
10952
20718
13283
9629
3809
15024
9122
14202
5404
3721
9333
6717
17874
17466
18091
17842
17622
22354
9370
13520
7100
24806
12964
2757
623
18348
5831
4120
21460
2136
9058
2674
3949
4046
23422
22701
20653
24342
324
4257
24351
15178
14356
707
12523
15851
24595
4746
4507
171
17827
4748
9091
21201
24762
17919
9806
18283
24404
10352
20965
10463
21034
11464
22481
1670
5440
9066
15118
8313
17046
18330
6221
1606
5957
19752
21822
3108
15142
766
7218
16336
2746
19413
4994
19640
2187
10773
10794
7089
2706
15402
569
14871
23684
9811
10800
9347
14210
2105
15467
10331
12289
5562
18728
508
13511
6703
17705
2964
522
16077
15214
4230
23898
12938
23099
1500
11779
11750
20045
1591
8535
7824
9405
10296
8569
11685
22891
23562
14663
20302
9387
23738
23191
9765
15553
7266
6118
3047
2121
3767
22390
14538
22441
23615
21886
5828
7689
19330
23636
10227
16244
24135
14453
22391
2900
21168
5006
17307
880
11947
21719
919
14621
22118
23973
14506
5283
19678
13855
2349
10293
17913
5367
12650
8233
21796
3545
4660
1595
1704
23433
15330
11846
22062
18387
8421
16016
5387
6341
12901
13380
17700
21678
6450
2947
14283
14976
16147
17665
1317
11432
17677
11902
24106
13533
3190
2217
24604
5382
16653
755
1913
14267
7961
4566
4407
16106
12398
5064
18373
18685
15970
6686
21868
19964
3464
22838
11856
4849
9100
12783
15558
18652
24176
22895
20810
18707
16832
4127
14397
22240
21998
757
4636
17008
24520
842
13674
20997
2594
19337
7161
897
22396
18259
485
18458
1236
17843
13854
23148
6430
22952
9250
14653
4355
15655
6724
13063
13939
14064
12144
12962
23649
14662
8246
5452
17530
19721
14400
8931
1283
20930
3724
22307
5268
11516
5235
725
208
10117
5474
12803
21554
17211
20400
15177
9112
7209
20600
1482
13367
1172
10850
24462
19937
14952
5922
6305
22788
14219
21355
11357
23219
4693
2491
13785
14501
24966
21548
20309
14844
4317
21693
19596
21485
7604
20379
23664
20131
20451
11818
126
6650
5689
20727
14701
22115
19633
5555
22126
21012
2260
18717
16429
9055
6815
5260
20467
9377
10638
13355
7078
11751
21585
15078
8617
300
857
3774
6745
19837
9017
19238
17052
14058
19898
4967
24207
5399
2079
16765
4816
19053
2667
18550
19892
22591
21438
753
3383
5667
5300
2369
9292
19872
72
10130
24387
973
24847
17605
23891
20457
11850
23275
19245
14497
12417
19732
10270
23316
8302
10163
18125
17509
6344
7966
11067
5153
20778
14965
13159
8793
20141
3126
2076
18136
24455
8713
6645
1002
8414
10337
18543
117
21250
3455
22960
18390
1096
8362
18475
7933
4467
7058
4559
21751
4618
7128
1526
16888
3437
22188
21387
3328
21007
7823
6046
11113
7168
15639
1552
5192
2824
20351
16941
23931
24721
13647
17012
19948
3164
5915
9014
18614
8309
14877
4676
9673
20563
22998
148
20650
10046
5216
22725
19262
20637
13928
8596
14649
13702
24025
23583
1677
21384
10922
2636
19599
24014
14696
587
2597
18175
13216
23813
9249
20679
13700
16739
9013
768
22817
15230
1708
12742
23782
14228
270
9281
22964
2885
9643
5902
2734
17140
20598
15766
18382
17681
7729
22345
8162
8079
22479
770
14294
24905
10010
22604
16810
23575
12768
22775
13097
24071
11554
958
12522
21959
5372
15934
10867
924
5
24759
10257
4832
4512
8608
17171
13467
21764
3160
1822
468
2745
17228
20167
24782
10427
4060
18080
2000
5237
7552
14838
20469
19846
22961
366
14206
5951
3565
6164
21225
17797
24830
10614
5699
23718
11829
20918
15273
17462
15315
8951
17670
11993
14929
5284
10091
23255
24582
9470
12784
19199
14864
3856
7504
14295
15480
14850
688
23759
20983
14674
1370
110
9947
12470
14776
6109
872
7027
8279
9646
3458
6859
923
172
4767
23329
421
22636
17
12895
17340
19757
38
6535
24861
24658
18532
1135
14723
22031
8113
20574
17468
18310
12460
17882
23579
19701
5868
12327
10640
6657
24280
5661
21408
11815
20843
17650
12380
12231
8283
12459
1832
18068
22921
23432
8505
5811
17146
13621
22370
5328
16261
10161
23037
10936
3267
24490
21967
11643
7165
12396
24776
9804
24438
24276
14033
24837
5615
1244
19755
15426
228
4399
386
19882
7501
3675
9208
19202
3167
19422
19182
17952
20904
20265
21422
4874
12496
11335
21824
14922
1467
8829
10654
15893
24121
15007
1868
165
6223
11064
160
10372
479
18593
19558
10570
13146
1410
8852
9481
8119
22090
8463
8968
21333
12685
11029
6434
19038
20384
4937
18358
17002
9940
15356
9067
482
13573
23185
5306
15154
23348
10681
22237
22705
979
13120
3211
7397
22632
1305
10326
20407
16186
6966
3770
5631
500
23600
5097
19488
23880
20652
16090
6574
23797
2797
23401
15612
3786
22564
2125
14039
1639
5397
8166
7759
4809
5717
19082
18978
21516
5345
20873
23857
22495
11187
4902
1747
21058
16509
16339
6254
7581
7695
14768
1819
17286
5173
1567
24082
13125
19994
3901
721
10050
19090
18716
22580
10381
10683
5789
24075
21583
4191
14077
14622
5856
21768
9496
19715
283
17344
19487
5767
20294
5122
23883
21439
16547
19593
7958
9532
296
271
4777
7355
7684
23217
20367
5617
1729
2998
20828
24204
4917
3928
7957
24390
12155
11048
14802
13278
452
827
7322
16589
14604
2836
13977
22438
1777
5509
2988
11648
15195
3255
8273
11331
16179
11776
16127
5151
4348
24140
15551
13034
15740
22824
16272
6716
18301
24532
21925
19566
14001
13194
11099
8782
6706
7658
1957
13066
19383
14381
12919
16130
20648
22437
6467
10189
7535
20164
5597
17141
20779
8727
22644
21206
22939
1286
4354
15888
14034
13025
11967
14828
7577
23792
1064
23994
2058
24968
17944
11525
4720
16998
13290
15686
14361
14578
6155
524
8687
1032
5047
17508
6812
13339
23990
13128
6197
2517
13651
4528
15453
22140
24733
23862
5580
754
4126
15292
5449
13870
8545
45
21645
23353
22317
1769
6361
1336
411
13843
12769
22831
5639
20444
16097
2804
709
15413
13472
16651
1817
10854
13688
8299
17501
12228
24865
1128
904
7348
3981
2168
4629
22015
17696
22686
21310
12854
7080
7868
7028
18036
12830
13800
13449
13074
14756
2602
23791
19563
6988
10
9200
7793
5935
9551
4092
9568
20623
4363
21464
3542
3477
16222
18489
1266
2059
13615
21783
3422
3861
17035
976
14743
7092
13537
3624
11888
16341
4361
12664
8458
1945
7381
8736
11713
22162
21411
19257
677
6366
13857
14590
15947
10734
1990
16855
10539
22357
7698
16598
21531
21601
14782
742
19396
16296
20520
14682
21864
2394
7780
22251
7484
12932
9777
3198
22646
10471
9879
14014
12123
18127
8092
4831
17091
14478
10915
8395
5329
8464
20358
773
4201
13446
11694
2981
15586
8158
15199
12097
17618
11026
10785
13950
16536
5693
6693
13152
21125
5998
24415
14814
6764
6067
13813
19907
14169
13110
5498
3935
23089
2657
12086
13299
17556
5531
24954
23155
3284
18449
8921
21461
14401
21055
10533
9238
4841
18866
5964
740
22414
23560
10311
18502
20460
5692
24788
8280
602
3551
7198
15649
21563
19935
18371
24152
20128
4235
3226
18944
14784
499
19093
13312
17661
3466
1724
9817
4979
23675
21171
14137
19408
17067
8070
13214
21447
10642
12465
10151
10013
13441
13473
20934
17422
404
23029
13908
15759
15709
12613
21241
23462
20769
15390
17372
23362
23849
7367
15674
11080
17715
10795
5108
24034
14971
22849
16989
2501
6931
19616
14599
19713
9356
21607
12276
21307
817
21534
23652
18459
10131
868
1449
18241
16447
5290
6540
23665
22255
11399
2184
5978
19605
5829
9309
4125
10391
19268
14229
21793
17611
13221
5247
6888
18648
14996
24474
22000
6969
15256
13437
19672
17108
20094
1766
624
23588
4779
1182
5492
20802
11530
7750
16032
19885
5734
8588
17965
19931
5612
3124
2625
23310
20359
21968
21955
18703
15294
13505
9447
14442
4833
7239
4177
12404
2564
7852
4521
20927
4684
22547
12397
13719
7547
17981
9846
1667
19331
7222
24090
19814
7669
6528
23125
9929
2269
3259
5516
22056
17641
20245
1687
22410
9357
19445
14495
9030
17121
23156
9236
5134
7188
9464
8124
15411
6613
24924
3480
15069
5401
17617
13905
1808
20484
12736
18159
2875
8963
15907
12763
12251
1948
3625
21636
22210
6196
20099
22574
5191
8891
2336
14353
2413
9571
9268
6134
4421
527
11730
23302
19620
10461
12636
1700
13484
1969
15036
22843
8160
5164
9219
24703
21765
21672
8661
11023
4100
12270
5787
5974
4971
17892
1421
17876
23893
11798
6590
17250
6774
1121
19361
15941
21315
395
21814
17477
7452
11937
11431
3402
3798
8612
4700
16617
8934
5210
12209
5635
3886
20404
16830
4259
24323
12044
625
12139
20369
7342
12599
3454
2868
12974
20552
11364
6154
10176
9097
17199
23309
20698
18901
19503
22906
17972
14699
21512
12713
8797
2257
15611
13499
5641
15671
7288
2041
10875
10056
779
4560
4928
23940
7914
18584
7921
18936
12626
3224
19635
19694
566
2626
7156
16176
9953
20062
1561
668
4755
7415
6522
11612
23549
13156
10745
24598
10468
17004
528
10793
4238
10721
11450
4384
17497
21146
11247
13498
14829
7910
21561
20913
8551
7749
8728
8053
14198
20119
3687
4970
63
5657
21893
392
21134
18195
3122
20312
11871
19511
21052
3200
8347
1212
1038
66
10470
21962
8779
7154
17801
3461
3999
16543
2397
22738
23380
9444
987
3141
3153
24664
13949
5844
5163
17694
6054
22980
4868
21904
9166
15504
5414
572
4756
16639
6487
20492
6592
11526
24410
18606
14584
24750
4877
11941
12561
11434
14312
10459
1006
22620
4019
16011
7409
2595
12435
12808
20298
14715
12216
14408
10644
14994
7259
11374
16971
8920
11055
13508
13055
20707
1296
8120
5009
21648
14548
17835
17845
13281
14585
8970
19477
15887
16857
6061
21642
18368
3420
10627
11436
17025
23257
7735
11814
8190
21839
176
15001
12687
10982
7386
9746
302
18591
6204
2230
13699
12210
7138
9680
2163
10699
16906
2253
6777
7071
15386
19210
15093
12069
15862
9121
7626
10661
6655
10997
23288
15744
13830
19035
23545
17441
15966
3705
14190
1209
8128
20730
7808
2935
438
870
16933
19152
9329
24972
14797
6874
15179
8707
11438
19380
14424
23249
13863
15293
20143
15088
17724
20861
11491
16928
18525
1701
21736
15270
10748
9634
23136
5041
2604
7401
9974
16474
24540
8322
22227
18129
2880
12547
7839
13623
22828
24492
24748
19441
5063
24403
23491
23944
10469
11336
19129
2727
17433
1607
9468
15190
20157
13260
10485
5601
24471
3964
7589
4532
19502
23463
21458
16094
18412
3777
14426
10783
18265
4340
16884
3992
1512
10335
5994
23435
11575
7420
5527
14519
8409
20037
24376
321
10230
18500
10361
294
7091
3408
16264
15347
2056
2720
16530
8441
7994
11884
5046
17355
2917
20256
1290
14191
9527
23010
15206
23930
21513
22350
7340
22353
2165
15321
12840
3823
18169
2952
4209
15234
12841
21120
20884
3701
54
14611
5465
23594
7801
24466
18965
4939
10928
6443
15371
14335
23183
8744
159
19956
17866
21216
166
546
18907
13609
8671
3401
4747
18064
22445
23201
21425
11216
15705
18178
17744
18639
22903
16878
18269
19449
883
13716
20315
7208
13385
3739
24848
6245
963
2955
4689
7792
21392
1688
6941
7137
9662
8111
15221
2442
21363
10190
8527
23770
20695
18058
20771
13914
24306
3765
14197
24064
15006
6972
15550
16142
8167
4664
13894
12643
19844
14067
65
21040
6556
16845
22858
24768
3977
16307
12479
4081
3581
23351
5326
7843
22924
11987
22680
10731
8127
12582
17969
16705
11997
21265
2126
1999
22791
2642
9747
21004
3613
7459
14162
13093
16838
4986
5323
11222
1534
3216
16154
11817
1517
15641
20531
6868
1954
22493
8352
12395
22065
6104
21330
22111
18596
2075
1918
2766
15268
12571
8039
4860
14276
10172
10651
24272
3974
19407
15895
19992
3491
16360
6226
11250
6340
647
3077
9010
19788
20489
7195
16528
17187
11765
5735
6010
9431
13797
18953
12088
12021
15311
1778
18935
994
19442
19398
7645
24662
19682
10718
555
9902
24970
2994
20593
2450
4306
12585
1870
8654
12970
7145
10031
1344
9642
15418
22990
18196
3246
18100
11312
17190
12909
9510
18736
18580
8776
24647
19431
20191
12670
13922
22767
3250
6168
5603
18546
20225
8090
1730
8947
6125
8453
20565
4870
23751
9627
2640
15433
21098
7413
24206
23008
8074
13663
9831
10939
15215
19353
14535
2850
17904
2638
17161
10750
16430
9380
14639
23561
6893
1617
7134
432
14473
11392
22003
3095
6807
4199
11582
18833
11233
3027
16238
18683
4347
13642
10058
9590
15642
24360
6718
5945
4681
12689
4487
20556
6508
18490
7098
3952
2684
12138
3599
18952
6831
20495
5217
18688
18533
5882
348
5305
17276
5291
19234
15286
3115
19665
23330
7425
1807
24797
3771
18825
8847
9793
5924
99
20185
11819
2307
9748
17399
14398
10962
1723
10790
9008
22051
13753
21143
2480
13271
17894
6479
13595
12304
6937
11397
12993
8099
14772
2507
8900
17409
8153
14387
23933
14051
22765
15829
10816
20197
20782
6318
8630
8367
6784
801
23772
3884
12834
24688
18332
3738
23548
22263
15750
4883
3006
19098
23464
24887
20712
125
16603
6303
8835
7872
21294
24796
371
20442
21477
17819
11906
21961
986
7978
22430
16556
4237
3783
238
11299
24859
16726
9768
16333
2787
8197
18327
3089
4015
14713
8182
3034
24391
1837
20412
1743
21357
11664
12126
21377
4111
22699
20114
4910
11958
20190
6267
13001
23743
22337
7261
2006
459
17739
8886
15097
7540
14146
3934
17300
21655
2466
16673
13689
277
21462
21823
11914
20262
2571
8704
2599
18612
13590
13157
4792
11908
11547
2061
520
24607
3950
12221
1732
17561
18436
4812
7172
24500
2566
5931
11777
5353
16934
22959
11398
16241
16133
7572
13713
15366
2467
1496
16592
875
8903
14703
14646
10017
20491
8557
1073
15430
12264
6469
14094
1453
12739
9368
10519
24923
12526
23755
17125
4846
17764
4858
11207
967
23616
5579
17095
5874
23323
15963
19008
14165
20538
21566
1460
21629
662
21256
15676
19634
14749
9615
9436
7730
7813
21572
589
7265
15935
3381
9740
2070
7575
23788
1079
9869
13624
8983
24417
12285
23556
8117
11018
16250
13188
20689
20148
11037
17138
8787
18565
3858
16771
15691
18509
12214
17338
24002
4346
11611
6353
12705
667
17058
18072
16196
16882
19735
871
1226
11377
9365
7474
14363
3113
22147
24195
17160
7727
7665
14734
4785
23954
6405
17576
6372
8928
15212
19889
6773
8151
12848
6192
4341
23403
24407
4795
23708
4594
20065
1287
20361
4626
70
9750
5850
7512
23485
10633
16875
8148
11420
18677
2383
10591
14369
16782
8618
23760
10037
6875
8961
14318
16773
5118
15700
11739
22893
1160
23573
12116
24876
13089
11421
17704
17074
24499
14785
13542
24110
9534
1542
15896
8243
14963
4461
16472
9582
11919
7241
13791
2294
18795
20277
18709
14251
21942
6382
14896
22570
24973
1228
23696
911
12935
11580
19712
20683
18440
13548
4889
3631
16237
27
8801
2529
21496
5796
8271
7480
19798
14505
21521
19670
5364
1800
1193
14985
11960
10692
12023
11345
14862
20176
13206
21727
18878
3291
12703
13399
23796
21725
24315
5351
11915
19820
14791
22494
19254
10168
20266
12474
21997
6190
14694
23430
19942
17383
8604
6746
19286
13887
7196
19462
11743
20561
12453
448
10115
14921
17261
889
9667
15765
8046
691
9863
17086
1869
11691
20914
8266
12759
3671
2403
18742
13735
1930
15994
7368
2833
2732
12972
55
4221
4203
23707
12824
1056
1454
16371
8203
2977
17118
5375
237
20006
7371
8272
12094
11675
3688
19458
12614
832
16047
21021
24641
13129
11217
1433
19753
708
16956
13046
16020
7384
1630
17233
23259
15976
12114
4904
11672
5849
18135
14396
1618
21553
8419
18317
16044
24527
4519
9594
22590
10691
5785
23434
7377
24101
24004
8933
22278
13140
21286
23130
15944
4803
15905
10579
674
23553
16245
16407
12563
638
18326
17867
5466
7421
8052
14522
18708
13292
6076
11911
9293
1026
7345
2677
24097
17599
1331
14627
7890
6667
5196
15673
17493
18856
21344
22169
24352
21730
6987
3556
20826
23053
12167
2287
13859
7893
10450
24747
5133
7233
20025
15731
17054
18789
21670
8082
23106
16402
7715
15635
21339
7039
5857
5630
4941
19351
20353
15115
7473
6089
5231
16191
22531
12456
1758
24398
16017
4546
13553
16206
7249
5788
8251
13378
16656
17220
5168
18995
4780
8625
7549
6880
3640
11221
3915
1608
19768
14184
9001
1249
3405
22621
5383
13087
13696
11843
5794
10370
18834
8138
2198
17550
14055
687
4926
24842
835
3436
15071
18887
2417
2580
14565
9172
15902
4978
10101
22637
3816
14801
18496
21309
5970
1252
21637
9619
13772
16570
10444
3317
9924
6300
4686
3850
19163
4711
14273
7984
23998
12027
2838
3470
12486
8926
5149
12354
7588
16735
996
23227
307
10134
23431
6581
293
8946
15918
4954
13527
17221
3500
21356
3286
16616
8503
24386
6501
2568
19944
19451
8304
4073
14231
6035
20749
16236
2744
14808
22588
14822
1520
13404
14624
15645
23793
14750
4105
21790
4367
4192
15774
24644
22355
5068
24357
17032
10478
11983
20317
7728
16561
19437
9782
19247
24746
12973
21233
15903
3295
21896
14083
14217
19140
5179
4071
20631
23134
2216
6532
19748
17701
9177
14250
11735
11747
22199
9322
20767
8491
32
20534
7825
4483
4582
19976
20527
12917
4007
20777
7079
2649
22988
18809
18672
10965
21884
2961
19702
9332
22532
12989
10303
5036
20732
23534
14446
18435
23798
14
15760
13147
11641
11610
17589
9611
22546
20636
6881
726
12651
19545
16495
13963
11523
11073
9402
10499
15842
7207
20102
18664
17255
10514
21924
17581
5616
2762
19804
12715
13198
914
11876
319
22867
14825
15968
6385
8676
5893
17527
23870
13502
13582
19744
16225
14314
9614
20236
15146
11190
9897
12617
18544
8792
22246
14469
17117
5572
2010
1023
17346
12077
11293
17757
2470
23731
13867
6100
16277
4830
17719
20610
5703
9323
4944
10282
20886
5072
16279
15560
2073
6133
4378
628
5710
22922
17800
1255
2623
14882
19637
11845
13961
17604
20893
22322
4581
3296
23780
18763
2570
15020
13745
24988
6985
6799
6646
14610
20986
8037
7410
23413
17910
8761
22618
5724
19404
8929
4950
19418
6194
17886
17723
22405
21362
20740
3564
15894
2971
10882
11723
5781
653
15761
24260
6577
6485
13931
11710
18304
10723
17436
16982
18098
18205
22324
18493
8960
22028
11498
6713
11430
3240
17184
19649
12653
12020
15764
21116
20943
3026
1675
18441
5225
24677
13122
21436
8068
9604
789
11957
4445
19955
10573
21677
10610
7838
13969
21988
21734
9338
13104
4431
22996
21469
13024
5362
10422
18070
20389
13783
4389
14148
16725
11472
7861
24314
14174
15448
9006
3196
12550
2243
23169
7533
15520
22282
17356
11506
22131
6786
17014
17730
23003
20234
1281
12680
18302
4663
19551
24287
18835
9227
0
6918
952
26
2775
16560
17145
23601
15589
10271
11121
20768
20268
24085
11013
4683
8141
5887
14372
5653
20387
10838
7015
20000
15112
13643
21062
15616
16446
22194
8655
20863
18803
1928
7390
17743
11881
8637
22442
180
9980
15511
5973
19143
14943
5352
10179
20611
15704
8669
9290
1094
6945
22012
23186
4332
16625
22336
20456
9034
2963
1418
692
9654
4927
23816
13598
18081
218
21771
8864
4612
5213
3428
16627
260
1995
20048
1581
24066
22912
6390
19554
16921
15545
14740
10693
10256
9635
7623
2421
15588
15909
205
14126
2644
774
1183
424
20917
15857
7499
11546
19319
1619
11008
17590
8248
18609
15809
736
12447
1727
12016
10426
1456
14549
13723
21928
21166
11782
21260
9722
4762
13326
10917
17837
23423
12072
8870
5493
12113
10671
7931
19908
8176
3755
18634
6756
877
6113
4268
14045
4886
16083
20034
9352
6087
22862
21617
2481
20890
24389
19746
21008
10739
15967
24928
17038
18670
13468
19581
23786
22963
22309
18853
14616
21920
18535
4337
15707
15260
3326
3792
15439
15205
23057
21136
16345
339
20080
22174
2483
16715
2256
20566
16540
21279
15659
2634
16284
23985
18120
13258
17457
14047
15672
8832
9875
9178
21587
9725
1075
22272
6731
22803
3791
23533
10552
17814
5398
11006
8967
8026
3595
8069
561
18011
19661
24638
7223
13324
24067
12025
4091
7113
12156
21379
833
12035
4646
20988
21737
13323
17196
13708
18455
7429
15998
17475
4076
1668
21373
18647
6677
22223
5497
16128
7639
16501
23863
10083
22101
20708
6158
24335
10453
7158
23971
12238
2760
15663
10191
11291
18251
9958
16742
17718
12701
6383
12627
20465
2045
23774
15621
24057
861
16146
12537
3013
14194
11813
9269
788
8244
16569
17675
24557
4423
12574
18431
4680
8397
3573
16630
4921
17278
12575
19857
16877
17236
10269
12589
22077
6058
23301
6370
5538
12554
3833
6147
15264
12592
11767
2218
23429
3306
3161
19371
5199
21002
7681
13927
2461
8708
20723
12277
11177
4753
18104
6844
5390
22033
19969
15057
22241
9206
333
14644
14504
21465
8206
11249
11605
12859
12807
4077
24774
18021
245
11599
3483
1579
944
2532
16523
21546
6234
4562
21424
15193
1021
5417
15720
2222
15708
3301
657
9474
14432
12034
18347
113
4829
20813
18883
3997
14419
21453
20061
13358
17971
16259
1035
11486
19803
5552
18822
16387
1321
17277
9218
5864
5823
824
5583
19325
9842
4438
274
12531
8861
17799
17749
14188
6992
4687
8363
18844
11660
24617
23072
1782
10906
825
16932
16880
4328
6692
22619
13936
22395
22393
7376
913
7975
21027
7176
9881
24573
16422
21638
22978
6974
12936
21743
23132
3728
2231
13926
14741
7571
11503
802
9758
21761
7024
22526
22382
6808
5342
12234
23544
11746
23068
9029
14376
22815
18372
23989
2310
1098
21174
9419
14568
16462
12415
18007
21813
15916
22933
16453
17352
20992
9499
22915
21009
12801
21876
17594
16548
24296
10344
23784
20173
2123
23397
8854
13486
4878
8193
16544
20386
295
7428
9226
13261
7418
17465
5186
3708
19241
15543
20506
2502
1175
8195
5878
2603
18656
12884
9645
22900
8496
8466
22488
2545
24488
2583
21094
7081
4429
22047
3637
9366
18650
5549
17354
13600
4544
16889
9938
10571
17760
15237
12498
111
24949
2250
16968
22104
8740
16667
7442
17629
22485
20748
15584
7448
4171
23947
10869
11565
13903
5025
18054
23206
6721
6008
5529
4418
306
2496
13222
12222
24783
17953
20513
13823
3209
18979
6842
21498
15583
11795
8438
18172
3995
5614
23662
10063
24368
9284
17287
20897
20013
16448
1811
18764
14157
2941
15604
1909
10657
17028
10634
9597
6367
6448
5433
2053
15095
3685
15302
15385
9533
24960
11816
21421
2909
2124
2854
15855
13788
8391
22756
24003
3719
12793
23578
24317
9672
16646
17697
15919
1419
11238
13517
6016
10412
457
4499
19339
18193
10574
3371
21647
5479
15729
18231
9479
19877
22467
4117
17875
4503
16626
13389
2670
23307
20817
4952
1536
8718
212
15319
12785
87
4953
20614
21689
13091
18529
13825
13410
5263
17935
12218
23102
17575
21075
20160
14299
14832
23767
558
18867
21063
6781
17051
6043
17292
20022
7110
4134
21300
2959
107
18704
6347
5050
21048
23595
19443
9915
7775
4820
9856
4387
3588
2456
12237
6539
8629
3622
12542
18574
9463
9176
2736
679
10613
19162
11651
18674
406
23789
22358
4702
20519
3718
46
6380
14118
10535
7998
19850
3824
3003
4960
18287
23846
2673
17094
1258
10033
7999
9905
809
612
3339
2085
17267
10811
4527
3830
14697
21931
15326
19724
24117
12370
12031
1712
22281
21398
9279
4585
5637
10656
24409
22021
22249
12730
17987
19298
14421
13714
6952
22837
22311
16756
1971
9388
5953
4388
11608
4788
2504
310
12660
654
14617
10181
9314
14932
23108
10659
2387
9453
21284
23919
24020
10824
19155
19318
16679
17689
9710
16052
7099
15762
22748
931
9703
393
1572
7388
9136
4925
12059
2968
19720
12058
551
10327
22076
698
21726
13482
14059
22721
19381
24611
14570
21334
23194
15239
7238
21486
21600
5239
17688
15814
17861
10281
18497
17917
5858
18938
21163
8450
17361
22696
22406
14172
9036
24843
22176
22914
7779
8955
3374
8791
6890
3163
7478
9852
15317
19866
1001
4640
550
24321
14931
5438
18071
3283
8810
12782
6291
12720
22766
3076
20020
13938
22876
3910
12815
23142
12577
18149
1601
5159
3105
17402
3883
5852
22457
1134
13044
18893
22777
11122
1663
19123
9653
22392
9928
19417
18152
4969
20575
1301
22995
7601
2957
3531
2956
15428
22460
2342
13812
17157
15625
1448
5990
15485
16610
4413
19280
19800
5524
17245
8805
12951
20818
20916
12110
11898
10549
9096
23000
9851
12842
13935
4040
5304
22653
3337
7656
23841
4630
5400
15727
20765
14995
7924
17766
24539
17357
5035
3576
8583
14794
10301
3487
5086
12746
13999
13893
6929
18495
17519
61
24563
11952
11804
792
18214
15596
17636
20046
21360
17922
3459
15878
14826
4738
6045
14410
16687
18745
15464
5226
10133
23532
14583
4959
14869
1919
17175
3315
20968
22027
21452
9941
1521
469
4172
17762
5022
17539
10732
15757
10895
13077
13331
11147
24869
11270
17593
24186
20878
2942
9972
13514
6736
5032
12431
4054
19832
23189
20101
4719
21679
22235
20494
19960
7705
8935
7736
3706
2482
12430
9612
4411
4115
17078
22522
9132
6707
4426
1735
19580
19592
5496
4867
17549
21939
24309
7916
14606
706
18590
4772
23274
13352
2228
23680
23454
20582
21542
6169
14368
21528
7918
12904
23116
18426
13951
18452
16125
24040
4561
20533
2246
18730
11411
16108
2685
14950
5733
21652
4271
9215
2652
4564
1672
20827
8342
1131
20595
18505
18536
4097
5548
12694
17089
19054
3589
2234
20633
14809
10555
14048
11847
4377
6096
1892
18491
14238
3848
14903
18485
685
9880
17785
11154
22217
327
23687
12419
14151
23171
5297
7798
4847
4572
6976
22977
17132
5742
6790
