1464
2137
5784
13650
6131
20527
17697
17227
13921
14058
24327
6635
23471
21367
2498
2114
14224
10679
2719
4457
13684
17163
13719
4419
6001
16202
2176
16542
3162
2826
1671
20794
7737
21554
22316
7595
5964
285
17796
7269
10173
10741
196
15560
14239
20137
15959
21895
4247
18693
19284
3949
16403
7988
18250
22057
22161
2847
22264
2588
24075
10349
2100
12458
10118
19808
10122
9508
12382
14815
4453
21480
1930
13920
8165
943
12461
2204
21636
10615
3865
9988
17097
12391
21232
3524
2818
17692
22013
13497
22695
2734
13367
16354
5869
9445
982
21734
6217
20340
8518
7097
14989
673
3845
3215
20951
23302
4768
13895
488
22550
5359
16820
21972
3747
24305
11037
820
6955
2195
14486
23409
2281
2101
7300
4738
17155
24614
14720
3804
468
22143
10336
7453
2711
8719
3155
10412
8050
19328
13465
19905
5891
12493
14794
17104
15827
21917
9958
22986
13045
7821
24487
2580
13552
24412
6184
21383
15793
2874
12518
17899
23462
7573
14024
21328
18068
22979
5007
8325
20699
2182
11615
8729
1709
22442
23632
1772
2545
14140
9962
848
13564
5056
14255
6889
456
9781
15310
19906
15502
7130
24407
12134
8113
8801
112
8324
8072
18622
2155
2131
23306
7072
7472
3927
17181
8531
2245
17286
19322
24296
16349
12054
22575
23182
13869
14216
23068
11722
24534
11653
14679
7355
20743
13711
2788
8833
14922
8487
24083
16450
6707
22036
18402
1384
2765
13322
2757
8501
17351
13132
13597
19607
7144
15760
19465
21353
18438
3182
4981
5561
23004
22768
3242
6978
24088
5055
21534
21142
3282
21802
17943
2460
2807
19289
14533
20128
16617
9828
3973
22070
8881
111
4683
12496
21943
5714
9190
20584
7907
914
13422
6406
22956
16200
17195
10541
13076
5770
5189
1480
9980
14570
1623
19019
11707
18386
14719
20355
14014
1782
2979
1745
13720
12546
6120
23815
21765
19105
205
18854
9113
18556
23585
9135
12669
18734
14730
9562
22930
1768
12140
21430
13042
7353
18063
4124
15417
19243
15700
23634
4664
17940
16640
13032
3614
9204
19760
11915
13633
24351
18151
3394
3785
4233
14929
19417
14907
22513
593
14580
11200
7903
3430
19771
17802
19820
16431
5833
5997
2413
24906
20173
7569
13479
3835
18348
24297
23422
22793
24300
14554
654
24426
24937
4296
21669
1962
9762
11697
24757
15871
15611
5113
15395
6638
22533
5330
11855
22253
10044
11929
4713
17302
7817
11910
5487
18958
22873
19235
5051
3896
15602
3006
16181
24679
19096
9185
18976
3819
22028
22452
1127
10782
8868
15393
5463
20569
7740
13594
11031
17264
6096
8698
5010
22097
16414
6470
5974
13364
21951
2561
4855
5412
7303
14039
18245
9814
13359
1011
18347
14852
1258
17294
20096
14373
9619
9855
18897
13722
1406
16317
7102
799
23436
10668
12498
21763
771
310
23551
11723
17912
19039
16392
13340
4760
8704
17737
17771
23017
17577
6929
3713
5115
24672
12586
16101
7205
2452
700
2502
11695
21233
4376
14309
8735
22626
21100
7622
12125
7254
17346
11263
14230
21921
14797
23356
231
24995
4924
3190
21552
9221
17926
1081
19077
2851
14062
16149
18700
22927
3784
17029
16152
15142
4729
20344
18176
12058
24882
11590
13
11537
19135
19502
19365
460
17084
6192
3078
16515
11286
21253
9960
6018
18995
772
5392
23334
7920
7748
21499
15303
14358
14711
18459
2123
23489
9291
24006
4590
6400
15174
7064
7808
1721
20140
16220
7777
1729
7430
7744
6503
3425
12619
13397
3733
1460
22290
12127
13799
7256
17753
16675
5862
24076
12253
11267
5135
47
6413
7214
22228
20223
7659
24607
4987
3226
17087
20662
22606
16046
23509
1634
22896
19730
16195
4299
21416
19962
19483
913
17460
5904
20093
3291
1740
3218
14305
18510
3933
15358
20801
8529
11582
14321
5655
21518
23134
3761
16244
2577
23118
21637
16170
20389
14314
9369
6758
22385
14362
6838
7530
1418
21626
407
3593
2462
5778
1367
3416
4672
9051
16922
1416
9930
7534
6340
14698
18644
11214
1999
12786
16436
12414
1532
16055
254
6158
14260
7438
17822
2692
21145
6300
18814
16258
7017
11987
9591
5922
1248
14396
16912
24073
11808
181
3857
2976
11906
24037
24120
6628
18849
14799
342
14210
3197
7098
20979
21674
13131
7560
17740
6434
21124
12984
10834
7928
14574
1313
14086
14754
20837
4964
17892
8105
18567
23307
1975
22874
6762
19405
493
2247
18682
13169
16599
11219
9961
22924
4859
18615
838
991
9205
9700
4093
5586
8343
18430
21094
17332
19988
13277
17690
13614
22029
21600
11628
12969
13571
8421
17042
714
2945
2972
4309
20277
24832
7003
24943
23561
8230
19347
10977
18513
4686
17795
23801
6331
19428
7965
863
19856
12101
1002
13059
19535
7831
7985
24512
8479
20324
15691
14018
19016
13853
24089
16212
24331
4417
20207
16167
14826
14380
5900
19910
20892
7915
6292
19528
18851
7233
10622
8971
24197
17123
20933
9974
14550
22559
451
23755
11056
2538
23380
21277
23236
10954
14611
7245
6071
12582
23322
21577
1533
22384
701
3526
23623
5887
2923
22506
22796
20961
2716
21781
14928
17995
2163
65
13783
5077
9123
14317
15410
3565
9484
14793
14418
16800
7741
12136
4403
16689
13765
2200
5690
4939
21179
21267
849
4462
11864
5328
5480
6263
8477
8323
837
13438
14023
15478
6395
21052
20821
12561
4876
22747
1004
24826
12520
18208
7222
9332
2761
1116
13100
8159
18395
14870
23366
11666
5867
3956
20195
14843
11819
284
9704
16466
24455
14355
1830
17416
4505
18387
15031
4762
20785
815
17233
6676
463
12201
5591
17627
12752
21414
2474
13718
17595
12799
4123
23252
14325
8970
19301
10769
1920
6124
21735
12640
24838
21832
6496
10757
3863
5511
21234
13545
18856
22566
24809
21758
24238
10867
11411
4864
3274
6567
9788
12097
1887
23676
705
1407
21402
17120
14617
15230
22310
21814
9563
1158
4118
8305
19149
15079
3898
4614
10969
19386
15597
5370
7778
19348
5576
23516
22822
16045
15077
20074
13653
1645
13034
16081
6667
7806
19392
16446
22120
4535
22893
4345
1927
1140
6246
8952
18924
15302
19196
10956
7107
21126
24680
6994
9354
3042
18726
6557
22258
20
13418
537
16435
13211
13342
16104
20531
12757
22037
8613
4469
9534
5398
14191
7546
11556
7639
4796
15244
813
884
15759
17301
18143
13789
14917
20726
7593
24470
2206
4780
24094
19357
16066
23062
23853
7877
20107
18857
18912
1090
8040
18996
23579
6270
99
19888
3173
311
3276
14488
20136
17444
24569
15016
19021
2540
20940
3529
12986
5959
6898
21846
6692
7620
16520
22504
17388
17284
13281
3981
16176
2512
9301
7026
10486
4744
23503
20300
10722
7916
1089
19551
2184
22658
22320
10499
18142
16163
12227
10340
16775
11971
21466
1254
4722
9881
106
11989
13940
20190
12095
8060
10435
8278
7902
7124
19271
11622
715
10455
17696
17734
19878
9481
5967
13966
10558
8829
20604
4693
18059
16233
17015
3154
3648
15805
1602
17564
14141
17835
21018
21201
5751
12607
2669
6600
12595
114
19087
22014
20310
17747
20576
4684
23364
1979
18738
23041
22967
22227
16969
4953
10221
5222
18390
19922
12974
9029
1430
9346
21339
20036
7286
20518
24452
22304
14498
24408
15769
7891
1812
1743
24055
3800
11984
20967
23836
9003
22557
21143
9077
20657
9856
8593
17658
8145
22848
11636
4540
21213
20575
21984
17223
23210
11308
16779
7590
7783
11059
3332
10418
14378
10530
19279
8665
9132
7434
14136
6842
7406
3860
9821
20239
6324
4159
4598
18805
12540
20549
10539
5143
14251
19702
12989
15763
12300
20631
15141
9924
19920
877
1374
5164
22746
24725
10729
20976
9820
2677
13706
2008
18125
3446
13055
8334
9752
16852
20417
7077
22277
19739
15311
8546
8439
1856
2591
24221
12155
5316
1056
9170
16495
1908
6110
947
16290
21767
116
22352
4384
6023
5749
22872
1219
10780
5761
17090
7360
18563
21525
2166
10559
2798
3187
10425
12513
9741
6935
15603
15840
9543
3559
5393
10180
5499
11353
12958
17147
21271
20707
6843
13532
2902
766
16191
6975
15961
5265
12444
1073
4811
2589
1816
22871
22221
24644
4153
11022
12686
23296
16395
13446
10275
14032
8725
17682
23774
7528
23867
21848
14035
5594
21489
24561
12781
15657
14525
13098
2304
13813
5637
10718
18677
11942
15352
16558
12142
2225
11211
20200
13910
10683
19566
24862
21472
12658
20403
10905
8788
5856
23504
22065
15735
12089
6834
19338
2240
6168
24934
5045
14520
21418
5397
23213
24429
2261
4218
21049
16382
22418
3812
14775
23195
8126
365
17884
17306
21731
475
15292
21410
11433
7213
11275
3631
20649
14481
8252
9457
14738
16119
11599
13328
6376
6946
21623
8373
3281
7106
12945
21101
24399
3549
7605
8339
17128
21661
15186
22733
17780
11936
18980
5850
10429
10789
1625
12059
19388
7380
14584
10549
22889
10501
10184
11633
11436
21156
1849
22723
5828
14133
20345
24800
24013
1722
13373
17921
21032
19522
20462
1585
2947
465
14236
1918
20547
9358
15966
690
4661
7201
21289
2767
1085
6216
19917
11023
1005
7419
8673
15590
7664
20445
1010
24259
24235
4263
3346
11541
15445
14068
21475
18017
6334
24969
16332
6154
5934
8017
17340
6058
16955
10000
5484
13931
20993
10168
21671
17350
905
24952
24707
17761
20815
19462
21441
6852
1134
15306
6417
19381
21834
5913
10841
23726
23089
16429
14170
24104
15486
7270
16914
24883
843
1509
6701
2535
14013
6123
10216
5510
13117
12870
12705
10001
23729
19226
14796
20623
9575
682
17423
2428
3708
21798
990
1192
19036
11965
9324
8335
1674
399
1209
23419
21432
23485
16367
2058
19165
1658
11642
4753
479
4530
22945
3022
12750
15400
4342
19027
18521
17515
3156
22309
18012
23111
21261
6924
1881
24843
1405
13737
6649
20664
8348
8860
7682
14979
15290
8392
24685
8903
14253
18743
20094
24035
17137
23636
20546
7343
17426
3135
15487
4881
7088
1974
624
320
15935
4804
15152
8924
23863
4932
17869
3480
8838
18893
1885
6757
9440
24049
10
21345
1520
3292
24134
13014
9775
1030
7052
6040
3379
16218
11024
7732
5196
4458
22541
20917
22691
12404
4809
24673
16868
9398
425
5559
18263
972
6451
23609
24173
4905
6303
6273
2693
13179
7544
20434
4593
2793
11698
24383
9131
11352
20063
24642
6693
13494
6310
14734
404
1505
2082
15198
16009
4784
18921
21919
1045
20704
870
18649
16379
15572
21800
9067
12039
22462
8977
19971
7813
11015
11879
23417
22771
19670
17136
3672
1561
12451
19806
7960
22813
12792
3353
22038
17122
4642
21352
23725
19195
22303
5864
22043
12186
15962
15719
6988
11444
24901
19866
11912
16794
21009
19964
3693
20913
9773
666
20947
12333
14671
23244
4776
4629
5533
16995
16457
6959
8322
23420
19847
15543
21417
1714
4608
11969
11127
16609
17262
529
21220
3667
18816
8485
9005
19649
9498
2900
12389
1941
8815
15070
13728
13067
8383
6543
15149
21807
17640
18830
19220
11668
16549
11243
12107
17542
12172
20473
2476
3191
20938
10468
10055
24652
14502
19752
24365
14962
9441
24281
19308
14225
6341
4635
5296
21901
9117
6261
23038
12407
19844
743
2891
13121
11296
3783
24057
13482
15402
13672
23181
20669
10167
6938
2686
15649
16898
4132
19430
23037
16793
14080
4739
9663
22236
434
500
8011
722
12310
17467
19172
24427
19703
11992
22246
23003
14789
19587
2028
22299
15985
14009
14721
4980
12380
20121
946
2565
24447
7607
22487
18146
23898
15394
17225
22911
7687
20318
19361
7703
9048
1577
20641
15517
11208
18383
22279
21929
8469
21138
3663
8605
21750
3952
650
11551
176
13761
14450
17757
7260
8051
21503
4249
6121
8677
3881
8405
12943
18309
15390
20282
19047
16676
23385
4787
2486
157
15954
14272
9226
6608
11140
3320
2301
19082
10334
22152
20839
17129
14087
18177
11773
8453
4480
11399
12187
10064
23100
18497
16886
10333
2551
2329
3358
24766
6286
5636
22123
22838
1403
12769
23924
17394
8391
6890
17566
21227
12901
17119
9609
1184
8517
19869
12399
1903
23125
410
24144
3073
10861
12287
3584
19683
16504
22731
17325
9634
13206
3736
14915
14455
867
13656
17804
8765
20618
264
8931
19492
472
17177
24372
7918
4229
11466
14655
6161
15631
13972
9696
20415
9091
21827
16389
24420
5798
9314
22685
12257
3867
19762
14766
16547
13967
11993
22604
23838
2002
17882
17408
3504
13833
10406
24483
21746
2543
9945
8715
2920
1600
23930
17179
12900
20776
20185
9982
24154
1363
14181
8948
14873
4188
12290
2377
8816
5436
18630
5990
1515
10915
7937
7961
1630
4618
21476
3257
3591
19407
11943
12214
6169
3196
7705
5394
7068
13535
18948
20622
93
14640
23407
10629
4514
3507
18719
4142
19275
19366
2056
12146
12031
10284
14075
20490
9162
21084
14313
10869
13513
13174
24389
22762
23743
15023
8183
6856
1946
22113
21266
22706
10423
12696
19652
1325
6508
8474
8869
11210
17685
19798
5300
4655
19246
24148
6811
869
15164
15383
623
20261
17637
6382
131
12313
15809
22016
308
17821
16168
19622
1179
2171
8721
5443
6922
9999
5140
1194
11825
18361
9915
5477
14237
21580
1101
22321
23257
18659
4198
13703
17944
7944
15370
23220
16238
16889
5986
7055
5689
24709
1582
16981
16193
9910
12169
16741
582
16537
8431
18576
541
11862
15419
22628
9133
15451
3543
7183
13200
20039
6149
22670
10574
6322
19450
23272
1456
970
16795
3560
13759
8313
20156
11604
17554
20691
4374
15425
14591
16050
19819
13848
12653
858
4127
12860
8387
4448
7032
19127
4311
23953
16373
13356
21946
10459
7797
10758
1075
3140
23172
15920
1570
18224
24531
5855
8089
12185
16522
18260
7531
12473
11600
22149
6435
21283
19919
2752
3959
13664
7782
6891
12361
4491
6706
9182
9331
9811
1687
24713
21642
13837
11784
15374
4011
24256
21994
4171
22554
7506
1594
2314
691
16474
23430
23095
8707
7539
22175
12088
5719
17213
24711
19002
1223
2703
12439
23986
8590
17401
9554
4814
21316
2751
24572
7661
3231
10311
5087
3656
22176
7242
22714
24801
13414
9087
23381
10542
11421
7727
3289
22588
24597
11746
24393
20688
23680
1807
8549
19132
4225
4409
2966
24860
15778
20965
5166
9662
8663
23533
17036
2003
2264
15329
15274
2112
4020
7299
1867
1475
22761
1308
11299
835
24926
7522
8199
11225
4541
9272
12980
20089
19156
6558
5036
1934
2796
149
16189
22453
8337
2513
98
21810
9936
375
12052
9823
3030
24774
270
24946
1125
21526
24705
7786
14614
9179
1615
5209
8914
22229
14478
2606
23602
23971
17387
21296
23303
22314
13443
4878
19494
9850
21278
16622
9501
17283
21493
20037
24920
17900
13775
6379
23033
19005
20593
11958
6070
17143
17610
14492
22048
20813
12036
9963
19369
22414
24162
6986
18160
21804
21761
10313
21744
6353
7391
11109
14506
12449
4362
22904
19400
2320
13897
12129
20076
7656
954
18647
2023
23683
24376
2177
8803
20916
3964
23783
13427
10045
21309
5203
7040
4902
16346
15834
22682
22820
1417
7758
20422
15986
7901
22164
14233
7757
5111
3919
10978
24167
12821
5883
13295
7042
19076
3599
11071
24813
14464
3691
23150
19303
807
8571
11742
14885
7724
18985
21938
22030
20105
5082
1025
22147
737
439
1544
20354
16661
5841
9567
15291
4116
8444
21297
10040
21691
22684
13962
23985
5217
18008
15690
19524
3551
19097
2490
5380
10584
21231
16559
19256
24688
16932
15642
22954
2159
20070
13243
359
3
9970
1902
18295
8664
17085
17988
14589
13300
18536
24570
5372
5917
22325
18587
23120
7798
6589
20455
7637
21611
21531
29
414
9874
7192
23964
24188
24106
10218
9985
10267
19182
22868
24762
3293
18316
18770
20630
19056
23887
13490
9549
24687
1677
8942
6770
21650
19900
11076
20760
14982
601
4783
10156
17160
23241
24852
11812
12628
4199
2421
7938
6727
11479
18218
3363
22134
15681
12488
20327
5460
12030
10150
22925
14329
21869
15519
22599
7649
7312
7448
9940
15052
5774
7651
5593
712
5726
10131
12446
22099
13822
15522
21658
23920
2283
21894
17811
10932
5126
18661
15928
18579
11676
16670
20777
22049
11257
12851
15307
16177
15839
11342
15604
7301
9288
9898
22405
2744
16853
14189
20339
2601
19217
6763
20596
18233
15110
8346
7974
13137
7745
2180
18589
9325
12321
24198
16355
21229
8046
18831
2831
14782
19249
21117
1102
16253
3448
20681
24750
11923
23457
15039
4673
5809
7646
326
7547
20646
3894
4943
16230
10959
14568
4972
4157
10892
21676
5014
5497
15703
14951
8932
18843
1353
9845
2170
1450
14618
13226
3303
18730
22905
6726
20948
22177
10980
11849
14553
20902
13173
14195
942
379
12077
4525
11082
17732
6122
7997
14576
16721
10675
8877
9766
1193
15566
22812
8329
4024
14232
695
13989
12221
17939
17442
17303
16567
6711
24675
17917
6564
9664
6613
6782
23847
371
3521
8925
8608
20603
3627
16769
6103
19995
5097
15420
6284
18554
4884
2312
15922
24839
19008
13236
11251
19843
16848
22709
24786
787
4226
3542
12604
18097
6901
1631
11840
4262
17903
9475
12839
12862
3476
20350
8789
16652
5736
15025
16378
14612
10666
8018
24171
3128
9771
12574
12936
16507
15891
22701
208
24077
18753
2278
1680
7296
8551
23951
3884
1281
5457
15499
19584
2013
9138
6661
5052
5954
15061
23925
7861
13305
15063
5545
18166
5925
12728
8004
2409
10035
19131
15263
13196
23496
4777
10462
14246
3411
2448
11361
3299
21376
23013
23808
644
1357
14636
186
10647
8103
17683
23469
9366
13197
20764
12709
19415
2564
10628
21419
10975
9964
5076
24410
7084
18572
23265
15689
20606
17550
8672
12796
7721
5866
16187
3396
2134
19228
109
17785
253
22551
14725
23994
13072
6523
24542
988
15095
9891
2105
12295
16475
7934
8983
21582
1538
8402
6917
3718
20099
7658
22394
21495
15438
14493
5644
12263
20788
9573
21195
13955
19580
22825
22417
987
14064
22729
13603
21542
8853
22865
21795
6349
20363
8985
9759
17615
22218
4250
20732
12563
7952
24986
6588
2574
23844
9886
10517
20779
22783
10529
19672
22223
2233
24451
9108
10733
22505
5114
22439
23736
16899
171
19665
24332
8073
21460
5003
5522
2642
9086
9675
15231
13884
10171
7583
22866
14537
18137
8844
5418
10643
13663
10514
11768
7779
13908
9680
3423
16710
8621
1848
5741
24406
18109
9528
397
5901
21903
6678
12245
6333
21675
16054
21158
23560
1001
5070
13449
24736
4649
2183
21581
20186
2567
15159
23557
19538
9189
5001
333
12354
21370
3706
19449
13108
22503
16459
881
4846
11611
7015
2736
709
17578
7784
14376
22238
17500
13082
23666
24923
8296
12744
9614
21204
3904
15801
13234
12056
16199
10516
6365
20737
4775
18320
5112
6783
11560
14483
21872
22549
13284
21450
8997
7022
731
487
6653
14151
16441
832
22344
5399
19124
16514
15409
3768
3026
7114
2658
5461
24975
15938
11406
21431
10244
8224
16380
10360
13306
668
4749
20557
18121
21461
12732
8625
23235
21695
21608
23746
16624
16311
10472
21927
14744
17624
17635
24464
5892
20709
20398
11961
11174
133
9109
2597
23892
5246
23228
10411
4517
1366
19041
925
2495
20495
6877
7288
14026
17310
3354
15429
12721
24583
11223
4131
4904
5121
9021
21840
13681
8543
19836
10847
20763
23574
15027
23339
24635
21420
15252
9425
1170
16307
12203
2599
2546
12322
20500
1660
6171
22339
17701
18491
13366
15798
7962
15277
11273
3038
15103
2152
19811
17459
2160
17679
12242
19695
20252
9294
21806
16621
15188
23538
10469
16319
15068
17327
24262
13225
11379
16071
18197
5100
1788
1732
10648
8684
2973
16002
656
8166
3847
2004
23256
21987
10212
1402
1809
10036
19720
3882
14627
3199
4543
20590
23660
21358
5108
9447
13704
7476
24248
5282
20497
12850
19054
6084
5430
8740
288
4606
8962
8691
20960
21801
15716
767
5220
18703
1506
10523
5343
2517
13493
5000
8410
22491
11959
4230
11780
20665
8693
248
12170
15003
10144
5213
14509
16326
2603
12177
14416
9033
21483
9315
21043
428
22654
7289
19891
4474
13208
4315
317
6617
17045
2347
16556
24336
3442
1246
22281
18315
11321
9158
16086
1736
24784
19051
6547
4147
5930
8374
21061
4575
19553
24132
9847
9949
11874
11003
18277
21171
7318
9824
16097
9735
7092
18187
15713
9175
10963
15459
10018
23090
16147
22800
17928
6868
11933
20026
3004
18526
10636
12181
2033
7841
9600
3404
4058
14111
10421
17669
1091
4659
22430
23748
2943
6268
2168
4947
15868
10005
349
10564
20900
12205
16315
23937
13288
19867
15609
19749
16667
20673
1304
2519
13641
4389
2226
15904
6776
4239
22721
14158
5211
8563
8812
11891
7989
15816
5216
18832
16494
20753
11527
15733
12251
10304
21362
17957
18796
24018
2199
21291
22271
22854
11570
3883
13795
8683
9861
7668
6861
21847
24064
5826
19326
9784
7014
23984
23415
23535
4308
5541
8541
1197
6744
12432
22045
12366
12537
17353
19505
10937
11413
7773
16156
15876
16485
15202
3535
5210
6919
9216
4242
5779
15651
14505
17333
10175
10369
9706
22883
2369
6490
21287
8627
883
748
2695
22938
14156
12982
17547
5651
14828
4269
1770
12678
22579
23383
7329
15012
21186
5030
8596
1760
15707
3597
14121
7121
17965
16551
16146
11889
10199
15239
145
14653
12339
14913
17190
20914
9337
104
11055
24456
14466
4704
2952
23486
16129
20956
3950
6805
18363
14756
23868
5680
15384
2697
6587
13899
17089
5040
21413
24682
15866
24267
13517
16679
16904
5844
10765
11586
8503
11013
1547
14048
11102
16875
10342
22785
3502
13119
242
4043
15076
22794
8798
20057
17005
3341
23952
6546
11443
729
5379
21152
1086
15455
18482
4489
22743
7416
4232
15557
12549
16040
22653
24668
3861
13135
14347
19081
11759
1774
22650
14702
17602
14485
10527
7432
22901
12194
7538
11726
20299
12994
4371
14150
14205
9978
6361
22133
18847
2905
17524
3745
24298
19359
23553
8065
14293
13429
8427
5376
20550
9521
13381
16372
9679
3356
956
12677
19704
3453
18429
4327
16993
13355
23123
20138
9587
13816
22266
19559
6179
24193
24110
20328
1171
19821
13386
13773
15381
9630
12298
23761
21337
24765
21027
6278
17169
17724
9711
21906
6953
22390
13393
24069
13223
4094
13424
8415
13018
2290
10776
10485
13210
10652
5633
13546
9078
5109
18983
13463
19715
11566
22859
259
19107
16099
24255
11157
15553
7450
23589
20056
4468
24381
4180
8171
4636
16991
23821
21447
6965
12612
11807
15911
17644
16607
16155
19269
15929
11621
23169
2420
12118
4002
15999
7382
21067
2001
17847
1826
14819
22477
16545
9496
11467
16229
23027
7262
3034
6097
17937
13469
14876
16051
9197
19765
2906
8436
24441
15446
12812
20587
5152
20504
2034
8108
10590
3893
13682
22074
18797
1344
21394
5334
10063
20759
9834
9643
24907
4175
16092
3381
14234
15990
10379
9215
2799
3517
17674
6545
7612
9224
16534
22538
5688
3828
1514
4385
24225
5315
5021
9997
9448
10503
6826
13543
10575
8428
7134
19427
20952
1697
10797
6592
13286
14497
11651
23295
16140
3596
13462
15746
19325
1572
15593
17877
13065
4096
13071
11336
8759
24768
22976
20043
22648
9209
23310
3326
17532
4639
18975
16688
1227
11322
11496
7036
3815
7882
21148
15185
5842
20395
2370
17126
16657
10630
23269
20357
7576
24963
20597
21908
18184
3313
8300
12778
10922
17204
16737
17441
7913
24362
13185
22466
17214
6773
7070
4012
9541
4622
17923
5795
23137
6987
10130
4747
9547
4356
20048
13038
5481
1062
17186
891
16669
13101
7927
22763
8846
18314
14687
15492
21605
21759
18819
10077
10169
4110
3460
9767
17034
23466
13178
4633
20273
11429
10949
17759
22254
12655
14400
23524
204
7505
7413
3471
12225
14862
18789
5777
20275
11284
19413
10024
260
13270
1132
6311
1060
19700
16369
20796
20194
13461
22619
6367
19458
15113
6665
14895
11844
13218
3008
15581
20696
18303
6961
17062
3937
10621
19656
12206
16299
20197
17255
10991
19747
7712
13061
7792
4806
18964
7287
24848
866
24466
21141
23331
12223
18067
10115
13707
21757
24398
2595
10583
8949
22651
812
3288
16614
2655
876
15444
6407
18066
2257
11811
770
7390
24749
16439
11578
5666
22481
24359
20762
23009
13062
7177
14937
14706
6760
12662
4886
22880
17343
19861
8499
20888
18829
14850
18898
180
10404
8136
16763
13626
5908
3096
7428
23201
14708
22100
17044
3264
5468
9536
17281
16192
2270
14524
394
12297
16840
13017
22078
17396
10239
7293
19877
11171
11925
20686
13508
8687
7662
23262
12430
19737
13712
22621
20817
8799
22471
7384
7328
17942
8861
2372
10204
11418
1441
4503
6012
3011
1643
19642
14514
22484
15525
10203
24613
12790
21323
19180
23512
24086
6621
23413
3439
10579
22007
10948
18455
14857
21712
6390
2656
18991
17032
289
4283
7094
11518
3481
12224
14040
2220
6371
19106
9278
1775
20769
6774
10862
9531
13553
197
6387
13791
23474
7331
8732
4037
3621
17413
10557
4627
21113
386
22351
5568
18228
13052
10209
1504
6135
11092
20348
16124
2659
12385
22284
21644
5781
16488
24550
6716
17248
3079
16216
24462
12395
17258
21343
3391
22017
11090
24042
2718
6335
15273
4808
62
22297
17
9136
23293
24465
15580
15573
21549
16264
17438
507
15921
13660
2636
21107
10903
10056
8180
1668
3230
20989
12545
3715
8540
6506
3889
10362
20401
15535
10633
323
8486
3417
20633
1776
21292
18969
2189
3258
3062
7044
402
6563
10075
22641
17059
14463
3377
6881
18202
13279
7625
15254
1245
676
21780
14495
4471
1076
23147
117
6550
2694
14656
13500
20886
22455
24546
11962
11605
18822
6354
17244
2648
4414
4746
4983
485
3085
6332
398
8554
1135
18485
14021
17667
20243
3193
4733
16883
5948
3086
18306
19809
21819
18446
24020
11148
6424
20613
5599
15654
20721
21252
3077
7385
12416
17538
19830
7602
20552
14067
24036
21523
21088
17274
5033
19713
17559
24962
11196
1109
2021
24985
11861
24790
1761
2768
17328
696
22507
20042
4567
19033
22886
1589
13613
21356
16374
20438
7344
13658
13382
23468
6993
19918
5212
11327
14963
24795
24972
10877
4680
20601
2918
15518
20013
9340
4101
23142
17809
1560
4658
10309
24751
6437
22897
11315
17654
17366
8344
13961
4498
2188
8624
31
18412
24877
23500
24288
11001
9761
4906
2935
4875
4690
14385
2632
9659
15265
12683
901
15092
8153
23674
10637
17415
20025
7634
17848
12663
23481
24043
20103
3566
5604
6204
19629
18451
11231
8832
5694
10907
9552
24921
19638
15653
8786
22936
9987
24129
2267
13782
11886
18405
22545
18020
17531
4802
13374
10276
7718
8182
5340
18035
6446
22601
4555
16531
1346
20050
8092
23461
18032
3527
22634
9862
9450
9916
6664
2507
4144
8880
9458
2885
16780
16197
3470
6531
14289
20551
23999
24628
1395
6867
12654
10945
6819
21188
13425
17930
5765
4036
12947
2909
23396
15892
3698
3555
7764
6259
10453
24394
7056
24482
3615
7516
13310
5819
21134
1698
20712
19295
22698
22781
979
4502
13991
4439
10217
11300
15029
18774
17711
9841
20241
16508
10134
19838
4671
9122
19754
11516
8537
2300
19113
7350
13150
11307
11075
1187
5350
20111
23341
23624
10996
13391
4388
11792
10619
13846
15730
9213
7326
7995
4860
17954
6356
24186
3969
20730
23459
13380
23405
11446
7447
21630
8530
17875
192
2450
2722
2705
23456
24776
19224
13426
23126
13620
15211
7412
2678
19593
11858
15496
17858
2985
20106
6342
13496
4979
1824
177
20515
18470
9598
20970
23097
4214
11234
4193
11147
324
2955
7925
8035
10883
18393
21212
11469
6747
17400
9330
2621
18292
13588
11292
13151
1181
14264
16246
22322
6320
10563
6309
3562
19130
21116
20258
14209
17962
13317
7229
4701
967
18215
8249
17718
12212
13224
22335
17842
1492
11493
12959
12109
23308
14425
1695
18815
19464
11105
3286
2819
6087
7865
12284
23941
4605
7693
24781
18968
8372
2828
6048
952
23667
2907
13021
9813
14443
11967
3666
18862
20028
22379
1606
19023
15732
9922
5505
8306
2007
19632
8776
3133
12948
1821
11804
7886
3063
24733
5915
19952
4016
15030
23694
16041
23882
14860
17670
15350
23007
22488
2139
409
19176
7686
1224
17829
1511
19716
4962
22486
3512
23909
11035
4038
13313
6958
8355
22993
20122
13981
20626
14804
1207
24732
9482
13360
6863
15319
12141
3146
24068
16571
12338
3987
22697
12043
19448
3765
7425
10984
19764
16823
16483
16461
24139
20800
12412
8111
12195
13003
2386
10191
15495
3573
915
164
23395
2310
4576
9015
23251
15483
11731
7319
24180
21720
5355
18079
6249
21955
17188
12312
2259
1828
11709
20977
7513
15482
10322
6050
5785
20266
3352
1189
910
5362
5705
13266
6346
800
12452
828
4794
24517
664
857
10753
3189
18156
19206
10287
11646
491
14294
6641
18091
18481
5185
1215
24250
2611
14868
2255
15022
5731
2258
13093
12235
9194
23927
16003
15479
6870
16714
20941
11199
22756
8689
11801
4500
13083
9473
6511
6941
2435
4748
14335
9071
17704
3649
140
8552
15675
14220
9892
553
19817
1925
9372
782
1924
7697
13607
3179
19770
9023
4721
19928
5156
3393
7320
17222
4062
19480
24385
12311
17832
17509
18061
16945
13839
60
22080
7271
21103
19088
20211
5759
23751
12548
14092
10437
1539
19507
11789
10508
23044
15819
1175
3744
14312
21453
24779
22928
17546
19554
23735
1332
17041
20670
395
16550
2242
19274
18841
18981
8331
22508
19286
2749
19141
4273
20320
17807
19498
8025
12609
17144
23283
16036
18205
8053
5860
5865
445
14662
18666
19335
17646
15780
1890
16102
23214
1635
22655
22509
8734
24959
21784
5162
2514
20196
17893
22436
7532
15298
406
17871
6517
17545
23309
10585
13814
12308
11701
11927
9984
3422
22376
17352
2741
14503
8512
22340
18424
18871
19825
13027
5933
1928
17475
5515
21572
12522
18911
19323
13768
6014
11939
11532
4917
3020
12664
9520
17905
15175
13343
9693
2302
16121
23168
17226
14099
23012
7292
1641
22210
21680
6642
24245
11034
21547
19842
10958
19850
9489
22870
16933
16909
4256
6491
15080
22570
15041
609
14851
1440
24875
20250
24598
22699
24523
23270
10565
16768
24342
17611
5916
1156
9317
14041
11736
24799
22526
20456
12814
22360
5852
15838
12845
3637
15667
5980
3158
11954
17661
10117
12806
12715
21354
16786
23372
21899
23342
20536
17410
18120
4694
17407
2994
7677
22243
11533
68
20544
6117
6203
17107
17777
22098
8161
17337
5663
21173
7683
14761
11070
432
9214
7968
6267
11033
23259
20154
604
4059
6507
5683
5827
5754
11775
2364
16526
5053
9114
15908
22610
2889
17145
10599
20302
12516
22898
16154
6125
21859
19901
17976
22333
15975
12320
622
1080
12105
4234
20512
21659
1443
13630
17149
14728
5840
21435
13669
17358
21281
6003
23501
13810
15529
22071
10083
24720
250
19219
20217
8261
4507
8382
24078
24966
2289
11745
18858
20935
8258
16846
20124
23024
2575
21002
4455
3028
14966
19068
18520
2038
22465
12269
8403
24917
6107
16422
123
11227
5105
20232
11522
3799
4426
8152
492
4258
18384
4267
22528
22107
12886
17951
14853
10193
4119
19946
364
19834
12479
20523
10654
23730
6800
18971
16843
10814
3192
1273
13448
23649
19129
15126
17767
14185
22624
15715
18243
3021
15406
15812
5452
12756
11796
2650
14037
18929
23384
19094
17707
14755
5889
23349
1055
5346
11661
10995
16063
3109
15024
2815
14878
23119
1757
18086
10155
8640
21618
20714
6225
23152
6671
12608
19486
14684
1913
5500
2737
16274
11021
16959
15948
600
19336
6697
11976
9673
12667
21038
18954
8863
11328
1218
7970
8482
7833
18695
6652
9900
4960
2547
22961
21445
18029
23829
4305
1359
9352
5289
3482
6759
23915
9676
6712
22810
8084
2353
2813
24052
3885
2556
2311
9769
23731
6183
1491
22992
6756
16891
22242
7093
21902
6077
10910
3574
5894
10520
367
12270
11662
22239
20971
5073
18937
19614
4933
12928
10057
20242
24988
2338
18392
21130
20393
13095
6552
759
6220
9548
1411
2246
16203
24874
13996
12422
21133
5671
5201
1565
20656
4670
6942
10997
17472
7436
23427
19581
24293
2035
18362
15944
21686
14539
10409
14149
20751
18850
9586
6448
1611
2333
10916
24953
17192
13608
11841
17108
22834
5198
15660
12075
6165
6329
2185
11664
13624
21997
8488
3995
14461
14930
13741
18878
3795
10536
16407
4603
20072
11369
24208
12808
9036
9684
5169
18509
9942
4558
2533
8271
22235
9409
20460
3834
12070
19270
21168
57
11741
15621
6997
12415
24080
15638
16905
20163
1678
22377
11288
17480
9768
14381
20203
12977
16711
6794
1155
21301
19457
11437
24448
10129
2391
24505
6240
3879
21310
18919
900
10365
24649
8550
24201
19030
18391
7747
4361
16010
6008
17552
18633
6945
6553
1734
14592
5672
8633
24015
2443
17468
5939
6405
864
1751
11512
17719
4934
3126
21385
19309
24667
19944
14904
14807
16132
10756
6505
15665
19685
11346
20645
23425
2348
18773
16217
23200
14109
2504
19934
12409
5800
23015
16729
6722
12992
15538
22375
21001
11846
3270
22981
4195
15695
9344
19237
11445
12437
7533
16943
24858
1852
3728
22495
15250
6651
11397
10146
23766
24676
7099
22940
10513
2503
23865
11893
7679
8493
5728
13399
8859
3452
3955
818
18380
22084
2487
8607
10640
6237
3634
11179
9082
10317
18791
16438
18049
16419
11221
17651
16287
6054
17521
2568
8170
928
3221
7499
8440
8380
14457
16697
16778
12468
15373
21655
1967
21485
13405
6746
4348
24432
3677
15377
10286
17158
19287
18415
20963
23077
307
10376
3816
3348
11986
14561
10976
12111
20856
18051
2465
23398
14073
23490
16660
21663
14984
5885
21312
21150
21438
4404
97
19168
3298
14707
12260
3697
6502
22349
24353
3088
17904
15270
19898
5384
3388
5465
18569
12615
4866
18609
6536
9311
2224
15382
3684
1595
18447
19423
18722
7990
21935
22429
9444
16089
5928
15526
933
9801
13491
6518
11372
21944
24395
21622
20700
12515
2720
12353
20229
5583
1027
24379
12844
1794
12495
10078
1018
19606
13457
1692
5979
9022
10879
11964
10835
3271
1842
12427
14307
18476
6245
514
20230
22291
16144
2031
5536
14637
4190
22274
24434
1813
19060
16390
18359
1040
21504
19936
17159
22081
17471
22163
1172
23063
13248
24610
3903
24251
24686
17478
23053
5724
14042
3275
17605
5727
16296
1041
9713
13458
1205
11120
5448
18762
13320
13419
5049
30
13252
9177
23852
13879
7819
14613
14435
11614
11490
3930
4276
16048
14285
21260
20238
22548
5560
6128
15333
3089
18139
24189
8678
17631
16211
11347
19170
10921
9261
4140
5427
5921
1449
21165
18344
15739
23974
22577
24291
4319
10606
42
22197
14717
8316
18411
8668
148
12949
10680
16842
14724
11460
2934
13925
22914
9928
15371
4743
14625
15588
655
20463
24533
20795
3541
20235
11677
9744
16691
4508
17470
5368
22456
15723
2480
18943
2904
24565
2469
23480
20503
17966
8671
3664
5400
2064
5938
17908
13803
1617
3061
20221
10713
16445
17694
12789
10832
23031
2020
20580
7688
3725
17843
11620
8898
4800
17514
4872
9432
21706
24019
10026
7947
18542
20289
16210
4911
5435
19503
6495
15756
889
17201
10849
19121
23773
12905
19576
6853
8955
1810
13140
11674
10074
23008
4880
20744
3287
14718
18356
11182
3659
12442
20439
8264
20447
16107
18341
8565
22058
8919
23145
3198
1082
10235
22122
5467
21350
1969
11415
3433
17496
20380
23353
9938
2274
15898
938
21975
2395
22855
2287
19070
22200
17046
22531
23449
4326
11279
22836
16828
11885
2834
14482
12084
15806
24123
11287
19440
12759
1803
21217
24228
24301
13307
20600
5772
21306
15172
5701
9649
4077
16792
7342
10250
4888
2866
9388
7702
16546
12472
23345
13649
6098
4852
15997
4472
10614
1048
23977
19175
12690
17369
17457
22244
14172
15388
3585
24997
5312
13481
10237
3704
9968
11425
23889
24724
17563
22821
7306
1017
17488
17686
17557
8922
5276
1855
23959
3245
9470
22387
5420
23833
978
21992
16463
23938
22305
6027
10031
23475
5878
19575
2065
10973
819
5854
19691
19376
14369
931
19290
11514
3458
11700
13489
14518
13079
6378
23682
24580
24560
22984
1817
9991
6734
3024
15650
6655
16528
2802
14715
6093
23875
9465
1780
4678
2717
6983
23454
21939
18801
14454
534
733
19104
20706
4322
11161
12148
12151
15295
20644
21851
12435
9956
8917
12687
2643
12926
5963
23388
8843
18845
496
18321
21319
2570
16420
10493
2783
15055
14731
2516
16878
11765
10987
12135
11087
2610
3019
21196
4109
1673
13460
11574
7223
23506
9809
21796
17378
6485
22806
3233
12877
20589
685
19699
16136
18336
14275
13638
12174
10183
18155
216
17307
15299
7498
7429
8362
14444
15367
11635
24303
19960
8943
20397
16944
19431
22051
6468
13043
9583
4325
17929
503
974
7971
16666
12614
1629
2810
11791
17803
20879
6631
7879
20383
18908
17341
18751
21950
9646
686
13654
7980
11181
1434
18684
1178
20883
15515
22748
10671
20620
2026
11440
4122
14923
23432
9640
23912
23284
15804
3049
14546
21836
23064
4185
12209
3121
14760
2928
14051
11423
16772
1508
17935
21313
13005
2489
20994
18288
22792
19611
14089
1329
15490
12539
18761
24719
15203
23734
20783
5022
11940
19071
8736
19306
1095
17305
8767
17991
12474
13519
15818
2684
23870
19930
19813
4856
2138
13987
18928
8660
10399
7127
20321
547
12173
21841
15315
10116
3351
17211
1330
249
15658
15192
6142
2399
18428
4441
10382
6896
21467
13395
206
23047
9119
9128
1283
15474
12825
1287
18072
21226
23687
21632
146
4343
3817
19501
3916
8438
5475
1068
9318
17055
19885
12636
1216
18826
22939
4390
20352
13180
8779
19183
16946
15830
23684
14712
17152
21590
5537
23547
15190
9625
14056
3732
2579
16953
24012
1211
15680
2614
21060
12392
24744
6698
11285
18376
3843
449
16363
17148
20797
4951
14903
9163
16223
11521
19637
2282
21876
22672
1199
12216
17571
10095
19975
10471
13529
13044
2863
1190
17817
17873
21494
10865
9247
4018
13760
10672
4499
17813
24158
22389
16074
9796
10895
19525
23105
3237
19757
10127
8423
1425
3094
19835
1764
5479
24869
8821
4243
18449
23843
6971
21041
6666
17673
20825
9895
1228
2812
12791
10747
12133
3674
17205
4424
7148
2510
8814
963
24941
21945
23455
19663
3347
10515
4380
6083
6068
2050
24728
14953
17482
6875
643
5268
18552
5613
21393
10442
18705
346
6185
7076
20945
1288
15551
13999
6909
6265
14534
2838
23495
12897
8953
12964
1360
15744
5429
2844
11654
560
13678
9217
23313
19857
5441
19654
874
14969
941
17815
3501
3479
4335
12268
16070
236
11217
3068
16313
3268
20554
10398
16956
7407
615
2991
10988
263
78
344
17916
17886
2626
5814
4160
4583
21739
10935
3931
22203
9865
2675
21236
20371
2858
10338
23240
24494
10856
15520
2963
20272
8172
12854
10882
11838
14645
21433
9705
23848
22068
17625
24938
633
2079
17897
18111
9765
124
13774
17560
17818
21893
14892
24108
15399
4844
18307
640
17497
23128
22863
12190
21766
10278
23371
2207
12351
6102
1498
8547
7253
12247
15992
22562
16722
1477
10213
3278
2009
7105
7427
15767
7756
17895
161
14330
17194
20458
7225
9682
13544
895
7334
23175
6330
13881
19630
23458
17527
13241
6431
12938
15391
17650
20772
298
396
9172
22087
1781
23908
6937
19478
8837
8070
7027
318
15720
15788
24299
18502
1263
13841
8124
3897
8764
18643
16205
7403
12072
19980
7459
7981
24176
23921
24092
22302
13941
15964
2921
23954
14603
8022
10138
7212
5364
6213
14691
24967
15932
17239
21714
10053
9335
18204
11283
11686
11395
17464
11451
2234
14006
14449
15953
3037
5717
245
10688
20698
3818
9561
23675
3849
13700
4241
11562
5408
19778
14747
6832
20251
10547
24264
14359
15878
12370
21348
10567
22850
13410
932
14343
21684
5715
21993
22922
4044
13934
6381
18717
4285
23604
7182
3093
8369
546
10470
10257
13826
17150
22635
9637
9329
22849
7811
6262
17677
7897
17949
18875
2823
14135
6080
5168
2997
17088
19725
11947
22639
24143
16702
17432
21302
6748
21879
5884
24346
18005
16015
11892
17985
4585
3366
22402
54
16329
5199
16175
14252
11220
19345
5874
15448
19356
18848
12591
14988
8204
22719
22959
4653
17649
3483
3084
21444
9394
11135
282
1750
13802
4536
19351
22449
4224
18282
5824
12529
18755
16751
8297
1636
3740
7402
3868
10511
21464
9415
15283
12049
17608
3255
20614
2771
1622
11470
13238
9000
10796
9512
24136
7722
9723
10543
19001
23627
5810
8262
19882
8741
19197
2057
16312
5793
17801
5713
8003
24008
18112
23695
8575
8123
9159
1338
16153
23793
13362
12777
10944
10561
20000
11343
9537
5645
6442
3125
14338
5992
8908
18279
2463
16078
19453
13512
24200
5432
6051
19529
22674
18926
11594
14508
23274
22835
4102
10745
18057
87
5763
17236
11816
8307
9231
10185
13154
86
11176
9917
16470
2721
10030
11517
2244
6923
18195
16029
22860
1105
16179
6835
13416
11555
8456
13666
8202
23732
2197
24044
436
4930
377
14356
17505
9248
19887
16433
19775
9907
17687
18034
21344
6679
10332
6274
9258
11602
14250
4528
6205
8315
15433
6419
22156
4347
18266
21270
21849
21005
8998
8527
1914
18669
1793
6509
1693
12876
19911
13379
6134
1959
15503
3688
4532
11999
24643
8093
966
873
751
5094
22008
22003
15375
10588
24979
18030
18777
5802
22041
10353
13084
22101
4479
4105
4287
11042
7475
10712
4129
1853
561
16021
9720
17516
22582
14527
8896
7159
3427
2376
19894
3334
7802
7152
15423
7874
20098
2925
4359
20932
11261
5072
19299
6689
378
11017
3436
22126
7154
9808
4387
21118
9283
11878
18617
2585
14688
16252
1092
14290
10102
21412
10433
3608
12573
21305
12388
3646
2293
21719
22589
21579
6831
18736
19784
21258
11049
14384
16859
880
12082
19221
19178
183
3844
19693
8044
18859
11122
9429
7033
1212
15053
13732
14898
21956
2110
9293
11113
12953
21980
21375
22076
3797
4982
24616
13394
12816
1163
17431
7804
19040
1790
23569
19266
7849
3001
15004
13511
11337
6208
2181
6326
24559
23327
7126
1235
24022
20264
2135
1328
1064
16064
7268
16715
16973
15339
3031
8347
8738
12436
358
11163
10570
9994
11937
23040
21607
8283
18138
8505
2464
2901
21870
12428
18450
5137
4669
4522
21599
14469
10798
23479
23598
3686
10385
11145
1783
5650
5360
20090
1666
21077
16535
23989
18181
5136
8497
9455
24791
4032
22311
3990
8285
657
15327
11494
23849
23205
21491
6827
24706
7046
13269
21249
20745
9944
14496
14118
18604
2388
18369
10830
6735
21183
19860
2061
12840
19046
23001
7317
19950
18212
5369
8615
5317
13882
20807
23822
3899
10124
21174
1020
24279
16615
22109
6199
16278
20733
21197
1201
7510
14125
5556
20317
21877
9902
14538
9612
19533
426
23375
21251
18001
14243
7511
14901
15416
20394
11835
6209
18475
7493
693
6767
13662
1465
7878
23399
13291
5069
13876
4009
3776
10443
739
557
597
14975
1613
2417
2753
17064
7272
15318
15976
18960
5845
20729
20778
1935
15385
8308
24260
16437
19116
19574
6740
8761
16016
16638
13198
8435
7247
19940
6172
1652
23329
1284
20408
19678
21584
16440
7587
13250
13916
508
10076
12859
12579
21707
21242
12014
24928
1392
58
3097
583
21172
19722
8800
533
5124
5
1851
16752
19362
4264
24097
13097
6282
10375
24304
21667
10352
10555
21654
6657
1564
18009
6166
21867
17693
7776
13936
24931
10346
12316
8680
3176
3751
17844
4919
3374
5354
26
10417
19977
2830
19358
12755
13402
9028
753
21971
14891
12183
1978
10456
9833
23613
21244
20682
11319
19313
8965
20260
20316
19546
12544
8412
15861
15204
8494
18258
10073
15960
4084
2154
22108
20044
9513
1811
24951
8094
3823
21533
22083
5554
2202
24263
18740
8893
15854
9129
18221
20165
9327
5483
793
23817
11069
1880
23944
6035
22798
8570
7543
20991
8023
13103
7769
20571
2230
2485
11356
20051
15993
9101
20323
17021
10551
8411
13299
9499
12418
906
17666
7871
22542
10408
20214
6092
13850
14905
11329
23377
17907
13152
16234
15578
11670
17913
5326
17612
19788
4375
18275
20860
17854
16464
20349
9695
3180
12511
21656
14919
24730
3324
1176
10098
16159
8856
24806
21452
23588
19873
19015
19603
1822
23410
7950
10576
15044
13900
14676
8797
6544
15670
8784
10717
9569
7240
4586
937
16013
10524
5242
7676
21776
13287
19277
16849
591
6474
15745
11624
7035
788
8523
5406
11265
8021
19913
8778
14906
16997
8616
151
8220
16906
12560
763
3968
14938
21897
24716
4053
19454
23170
17678
1741
24373
8602
22319
23365
7275
20147
22186
13053
17263
17645
6373
8579
11528
16841
13231
9201
15189
16342
13852
19979
13856
1110
10132
642
20944
9697
1868
12846
24548
16289
5902
5390
5130
3636
1057
16377
5325
13809
22131
10525
13159
19283
11153
24991
8238
8752
16873
11491
24125
277
1107
23290
23758
24443
3486
9196
19564
19018
6190
6151
22145
14813
18584
8128
7221
1876
8138
1077
3246
24900
12067
9983
5074
19727
11162
11252
5263
2030
18443
1396
18763
2992
16618
24527
14174
7557
23018
13764
12438
12381
470
6010
7629
16183
4867
19823
7753
10870
4042
2140
6957
21457
24445
6900
20245
10603
12693
12852
17968
1534
16250
21683
6906
15083
17367
9644
23083
11778
9909
23
21829
13074
16781
5344
23343
5788
17993
13563
2390
1545
8793
6236
4368
16084
24011
8441
8773
681
17495
20073
16706
1726
2747
2466
19260
18618
20313
18399
5088
10800
15693
9490
53
962
8920
1725
129
24957
8425
18910
17210
11573
22738
15093
13909
15761
2539
6350
10966
11277
10396
12280
8406
1650
17463
6211
7725
3788
23727
951
24611
13937
797
7684
20246
15607
23544
20668
15066
12364
24163
4584
8872
1435
13228
7910
24168
8730
20469
18317
14180
12417
7561
22926
9785
15802
15977
20416
24142
13970
823
17052
23630
3647
5244
4531
10936
4700
18381
11058
24419
23965
7209
24485
484
8364
1797
9728
1364
13744
14601
8848
10876
14344
18950
9831
22092
18444
23117
14008
19676
20930
24085
13960
20828
23280
11607
15476
20818
16847
19641
1749
4923
19897
13875
4156
10554
23447
9732
15322
7181
13935
4137
16052
21721
1145
2651
22955
24000
17355
13786
3214
18825
11002
17894
15245
18153
17292
13612
22443
24701
18895
18571
7325
2825
7090
21631
8068
13106
1901
9453
4450
22758
16631
14522
22247
7484
5235
21878
16930
3991
829
3876
14772
5973
234
23043
16087
12708
17178
5796
3468
21546
22447
8367
296
4344
12743
8553
19188
8215
4046
18232
17259
14841
16585
18200
16540
10620
9184
24009
482
12684
4252
1976
3316
11472
19145
4111
18264
10939
20847
9461
12244
18342
4425
8956
22931
23144
13013
10953
14992
15091
20022
10140
17831
19459
5799
17000
6162
4770
4066
9976
5988
14781
5453
3256
12347
4318
1
6878
24525
4994
15436
22272
15821
8086
3727
19758
13872
24319
7909
21366
19736
21666
20112
19424
15684
24403
12274
14045
13733
1173
659
23855
10807
13576
15799
265
11817
8712
14054
2228
4386
8434
14788
8462
15058
19380
24817
11795
20784
8722
842
23325
10061
969
11603
6598
21012
7574
19014
14098
8257
4778
12393
14633
21496
4463
8758
24698
17215
18591
13111
14473
8513
12348
7224
7410
15043
7807
21865
14152
1992
18824
20957
8794
4961
18868
16593
2467
9046
12008
9309
12906
16473
19682
15682
16700
22226
16245
14406
13492
5434
22458
3592
2214
17530
8379
18003
10504
6596
6454
9756
16816
3922
10819
15221
14596
5949
23376
17659
6934
1681
4766
2660
11201
18780
7376
12993
24050
21920
16767
23300
20336
256
9367
19363
23154
18990
9400
19500
4726
24834
13357
7265
17265
3205
343
17238
24772
19666
17575
8480
5080
12384
24054
10608
16719
24837
10898
10337
10734
10763
12161
15229
1991
24507
17490
6812
11149
23400
18628
918
7843
10967
7399
2908
7951
1022
1580
17836
8260
5569
24964
21069
20742
6948
23532
15881
15552
3711
24617
21089
17676
13520
11338
9710
563
8586
1301
8807
9568
19100
13249
232
12001
15516
17425
23549
11540
19475
14332
18076
9822
16365
24185
14316
22791
11047
16683
15989
10933
9116
18679
11094
18287
18890
8037
19958
15727
16880
5294
14269
10364
10624
11400
15120
24469
24195
8156
5006
5942
7490
20329
20561
13551
9202
21104
3723
1365
4571
1151
18463
9339
16808
20378
21856
16544
6717
7004
427
12857
22514
24903
3759
2005
7294
6019
10481
5607
12060
18096
22780
9171
20062
4134
4057
11133
21918
17271
199
594
19949
9667
3538
1436
341
7964
13762
23060
9016
10388
22716
327
15831
12426
9093
2586
22353
19310
17987
17700
20558
16999
16035
8019
17162
12293
8866
18686
12645
22895
1891
21888
10955
7526
17607
20069
15049
20480
13012
21638
11434
1200
8399
12035
19399
17048
6449
7673
13495
10829
21693
17384
11236
2346
756
20249
3671
11575
9519
919
15687
24232
3619
15988
16198
12051
8200
21074
13671
23771
7374
1251
2707
19192
12073
3617
16267
6156
23753
24484
9629
24608
6385
12021
12376
15359
2713
269
589
9686
868
1961
3564
5273
24547
5174
10152
9341
20943
14460
8808
2953
11706
780
20666
5971
1877
911
21159
9678
22614
7652
18785
11571
18483
4582
15240
5797
16663
8748
2071
20006
6132
3108
7051
5857
8076
9259
791
11004
3640
14619
22219
13928
5658
854
20962
24435
10177
2688
24615
483
7863
14697
23328
24340
21474
12098
12342
20011
24234
6902
12487
19420
1530
139
11872
13004
3639
12700
14567
12764
6925
4894
9142
811
16421
18170
13912
18709
11856
10716
5935
1541
5266
20471
11724
2323
5806
154
9042
9207
10737
24149
14670
17469
12726
12350
5141
7584
19849
2017
16098
3781
15790
22102
8692
15722
14790
17955
7908
19312
3232
5818
20479
1592
6238
7394
20144
14590
19302
1214
11616
17706
498
20692
1874
6920
24005
2797
22330
15505
20767
3850
3091
2644
2750
14144
24582
5743
566
10227
24472
6629
8214
1718
532
15470
3491
9714
11101
9925
13917
4942
24028
1953
20049
7596
21154
17069
7217
6275
18731
15562
18787
5091
18541
15129
717
6559
16920
5970
10502
6476
7424
8842
21793
12626
5906
5020
17275
8620
15998
22348
2263
5170
7066
6529
3420
16053
11204
11932
22997
14296
11198
21282
20461
22720
3525
23514
9740
13742
24356
5989
7435
5358
72
9546
13188
8647
10092
21368
9270
19341
20164
8839
22479
20117
4620
18627
9375
14286
11253
16616
7542
14328
12371
21131
9908
8366
13863
6198
23360
13201
18568
20481
20942
24313
20663
9012
2248
1361
18892
1054
23519
18592
19671
12191
3325
5707
21039
20862
4941
2612
7853
16505
22039
17079
13514
8980
20882
6951
16358
516
9795
7809
17582
22012
19451
22630
21371
6930
19909
24209
19520
2019
6859
12833
6882
14594
8216
4594
7388
9443
17412
20866
18598
4228
7290
3943
21565
23525
5307
2576
10638
4978
4574
21545
5288
2883
2318
14160
9073
11536
6691
3513
23643
23391
6862
9069
23359
15090
4217
551
11612
5341
6886
20151
4493
17391
18768
16082
12304
23536
21966
21037
15308
4967
1014
5634
16938
19932
17116
2852
2251
19818
16664
7912
11320
646
2887
13312
6681
15877
7468
9072
1444
16330
2473
16173
23389
5571
10028
8967
19660
20842
17827
9597
2382
2351
2604
20586
2634
22987
19117
6989
22128
3533
9094
1220
19773
17850
18688
6266
21751
22585
5029
10350
108
10942
15641
7507
16580
9222
20010
5347
18544
15533
2616
13896
11771
22482
18934
169
11169
2042
15081
21406
24888
3100
4874
10494
17919
19687
14012
2853
16235
16595
921
19324
12176
3497
5172
15047
11998
19743
5426
23369
22474
24623
13986
19724
2531
5550
22073
11038
8636
17141
865
15440
17792
21528
1358
23180
13354
6243
4435
4765
4231
11833
20118
19586
19723
5450
11625
12264
13885
14668
23408
904
855
17597
6316
24777
15407
6355
728
22775
16014
8753
2637
10103
21589
21575
6525
18583
3872
8491
5181
20720
306
16423
14780
10358
14961
2785
20065
7295
8617
22211
24489
964
4698
10151
21463
6576
13335
14000
9300
14288
3337
21789
1103
17298
14468
4837
17161
3220
12714
9430
13655
8609
20581
17641
20867
23714
3775
19540
24386
1898
8209
13259
13002
9955
20343
4443
22586
12976
17752
5318
10021
15098
24514
24965
18834
19636
85
24689
17880
17138
19251
12317
4333
7483
14003
19495
22591
21627
18799
8101
14070
16541
14475
24955
7243
22459
2124
12292
4307
12571
13400
17604
24859
18570
3216
2241
15261
12588
21886
12204
8883
9399
16732
11452
240
6196
21254
11769
1400
21586
19504
20820
23911
3871
20270
13587
19974
22710
21042
14401
23891
4998
16576
6639
18064
3025
15001
22683
15160
23143
15386
22681
13133
16325
12481
18553
2687
15195
23550
965
20146
21155
3941
17526
3946
12738
18188
20780
14445
9797
14737
13118
22891
21203
24526
24956
22757
7279
1550
14204
6436
7005
17986
14528
3201
9837
19173
17990
22095
15640
7281
8726
4887
18043
13747
11116
8744
15864
23625
13770
15889
5447
10153
12066
12689
16756
2715
19074
15398
10432
5708
1255
8557
11040
17362
23520
5139
10363
23762
12379
11750
13077
6750
9058
13844
8699
22285
17745
5562
1922
21268
2926
13734
5373
12373
1987
7842
13348
17373
1032
9683
4117
24895
18729
22539
23521
3741
21569
3516
21771
20781
21365
14094
20034
13232
18054
2491
16001
11530
9199
16718
22511
10149
15477
10461
19923
14184
9392
3248
18634
11129
2243
21616
2729
8131
15062
24490
6593
3136
21882
1637
20484
16590
23779
8272
21803
13384
24060
11904
23819
19240
6257
16137
19651
19953
8854
457
11559
2164
8102
15829
10371
3701
2358
23350
19262
4145
5302
21909
9648
23367
24271
10739
8142
16980
8827
9191
14801
11495
19828
15694
2735
18863
6830
20836
10990
17092
24840
4681
1910
11585
15227
19780
1571
17630
21298
22020
5437
21905
18199
4999
18425
24845
4178
5287
5458
23476
1276
4936
4958
6389
13268
11388
14407
14692
14410
11712
18642
12267
21016
6248
19012
1949
16518
12180
11387
13855
2472
5054
23453
5085
15914
630
11502
4121
3310
4006
13510
11634
1298
17287
4017
6075
18612
1773
354
14085
18757
19805
4248
7408
15130
7173
15071
22470
18262
1551
14741
3169
9835
11455
22066
6441
13523
6423
949
23406
3738
23923
11115
21567
9240
21645
3827
9880
5228
20846
345
6950
8119
10281
4824
8937
153
14207
21006
15661
2584
2917
1591
21424
6447
14452
9365
24600
9716
14162
18431
14560
10685
80
6223
1293
24651
8520
13113
21990
16753
23101
11095
10698
7316
21713
10011
11256
7000
3045
10090
15140
18756
23650
23515
24596
7400
18855
22469
24366
7437
22937
14526
13948
20739
3116
17022
15618
5383
14579
8751
10137
6489
1454
23621
4699
19138
669
22882
2525
7754
8979
17386
8805
4829
2775
20129
17901
12642
6818
1675
3397
11918
8885
121
4164
14442
10439
23467
535
10294
8274
13964
6619
19209
10451
24702
21259
12660
17555
303
15378
10874
24244
1923
6672
15973
19598
6610
16834
24241
24324
20647
419
252
13693
24624
6765
1111
2509
22558
23212
22739
14108
20253
2559
10413
21609
24867
11507
24645
10147
5438
6947
19848
24480
24105
10896
10918
559
11114
7162
2986
2520
15213
23719
291
1684
21621
64
15432
7060
20958
22605
11314
8855
14130
783
7717
8310
2256
10900
1938
5286
11432
19983
21167
16225
20155
8248
8067
22196
18110
3746
17874
9363
18198
21910
15224
14836
19488
14223
2484
23113
6206
24212
14044
4871
19487
3695
13924
23678
21222
21451
3974
2780
13459
11006
9652
17023
10872
13217
12294
13122
4818
16805
6362
18783
12922
15348
13806
24266
17066
11309
14069
15134
14199
18114
13659
18113
9758
996
13727
22688
7315
4944
10467
4115
18559
10833
2500
599
12128
8116
14299
13352
14102
12375
10314
24618
13010
9011
5269
1878
15706
24183
22135
11072
5243
17216
5691
12368
5697
12659
24371
15342
13147
6616
6160
17112
8400
13253
5766
7285
20199
11882
4369
24970
14750
16871
2578
6940
24805
15199
2437
10842
15280
185
10535
23568
15547
14350
17950
12087
5301
24364
2147
14059
662
4810
16648
13247
3821
8599
12892
20996
3413
9920
1311
1688
4556
1429
16362
3412
8429
7420
13890
18594
9699
19439
4897
784
12345
7491
179
24930
15924
21512
18141
13578
10296
2940
18707
14803
17030
18749
4317
7465
6848
11184
18194
16262
11903
7630
20608
4623
24306
12265
11376
2989
18872
12044
750
22778
13282
4899
7759
10292
3307
2099
16591
9413
6105
1154
10891
20332
7885
18904
15170
23931
3552
7050
7552
18748
12552
24175
16744
8516
24820
19150
1078
22744
19372
24755
11675
271
16282
2919
10924
9239
9106
977
2820
7347
7170
6521
7219
4422
2306
21115
6465
3730
879
20881
13906
22386
5782
18163
12893
16872
21
5425
13595
20615
4848
11364
6229
18015
15275
21670
24764
1035
22583
10465
22953
13086
16164
7259
15046
9065
1307
385
19728
22973
9452
3836
10279
17038
20356
7672
7880
23640
16298
21509
13975
21835
2549
4363
12402
9530
12405
20402
11913
11797
325
16845
17788
17934
13859
19698
20068
16323
23016
5912
11952
18186
23566
20521
24023
3013
17601
5923
1270
10448
2959
7504
15485
15855
1651
5993
18523
13345
9816
9827
9052
19148
10687
5150
9545
8188
6351
8033
8662
10809
2893
16910
7332
4449
5159
2309
13487
5664
20021
11988
2192
1007
17016
1682
18130
21760
8867
12995
8140
7930
16895
3107
12456
3668
12492
23545
14664
11526
5899
19875
18388
17345
19261
11438
12775
6360
15356
12152
2451
1345
23091
11711
16857
4599
1494
17983
24278
11643
14507
15589
22185
13942
7623
19414
15048
17171
2475
14595
4568
19384
14997
12589
14182
11671
851
8648
21035
625
13516
6869
2067
2299
22346
7788
24402
16409
3962
16327
3641
18071
20755
19744
23248
22262
8114
23707
10863
16283
12918
5388
13699
13627
24350
13466
8253
6006
1252
24769
2106
18665
10661
12836
4451
22862
5675
5492
14981
18967
12873
9618
15596
5825
2327
2682
19982
14353
1000
8062
2088
8304
24155
19965
5134
9168
18354
2387
9593
24932
10923
24411
17709
1006
3703
5815
24329
4244
18651
4769
21733
8567
18525
5409
17738
23433
15725
20922
17839
4774
12569
11371
10777
1525
15146
15162
13792
11935
7078
19004
22879
15958
20061
758
10519
19247
20538
19776
15325
6141
23711
5466
6927
4483
21854
15570
3090
10121
15117
4879
1096
13804
2552
23211
6368
21207
24792
1164
16829
23767
9734
10163
24159
19509
22407
3029
16861
7389
19208
16854
12801
6153
16057
14212
12210
14437
8811
22392
11669
24754
3076
24041
924
3705
19300
22888
14477
18378
11744
3855
7038
2710
20109
6344
14119
14077
17001
18201
4272
89
16654
19193
5132
10258
17662
22572
3204
15332
16963
18839
18254
7080
9836
3739
23811
22864
20918
5847
5218
7556
16766
19555
21382
14863
17096
23648
18037
5614
23693
14767
10601
1129
2305
24933
3994
17870
15178
19255
5158
1669
1710
23344
11735
6339
22337
12914
18494
8934
22093
1222
5439
13022
23591
5674
11638
10604
16525
13369
20992
20735
23444
17349
579
24693
19421
8130
24062
9063
17656
11160
2877
12106
24066
5752
5065
4857
7129
20148
8886
3130
3782
7618
9125
14117
21149
19590
16632
24280
24916
22450
10249
11691
12644
11728
9642
9032
1587
6482
2968
4445
12139
18728
8972
22148
2129
9812
4334
9878
10989
1397
23209
13668
19282
4004
10246
18959
13346
14386
23196
18082
17224
15624
5421
2141
6668
12505
20475
20448
1555
8043
24835
7062
20519
3279
16578
3520
6787
24409
10043
8208
20295
15674
17208
71
15595
18493
15524
24587
5876
3369
12397
12788
21193
936
5008
1261
2319
678
22569
4997
20384
23242
22642
5253
14663
1423
24936
23559
2681
19908
22985
17722
15884
14142
9232
10793
13573
6053
11269
17010
12147
1320
10510
15143
10913
20514
2639
10794
4284
17585
6315
20376
3917
15574
14683
7356
23614
20891
24633
21163
5202
7991
21665
14628
7237
22656
19692
19868
3151
6380
11222
2702
49
9143
11351
18766
10875
16348
1597
7362
9118
4133
9412
3098
2930
18771
24976
12349
9460
23671
4861
9238
5444
13378
20904
20934
6363
19315
15835
8250
4730
7244
7131
10691
13730
13694
11348
19095
9080
4996
21559
10430
11544
24446
14823
8548
13183
8245
20041
3322
13776
11431
14165
2423
13114
14993
3660
12868
5445
23010
6768
21986
12085
9515
22428
18117
12925
20333
15028
15882
18445
23499
6150
7141
12650
6905
2077
6133
4617
16802
4662
11810
1633
10025
18397
10022
19134
1038
10194
13297
14566
18231
18285
18534
405
4068
7881
15594
10377
14564
684
21648
5910
23160
15534
24226
8743
3349
9750
17971
7932
2867
24096
9608
13415
5638
12514
9285
4279
8666
19669
7444
15916
4922
24662
24031
17465
16114
5807
11254
15193
12697
10080
927
5931
24211
13263
13609
2560
1866
16605
11215
2062
11800
12533
14231
12536
6411
5681
4591
2886
12585
8944
7091
14835
11066
467
2700
4475
5153
13538
6644
9581
6771
4573
1421
7488
6119
416
9137
11020
15431
14632
14148
10139
11426
23439
1784
10752
21028
12587
7633
21871
5117
11064
17173
24309
692
17789
12740
12698
10801
10050
5075
21974
5552
11581
22293
19213
23622
5851
16095
3811
12935
20548
17439
17435
3626
22502
2145
7273
3875
21519
1744
19377
6535
19065
16983
6723
23670
4186
14777
2069
1476
658
357
5183
13979
1607
21478
3378
703
24553
22165
24763
