16194
6990
7303
5408
9190
6513
20699
7138
9397
8464
1896
10831
24263
4985
22811
22360
2054
2163
8463
10486
21648
415
19562
18619
12894
15608
2089
22385
7824
16330
17468
11477
21735
13260
7338
9930
11263
16115
7538
6659
21926
4245
19310
5424
7777
18609
10911
21147
10286
16575
6591
24364
4991
22562
21190
24531
21670
11388
20502
23885
1556
11097
7655
13682
13215
7736
24635
10259
5720
19132
24732
4198
269
12984
15121
16058
1881
15767
11549
4292
23685
14995
9512
5055
5859
12243
18128
13311
4184
19053
15731
21280
18752
15311
21322
3044
22801
11362
20615
22521
19666
4330
1932
22164
4866
17949
16989
6616
1977
8720
15289
20453
15210
2998
4621
9538
11464
538
6770
2366
22140
14306
21165
8201
12849
2918
13904
24893
14519
826
14056
3943
13207
13861
3598
9134
23855
21008
14536
5003
6022
21410
14933
17138
16799
6332
4608
886
473
727
4168
5369
7931
2373
7054
16268
622
18506
14832
19565
16286
20194
765
2657
8368
6210
8754
19160
11635
24436
21911
1070
1939
17035
17500
23334
22820
3866
4271
21877
102
14560
11704
17002
19374
22453
11681
5105
9858
5291
16016
14136
19956
13008
16361
3383
12136
11955
13085
14683
18734
14383
23300
4107
24859
17109
18628
11898
18493
24222
13461
22782
20323
8728
3605
6076
6826
14783
24837
20344
11283
6222
4917
15559
18280
11926
16323
16231
16708
14593
23511
4456
21456
24539
16306
12956
17546
14313
20272
5406
13531
12583
23264
11083
8499
6641
6832
12899
752
24228
1972
16163
23829
14371
17482
3321
153
9581
10705
7706
2705
4927
20232
24403
3278
14430
4876
19326
14071
7373
908
6689
14204
647
21318
19199
10445
21547
336
16979
3454
10332
4697
20743
7152
9112
6065
20181
17377
10047
6694
2495
7271
746
2212
8559
17971
12734
20722
18815
18413
21658
17134
11080
959
2857
7130
10525
6126
17474
3283
20254
18929
18627
595
24550
13297
19212
12904
17394
7499
5786
22512
14496
14411
10387
1331
23781
1431
10251
24471
22542
11563
19196
22096
15584
9322
4652
2593
5578
16150
1545
6597
2733
5676
20411
7263
18877
19935
23362
5118
11094
8338
2276
19801
11139
2577
16711
12135
21835
2170
3939
18309
10702
22299
9552
1605
17342
8852
18946
9646
11940
10236
1403
11275
18065
10489
9919
12639
8828
19123
15913
24615
18455
11236
9878
1026
8519
17429
8659
1601
3863
8815
8676
9279
5200
13064
24870
22050
21461
11788
16416
10965
7065
4242
23490
18315
21808
7763
16595
3122
22508
2207
5493
3134
8629
17665
15552
16805
15437
7613
22887
5863
5897
24230
15384
4493
8300
22807
17820
13522
9408
9822
14007
15952
15808
21531
22334
23142
8856
6496
4384
4586
19303
20048
13575
5742
10836
12457
21194
17818
6388
19155
5077
19709
21788
8707
20428
24608
11210
17046
4109
22683
9077
14641
12935
7290
11863
6787
5240
15497
5459
23073
11738
14578
7242
8920
16228
8399
7642
21304
8036
6186
10883
10591
14986
4732
20634
11137
19038
4640
23147
22431
1522
10369
18339
23206
3067
23102
1309
23495
17669
21176
6782
12860
18959
18151
2598
13750
14101
246
14449
1314
20208
14943
16289
5556
16832
10050
11800
3523
21436
20478
1395
24654
22524
88
3251
835
3785
137
5890
21183
15648
2951
2271
18265
10420
20521
1347
19905
8183
1734
13777
7199
16379
6163
6414
9458
20360
18916
7300
10256
24132
11844
15082
174
19324
18325
3163
6083
885
12841
4222
9980
21970
10094
22208
13266
15174
24009
11398
15225
19993
1508
24192
13598
8705
4288
18135
4093
24091
22126
23703
17407
19151
22034
1676
6700
20926
848
3652
11857
14359
13668
4509
9230
2654
20162
21731
12958
22548
19647
9903
16890
2969
1213
17090
11696
20527
12360
5856
15988
22750
9828
19749
20922
21771
17357
501
5366
18097
22880
17246
34
2567
13144
21028
24689
20969
869
24789
23053
17514
3043
3952
9409
10379
16835
15635
21155
851
16090
2183
15800
16422
21591
6618
13379
8841
9449
15966
335
5836
3376
13834
24609
19694
22779
14387
2888
18197
9633
8946
5286
6876
672
4909
16810
3381
21024
2842
6662
16084
685
9572
13048
735
12507
23623
3990
18043
16023
15752
1948
13163
10052
22245
13843
19494
10086
923
8826
17571
3391
19661
3596
2749
14238
6972
14808
22983
7631
22239
16094
8444
16854
20451
14159
9150
2079
2294
17869
9522
18347
14273
8240
7467
8200
6102
20412
457
19195
16104
24817
18240
8692
14616
2154
19640
18033
24518
11483
23484
3472
10071
10320
2048
20293
18784
17612
4977
16297
22130
4332
13094
13895
86
12385
1759
2538
4920
20623
3066
9485
5134
7944
2478
1740
16759
7992
22000
18541
24182
22372
19425
10068
16039
23246
9860
18178
3517
24282
21281
3211
23004
5381
12482
8511
1006
4542
5388
13550
15888
10910
15465
17921
21238
24733
24386
11245
4381
4474
22055
20053
18861
14184
22833
13020
13909
12566
17877
20672
20621
9852
3558
12192
10411
21747
529
21440
6786
9879
12835
7501
21754
13937
1246
15412
2393
1859
24501
8387
6411
10814
13574
17299
14067
10309
21511
7127
4682
21625
21508
12665
13079
17798
21809
19069
19844
1353
9837
21661
1136
14168
19951
24739
465
21058
1218
13300
8015
9726
22564
14217
9246
4563
10600
10019
22794
3021
19745
1352
13988
7721
2264
13836
5156
12844
2511
19635
17241
19497
12463
12160
24047
22008
20603
23616
11937
16960
3373
23287
23231
13452
16271
5194
23592
1091
13202
22610
178
18802
23768
11110
12239
1836
22612
23668
15998
8597
15459
15155
14393
13971
15703
297
13063
6773
20158
22073
23337
4499
7151
24588
16901
19444
14803
23011
24658
15213
1232
22309
13496
18556
22838
3754
22388
3468
90
15196
15045
3277
6965
13187
22486
1088
23032
21084
12932
15009
5906
17587
13525
22634
17813
16988
1413
8005
2799
11290
6766
20104
8804
17460
1482
16405
12334
24433
3279
10515
7741
23871
6624
17617
5724
13766
21158
17576
18115
3016
1857
12272
22810
12209
3496
15079
11433
14348
13180
18406
23310
8149
5852
21964
8778
14928
8814
20037
14894
2977
8258
5255
2771
21916
17115
3753
8011
3773
9483
3872
20719
7062
21100
482
18743
22640
7593
19375
3180
6793
19302
24816
19805
4076
19204
2231
1864
12345
8947
24221
5727
13267
11075
23226
15848
16881
8428
14252
11903
536
22525
24827
19064
887
17962
4813
12052
12246
14975
22207
11046
23115
1141
21346
23806
9793
5646
12176
19652
4524
9367
1168
18885
7140
2391
18918
16077
20944
7172
11758
20234
3978
13424
10500
13829
12214
16959
20121
6613
18061
22178
10308
15013
513
12298
12008
8824
4322
2286
24868
856
9649
5078
4516
24041
15353
1726
14704
4176
24903
12425
4816
20837
4341
2156
12704
17470
4360
19287
18688
1887
7382
14047
12613
12362
16586
20851
8908
19273
1786
14650
13178
9276
16695
7457
13404
23510
21586
1193
2356
3109
7540
5358
13120
920
13556
6315
15926
22286
20755
21234
20393
7688
13251
7163
8801
1725
22565
8335
17494
22980
18314
4351
22824
22361
13942
18820
10729
8515
18594
12137
3565
7014
3215
8638
10437
6776
22065
7847
4679
680
2849
14513
22605
7808
3696
12944
4424
17347
16254
17004
22004
556
11766
14039
11338
11895
4483
2656
4261
16493
2537
20067
19669
12890
24319
9821
2441
1260
19014
18888
17939
1075
5115
24129
150
2292
3945
7998
6045
19723
19657
1491
22249
12610
11708
16930
20531
13631
10088
11630
10723
10856
17305
4132
17198
21576
3606
23299
11381
16267
13555
4364
10669
23842
21097
12768
11253
23989
260
9686
24250
1192
4821
11149
2473
17260
6362
10815
19932
4907
1875
20883
18375
20291
18094
15811
23183
2848
22133
14058
6726
15889
18813
14148
16263
20476
943
13568
7994
10536
15428
14538
6855
5167
6705
5648
14360
6783
17009
9556
19115
6287
13104
1515
950
17399
13026
23013
1529
8004
16577
1818
24105
19061
18940
22609
8688
13136
18207
2805
9659
5116
15522
2352
7861
22632
15054
18195
18279
22287
9820
1228
24117
20455
16086
10651
5634
23704
8632
24797
245
20581
21379
2380
5466
14350
24196
3743
942
361
16079
911
2717
10378
21373
2613
10036
18765
1195
24168
19234
5668
20321
15796
19065
17499
13779
17251
342
7630
1025
1799
4513
3658
4419
13543
21756
6285
1265
7427
22037
11126
16132
3313
12731
14729
13643
16680
13106
1727
18192
17439
19791
4339
11688
4735
9264
19884
21934
371
17336
1533
23074
19799
21633
4935
6788
2141
6214
16819
17899
23343
13780
10163
14865
24605
15585
8033
9904
5400
2507
23192
22658
23575
11938
990
8473
2221
9147
15880
15570
15868
305
18488
17847
16918
843
1479
8891
3727
3366
16337
17069
1158
7141
23481
22317
7551
20161
21255
18889
5898
1800
6096
14498
23708
2008
11336
23201
3029
17551
13363
2085
2185
7865
6032
1161
7717
709
7647
17177
14458
9323
16551
1187
4881
21286
16682
10647
24187
4199
24872
7762
10224
9054
18496
22347
3575
476
11460
9174
5491
15852
17585
13430
7685
4883
21265
14307
11314
16828
3155
13214
1454
816
1615
21752
2479
3191
13840
14403
15421
5345
20018
10409
4770
22546
20212
1429
17204
21783
8680
15199
14299
3954
11613
20380
23840
21759
19845
13339
1334
5997
5146
18921
8268
18508
23280
5051
4901
18670
18286
12622
23132
19323
7192
7309
9709
7582
4304
24602
20346
7627
6916
18334
270
7103
22162
12225
9008
20367
1484
2695
17077
2244
6545
13690
20469
1481
1907
2330
5162
7536
13882
12755
19758
19244
11530
7553
6304
12703
2854
14965
6043
10575
6108
5517
5572
11281
376
15797
11551
18601
15681
23383
17835
22273
17007
17840
9901
21998
21726
15946
16858
8383
17214
3139
9569
3637
4230
4468
991
4539
11828
1930
24269
22960
18939
5797
22633
23749
12154
3750
21017
19240
1106
5103
15239
11731
15228
2013
7942
21724
1516
15563
21173
19733
12197
19390
18853
13608
7856
18466
18763
12753
12920
21169
22434
24370
15576
21228
21817
20172
9257
2824
13385
8103
20156
18271
24679
14983
5412
12481
17929
568
15499
23402
13661
11905
6763
16626
17364
18790
22578
20564
154
21654
1657
18607
20992
4839
12700
6743
11482
22193
21006
4190
4393
18729
8034
10603
11529
11002
21153
4731
3197
4150
19401
4050
6280
14794
18679
3913
12310
18530
7154
824
24519
18136
10170
11709
2915
13744
8543
24581
24317
2282
21698
194
383
22033
3242
17596
17763
11706
11999
19656
12319
5790
2541
711
12581
21197
16262
14301
2959
263
12923
7932
21708
22262
9618
3098
1775
17413
8460
11221
22613
3065
6698
5585
23348
16640
7589
6196
19600
1460
3711
1751
11508
1941
24990
19341
4812
11861
19168
13617
22913
982
1012
17144
13529
14433
20470
10464
2652
13391
18555
23088
21493
23652
18074
10598
23288
10338
19075
22480
9608
2711
15912
16092
22728
7025
3145
6861
24672
10733
2175
13245
14068
2252
18681
2343
497
7617
20132
19547
24267
9938
494
10305
15993
3666
24279
8269
16034
2653
3829
7262
11576
23363
1131
23185
8459
14515
24065
18633
22336
24342
4900
22741
24258
3220
13683
13828
8237
10107
18250
24922
1202
1929
5011
23189
4988
2125
6493
22642
13292
8702
4966
10945
20679
17353
14229
9233
18440
2235
21579
896
9889
9223
566
21229
6461
16189
10121
13527
23880
16146
12436
9305
10280
18138
14887
1715
12821
14776
7658
9277
3828
13485
1585
6036
11457
16380
17586
9657
24542
18221
6856
16865
9799
122
22452
19189
13139
12742
22687
19112
14327
7430
22881
22224
22160
4655
1969
4171
7918
16806
24012
15651
12198
24822
11939
7744
14871
21820
17901
1642
4263
24053
17280
15244
17029
20127
7957
758
11004
5657
10040
10627
23935
6123
8493
13961
19752
24923
7431
2950
23766
11775
8404
23141
14467
18603
10438
23464
24090
16435
15494
24530
4015
21435
4650
18047
3244
23312
8105
16968
141
17162
11040
11853
11241
6504
20576
18190
17856
14270
8758
10358
23224
1913
23646
4677
23737
2763
12902
22587
8456
12400
11076
132
21667
6171
145
18513
13037
5401
18736
12261
23662
23659
13096
17974
2162
3705
9313
6192
3811
17432
18613
11697
16283
15509
3478
22793
19946
22930
7375
9385
15420
16601
15857
172
13866
11538
1646
3132
6811
20119
19925
7522
7006
17191
21819
763
19679
934
11645
4987
10474
13411
20598
4685
4687
1839
13047
2138
6200
1376
23601
874
10154
18069
22200
3190
17662
24369
16204
23530
3782
15490
12596
16015
480
12840
7114
22142
3322
18363
6425
8486
10846
10183
15830
4604
22181
21986
10586
14137
5875
13352
4308
10041
7759
3222
7868
22996
7019
21721
12658
9964
2091
20948
7646
2928
22104
3483
14486
11351
18864
24877
1976
4215
17243
19269
14483
8439
23722
24763
16838
21363
12218
9104
24237
12266
16944
17636
1009
13283
20231
9373
20394
19049
21573
15207
14119
12393
24205
1451
10227
14697
23052
19139
16256
12709
2518
15085
6931
18662
7778
11455
803
12526
11163
1591
22936
2802
16597
6303
8869
4973
9102
5373
7115
7859
14103
5180
12196
11434
8968
16173
16006
2040
16357
14790
2783
8541
24281
6424
4728
8279
17403
14733
24825
12991
22476
17021
7996
4755
8694
250
11466
15516
11915
11438
11282
10648
16005
5855
20418
20673
562
1240
17783
23606
16767
22995
18332
1007
16207
22806
22879
919
16630
9286
7312
13845
6864
495
3124
4879
20821
12103
1877
10124
5295
8254
19917
22988
15349
16633
8410
5953
22195
15804
1958
17791
2611
5184
22830
13935
16719
18144
9620
19940
12733
138
13952
10772
19620
24983
21399
9892
4149
14091
16443
21233
10382
15326
3959
15960
11932
19257
8610
24338
21679
18545
1817
16247
21080
22864
17689
18208
5726
11935
19823
4784
3080
7247
15975
6677
17793
21418
11643
6984
173
8343
17425
22724
10193
12893
22946
6621
23143
6306
11257
4397
22187
14588
12027
4278
9099
16566
9576
20145
24086
6937
16089
12678
17941
22419
15928
23512
20647
12539
2094
9254
4237
4819
11798
20142
20686
23169
8285
11607
3840
612
3734
22405
14045
20842
8261
23110
21254
23474
3996
11614
20902
24510
794
9693
7350
3014
5310
8926
54
12931
18228
14167
7223
20550
7618
23219
18235
7496
5961
10288
11489
18373
2335
5709
7565
14261
3521
2937
22304
18680
21563
24673
24195
11589
21936
18012
4372
21287
2967
23270
14851
2365
10963
20734
20574
630
15894
24927
4104
16554
19742
4572
24848
24612
5273
1744
390
8006
24499
16440
19782
3567
15327
24543
861
18009
20413
20144
3680
12462
15605
7186
13634
14052
4817
9197
900
4145
8523
2155
24427
23478
22928
5207
24032
12444
6926
14954
20006
11672
10015
24537
3092
6889
16497
16689
10465
9069
15633
15688
15773
17254
10096
11527
23914
13792
7794
15143
2729
4387
19057
22765
15375
23155
21371
13029
19453
14991
8568
18785
24807
8488
22025
524
21282
883
22320
9240
17171
17621
16325
20742
3717
22314
6874
5817
20325
24556
16193
15683
2745
7982
20962
20008
24636
19136
3648
23212
1670
16175
23207
22655
20709
21526
16778
4188
22026
24076
8555
19970
24367
14439
20978
15069
18053
17782
23557
11025
20518
6830
14905
24951
24029
16600
10962
1978
19700
22902
21046
14918
18884
9130
9296
19354
839
353
17019
17059
23205
8503
18401
7171
4868
17582
4251
15515
11022
7812
21049
9877
23203
22907
14006
5484
22085
9922
16803
11169
22028
22044
19248
3056
10348
615
8922
14302
812
20059
16528
3245
7911
19431
208
14147
2435
9880
6693
6578
14172
8906
358
196
15853
7410
22781
22604
8497
20244
228
10520
1942
6128
20422
10194
15117
18139
24159
20774
2614
19680
121
18919
7915
4365
16596
15138
4202
10334
12058
24748
8357
6266
14389
10045
9958
22194
20065
6464
17213
24421
11319
7096
8901
5190
2204
6672
1550
6079
8681
20285
1092
20747
22787
6882
12630
10862
17220
3958
11684
17238
24633
23233
10596
14819
24787
5878
4800
18405
20449
24879
6905
24735
7174
13134
17817
3175
23846
9816
7555
1805
10639
19897
21151
11927
22693
20074
24894
12086
5602
747
6410
18343
8551
19010
901
10710
3195
13
19343
17155
11015
24016
17153
22456
4255
7693
24833
4992
205
17699
6511
3904
19296
14949
18909
6669
22323
10924
13052
12618
12055
8669
4785
4741
15068
850
17440
15456
24088
10657
19096
16038
12169
832
23028
12862
6377
7429
18829
9365
23607
3495
1749
6771
7973
6428
12260
14824
16676
9642
14806
13790
6598
8262
6610
22514
14322
8471
8331
13166
18249
9605
21568
10809
16602
6125
692
24332
15640
1416
10162
15918
11652
19162
2962
20834
1924
16035
16737
9896
22313
18653
16623
24795
14318
6644
2924
16295
16018
18579
5551
21108
8530
1526
19051
23455
3324
15089
4818
22268
6169
1711
2927
8043
18008
13921
2145
9656
11653
2523
3183
602
972
10202
880
5925
1407
16542
5621
19540
9580
14862
17728
5060
21900
20401
22851
1229
18962
9850
2026
7001
16511
5216
10768
422
4072
24200
4216
1813
16442
23042
19991
5552
5275
7005
7708
11967
21709
2236
11325
11
7920
18526
24511
5252
3369
18935
15748
13742
15406
16935
21083
14712
22828
24520
1084
6082
17168
13388
17868
3545
6312
12941
7943
13818
14069
15232
17736
14243
9494
16904
19452
7608
719
23338
4120
16293
4092
2297
11380
4088
17858
8474
9383
5678
21906
22436
14667
16636
16356
3007
9208
12711
11496
8914
10493
16224
4547
8016
3876
7598
1473
14867
7063
3218
3352
17637
13162
14046
20692
24845
6170
119
7475
6986
648
10004
19493
8064
15991
9765
18865
14626
20011
2496
19765
2406
18099
7946
6828
1905
13694
4146
15712
22358
1952
1778
9848
17516
1313
8592
18362
10290
18433
10037
18054
13071
13672
355
24852
23005
18006
22097
16114
12403
6068
3512
23240
3428
1224
11407
855
14576
14179
5423
5242
5068
4027
2724
17390
5170
3035
1909
13874
20475
18533
14542
11400
8475
16452
306
21061
6181
13619
1250
19450
5153
18972
21736
2362
6707
2250
17633
3968
2659
22199
24300
7842
1238
7487
5144
24640
12619
932
11864
13760
18995
10543
7558
12210
10564
266
2822
4705
7233
17757
4954
2201
6375
22538
12106
16375
20940
3505
22052
20426
21258
21582
8010
16635
910
23477
9260
13122
888
10637
16398
18786
99
14064
22492
22263
3499
19996
10549
10203
18944
20402
12782
24013
8057
523
22039
22248
5254
23862
9677
3358
20573
10509
5660
19271
15063
10354
21018
4016
23554
12217
15388
9862
19089
10216
24624
5522
24780
109
23513
19718
11644
19282
24736
23058
5773
18331
8349
6320
20873
18630
15580
21040
7781
23235
3948
10304
11085
20874
23087
12598
8994
22839
15463
2689
20482
24961
17678
11195
10938
15021
17584
945
4026
22312
22443
15172
24021
22371
23850
13985
18840
17384
5454
7701
20720
19510
17495
19708
3728
9932
1990
22382
14830
1625
15860
4600
6340
22221
18760
18338
16000
21398
21745
3970
22225
24449
8430
11750
8073
2647
14873
16571
3940
20706
21873
10667
19190
23149
22146
4197
23179
18756
15547
3814
23952
2176
7472
11831
3746
8394
10199
23986
18143
17367
9387
2461
16516
3307
416
22770
18217
4799
16216
4773
17540
24836
18038
13237
17199
23139
21711
15198
11648
1061
15615
9796
8613
14191
1517
11577
14820
8398
8496
12963
24407
6283
1316
15693
5713
14084
21995
8447
19357
958
14370
22393
10386
18999
14050
9565
18258
10172
9057
21522
24461
14372
6844
4167
2881
10940
10046
21451
23108
12909
1512
21239
9603
19618
8158
10966
16786
15698
7749
15612
15818
7447
16449
14931
8384
6406
3294
868
24704
13753
7170
6912
1059
215
10725
23165
10130
14959
9201
6921
5832
18174
10777
16209
16279
23822
10441
14847
17486
2751
15602
17731
12466
11548
3119
11147
6808
12915
3434
14816
325
6344
21129
15080
20349
14300
10187
21066
19648
7032
2982
11375
10410
24684
7830
5926
21094
8214
11820
11918
2405
13005
5510
17511
23586
1575
9526
11422
9564
24882
22501
16218
4457
15692
4196
5929
21985
13234
21247
1338
10967
18774
21002
23900
18082
9966
13581
10852
4529
12281
18661
11700
12253
12429
7991
17178
14981
23389
16770
14089
9453
12121
7403
17207
18906
3612
9225
24905
1660
15864
962
8267
15575
9762
20833
1356
8429
19210
16917
13018
2190
19313
20838
7981
5974
20870
24376
16788
10195
11784
22461
22952
9342
6155
10313
13380
24290
281
1098
18067
18358
18016
20406
2463
21600
10466
22842
4310
9299
12684
23598
24583
11406
1205
22857
16166
970
6809
17028
13092
13484
1816
2825
3738
16088
5083
18732
14480
20296
24600
4054
12521
18023
10159
500
17992
6279
10433
21930
9399
19698
18847
8651
8912
9337
17891
15900
21134
18454
13118
3008
14893
20754
19215
8579
15261
11629
940
9971
15694
6402
20956
9462
22766
12491
5706
14970
21401
5464
3569
5124
6952
13066
7184
11365
1382
18020
13762
21044
3258
5258
13498
24363
18176
18010
24912
290
14506
2394
11941
19206
10844
21763
13849
5311
1439
23794
4814
22307
18715
22858
15634
19595
5271
16030
19298
11165
9706
13275
42
21746
7719
1851
10249
23265
22366
21377
2494
19520
10873
22535
8039
21588
23791
15669
12554
24167
3152
4129
9004
18908
15282
24160
19372
6064
3349
19537
24959
22120
15229
23492
8897
13126
21797
19780
24856
17651
2970
22748
18842
7579
14566
11504
20760
24917
15432
8647
14003
22631
16731
3557
4296
24557
9263
10413
14653
15498
4013
1530
12329
13115
24853
18553
24695
5759
19246
16984
1234
19987
4959
21172
17991
1787
17354
2181
19581
15227
6479
6006
2238
5389
15324
368
14400
16699
14267
12342
6265
2910
2315
19888
1934
6329
2229
1968
14831
14285
14727
5683
9747
10887
3174
12276
17691
3963
20270
12973
21729
4356
1623
4994
6397
20985
22921
11947
7470
22380
4930
11073
24081
15938
5749
19817
21294
20108
9684
7827
21589
3442
12522
19566
10362
9769
6534
22530
19276
18953
7723
22705
14822
1892
2305
689
3560
1504
22168
18622
18086
6747
5323
16053
14652
1814
15591
12817
9048
20768
6261
9626
21071
6584
21509
2616
3632
13357
12743
683
15590
14613
7175
15637
22227
8336
3994
17649
14619
11039
15165
5865
2043
4519
17789
8773
19344
21853
5088
7121
10590
120
7614
9415
24960
22557
9979
15214
1641
2377
14146
10269
9810
8161
2983
11356
22499
4407
4403
24496
905
1017
6124
5290
9052
7656
4618
7323
21776
11340
9817
7833
11413
21659
14690
5350
14869
12537
15673
7446
20030
12062
375
2565
16049
17183
7334
16037
4952
22934
15668
9028
14323
24734
7195
13917
13072
10082
13875
16195
2401
15343
17964
15055
24422
2242
11454
17405
17352
3485
13004
6712
18215
13211
3062
19029
13460
23281
23039
24681
9269
23637
8993
19304
7909
14166
24796
10013
655
7365
11982
5864
16108
17564
13176
1544
19757
15393
19174
18810
14587
22520
2131
7002
22253
1027
10568
16221
11737
1267
13389
4642
23577
15572
19839
12002
22387
18890
8370
8595
22532
1678
17555
5604
22018
20860
5920
20919
11424
13450
18626
21669
18052
8377
5468
11917
10594
3874
15647
8746
1377
5209
7524
5815
15863
11240
18214
1357
18316
21650
17309
4315
20010
10129
23390
8247
11879
11533
20187
3297
9448
23963
1124
18386
2035
24575
19871
24040
6395
22378
20019
3071
20178
13225
23886
24914
15567
22294
9909
19005
13142
20828
13238
3880
16852
11612
17442
16171
15287
14597
8467
3836
1364
6158
1383
24389
2750
23432
6842
4435
5128
23796
13381
4793
22769
6132
2199
8350
14750
9251
15331
1640
13213
11176
3721
2474
21360
13728
15345
9256
13688
15075
11517
6594
22877
21852
5228
18974
7806
11409
2589
12542
22555
11622
13702
22021
13244
1019
13588
20807
9344
11009
22894
1230
14793
11324
19033
18183
8440
23395
6596
427
7813
21411
450
12552
24871
6384
22823
11350
2866
3742
4335
15146
364
7408
9126
4158
20814
18264
2007
484
5620
8498
12562
8722
20613
15757
6334
9107
21955
24674
6829
16505
10812
8272
9016
24260
17711
13958
22783
8396
4458
1803
1674
8971
20383
18936
23101
5853
24119
8745
4235
11491
4612
22666
9945
6015
18336
16813
9923
23469
15112
20061
1421
7451
1398
9001
3551
14165
12548
17027
18120
18817
17885
981
11018
24030
23899
3936
14840
16953
24211
13605
2087
18875
11254
15168
19460
4100
20298
24448
13025
23657
3034
18976
19442
3252
2193
4152
6376
7149
12252
20979
16764
2620
24800
6066
10279
11821
17236
5404
6956
20862
2520
1860
19259
24138
6289
974
23714
17012
4760
12484
21309
23787
3403
2497
14875
22812
9864
1998
19685
2029
7416
15617
17772
23199
22599
19995
19030
10406
6563
17945
18616
41
14195
7210
4610
23571
12926
8517
18269
23447
3140
12475
1590
239
15625
3890
14759
16316
8516
24918
4126
23979
18287
7962
21700
16683
20986
6691
9834
24792
8872
17438
10662
24627
18330
19847
23915
3715
22708
3178
2865
19335
2167
10939
15053
4265
5876
18360
5507
23542
14904
12231
21400
16461
13817
23707
10234
9489
12162
4437
24587
3553
12774
10875
20878
14699
22458
531
14590
15222
22467
11473
22439
16027
20514
11055
8
16047
4520
14412
3635
13739
16639
21555
6899
23193
4182
3702
2314
5418
22071
5086
13624
19528
6968
16574
20042
5963
7348
414
24051
7626
11469
8441
23091
13327
20880
15163
9235
13454
9738
1053
15370
14649
9434
7406
9982
11127
4740
133
16514
20235
12722
1214
23516
23907
21395
984
12152
8369
14643
16753
3644
2736
9275
22090
20643
5183
24677
24607
2862
9803
12321
4283
2450
4820
18453
8305
12077
4494
19671
11270
12775
11805
7883
22260
9717
17988
3673
20164
337
22982
24593
9419
22956
11888
23392
20494
24276
21850
21610
10631
5758
4262
18219
5475
1531
15231
18825
5630
2823
20002
3599
7999
3292
11756
12988
17650
12903
15502
5282
23883
18093
20649
19579
19031
14182
2469
13685
814
17448
10632
16191
13082
18429
24399
13101
11052
10955
15652
19525
9025
23843
11866
6165
20000
20737
14854
5416
23728
18432
20094
5987
703
13970
14143
1174
12529
6268
9447
10724
22922
19256
7549
4593
10859
5696
9568
20313
8966
18491
61
16896
1
20559
8434
11534
23482
12644
18686
15573
24043
6807
14304
2211
22689
24754
24964
24778
11157
21315
15950
21329
7754
22964
600
4361
13364
805
10455
18950
8378
6142
20191
11972
7100
11582
1597
23268
9508
3224
15816
4281
7268
5603
16911
9440
21245
13419
19427
12380
17947
19179
11559
2542
8583
11286
10901
23422
2634
13298
20916
5785
21777
19274
7137
19126
8438
14855
5945
9046
156
20817
11088
21925
16667
15157
10501
24606
6130
5768
21792
2384
10053
5205
10512
16800
10469
16185
17780
12353
15833
5843
2105
18967
4688
12667
20173
8817
4686
8297
24972
6575
11845
8646
24839
5730
2847
10893
11718
10103
13791
21182
20013
14253
17404
18328
12811
23969
5138
14526
21728
18872
15706
11227
3849
23316
6228
14034
13724
20881
4569
23567
22653
24104
6906
1052
4532
19859
7851
12730
20287
2347
400
19446
8414
5982
2758
3630
18179
17512
15293
8701
9181
584
4274
23502
14470
23982
2540
9789
20921
4127
21827
16613
17376
12714
17717
17857
6780
7366
9727
2453
15989
19408
24110
8683
1212
14264
10417
17375
20155
690
5482
15929
18479
15476
2383
18226
21858
5624
22818
60
1445
13220
19751
18417
24023
17735
16078
24745
15730
7036
20850
17372
20259
1865
11091
19093
20177
11532
2731
12331
17591
11735
554
6116
5508
16967
4378
13177
11299
24316
11173
21020
24172
463
7016
7128
458
17913
4767
9253
19638
13191
20262
1542
2809
1387
3688
7906
3832
24148
11626
6946
314
11128
10117
490
10866
9098
9579
18305
24239
16510
3205
20326
24308
22391
7105
21471
8620
11204
10899
14237
11570
17700
2692
23259
16620
12244
21326
15016
8443
999
24913
17896
18477
16111
19153
9800
13198
21273
1204
946
17641
7867
267
16752
9505
13437
4323
21851
16353
1709
21812
20130
7305
9948
15932
5393
4622
8743
16140
19255
12556
4837
9678
7739
18645
6016
23227
7080
19200
12477
7381
12756
16820
21206
18471
3415
5820
12423
14700
3156
3042
23805
18411
17797
6351
469
611
16419
15687
13197
1169
5569
24646
12263
2263
4783
24862
23725
10341
3172
23555
3540
19092
11542
21645
14492
18733
3794
394
16625
18811
21012
11217
13713
5097
17648
2316
9753
9630
12914
6154
9013
20912
1271
16606
13772
6925
813
21285
17875
13087
1714
20938
17589
12204
21437
14713
8850
18319
7786
17522
24048
20427
22590
23408
8965
20771
2017
14609
16177
846
21043
16258
22505
24142
14924
10993
8892
18735
4852
10566
18257
14057
15275
20295
24283
21767
16861
18537
13436
20614
5407
3453
19933
10679
20266
4081
13730
23411
6678
16646
7415
3895
7669
2308
21430
11066
13799
12347
5639
3408
15315
20903
17022
1397
22544
2660
4347
10766
5960
9426
23647
14962
4847
483
106
15332
3081
16063
2796
6639
21665
2978
8838
14562
2814
14254
15010
6679
10677
20611
14233
461
9053
18007
19316
9155
13494
736
21296
16276
2548
17904
13124
1303
20577
18516
15520
19134
22198
15120
19746
20602
4348
22469
23672
2202
13697
10479
21086
9140
7113
4096
23164
16567
8844
4193
20403
5828
1448
5473
13667
13232
18071
10025
7307
5127
4124
11313
17366
11199
3664
8068
14634
6975
15755
5887
3947
20063
10541
8859
14558
22300
9946
4517
5529
20654
3751
8790
15335
16913
13880
4915
9542
11136
12776
21616
24544
12021
12188
12832
15237
23217
23587
6474
5542
6221
6626
18064
13337
16118
10484
11335
8853
5024
8538
11206
19413
1186
9039
3284
13105
24183
9096
11705
20093
17644
22092
15812
14529
10783
1902
3230
22230
3562
22066
14797
22370
20174
9515
8564
18340
5446
5089
14201
20739
18152
22258
21406
4894
21297
13862
6113
15189
20111
7954
7327
1737
1155
13230
10440
2488
6292
22665
20138
3636
4156
12496
14297
8855
18352
22174
23901
22944
2032
24663
21103
3822
7892
23001
10923
5314
4244
13787
1119
6663
8616
11797
22043
13431
8452
18267
5825
11690
1488
16222
3214
12226
14171
8840
288
3262
12968
18928
10380
9205
22394
12818
24213
686
8130
15749
1067
4886
3845
18587
24866
3169
13218
14647
14070
12981
13291
16217
15135
7422
20806
24068
4289
11307
24809
23618
2290
22261
1135
24362
19364
5595
19803
767
23664
2016
18780
10981
4350
16327
23225
4557
16982
22218
5984
24408
13426
15091
8228
10552
14075
9290
985
9894
17956
5234
24325
1833
7157
16264
2375
19410
23370
11452
17391
23014
12848
13774
10995
4625
1564
19852
8337
5371
1919
12783
13307
98
18818
17656
6846
3073
12980
8783
14490
24943
7269
14826
304
9704
21193
17684
3761
24064
15843
19137
59
22749
20089
12449
18590
22362
13055
20761
11687
761
23375
3301
312
4488
3003
5708
17513
16274
10514
5248
865
12038
24025
23595
21065
17498
94
11804
23581
1305
6728
16517
17067
23643
17141
21730
14377
14328
20538
3204
62
24595
14786
7455
18409
3653
22428
22154
9421
22621
8170
2996
382
9530
22185
22425
7516
5689
16176
10926
12631
4786
6106
14886
968
11574
3763
23830
15362
15347
3997
20024
7203
20582
20316
9970
21770
17097
13010
6426
23984
2055
20183
10649
23071
20051
5281
1142
116
13798
5588
14567
18124
15447
20659
13720
20186
10005
12536
15977
5592
17202
3086
1901
10895
15528
17024
11692
9942
10761
24604
5117
14533
1861
13483
18549
16627
14457
3176
2471
22933
7087
14126
3749
20746
4113
16616
19981
3226
4534
18849
1349
13003
3516
3795
24603
22477
23591
12175
15901
714
6031
6033
21623
11547
11511
16368
13406
18692
21593
17326
24976
2379
21749
2341
6632
15305
7662
4318
10655
16987
20769
22241
2761
17756
9471
9082
13100
16324
4737
22330
4431
5968
2715
3862
24507
5680
24210
4478
10803
18710
20545
1578
23954
11026
12129
1470
4257
22024
18966
516
19468
10416
20267
2492
23548
6753
22774
23388
10461
23634
941
8525
22714
15554
9760
1428
13107
21996
21275
1519
14271
18652
17266
20185
21685
21417
14219
447
10634
1315
15592
7395
13285
22606
11886
7218
14575
527
10213
24134
23764
5342
20297
9445
15680
20086
5492
17537
21495
17719
18015
14708
1472
22745
13257
3824
11492
16112
14658
17826
21569
17360
7196
24697
10664
6495
18422
8245
16350
11371
9207
7584
15936
9280
23445
13650
14858
2421
7769
20911
22940
488
695
21416
16475
20583
4414
697
10968
22618
8802
4681
22897
19228
9285
19582
21772
2968
19118
408
1384
7236
21849
1437
14044
7079
11510
2157
4267
12500
18894
14291
21335
23373
19322
1440
23857
15782
24693
20868
11303
1789
2772
11990
8833
15529
5114
3239
16563
1090
19001
6348
20783
5498
9021
2332
16879
7495
3439
13073
7031
1840
19678
23688
22047
1394
4707
9093
10043
24497
7671
20040
22647
12348
1911
23506
16355
24668
13810
1358
23777
15835
10700
9558
11571
11440
3488
24178
24235
4420
511
12640
14170
17698
21447
6463
9481
23324
15302
10593
8375
5848
6885
22481
16220
24690
604
7084
8173
2674
2329
16029
4611
10793
5928
7428
24487
16794
13655
17723
6730
127
12206
18263
23936
6441
14373
19124
16605
23944
1038
7970
1324
9705
2061
7704
5762
9404
20971
13344
10261
14452
10833
5294
9592
20437
2172
23837
15160
13050
20012
1697
11016
22895
22875
11262
1847
20307
16948
12953
1794
4009
849
1791
23049
22470
5528
24125
14042
10100
1684
17174
21358
22295
22238
23918
11316
13540
8643
19163
18665
3946
8152
13343
7287
6571
535
15725
8358
13947
5872
13039
8755
4166
16986
23909
7835
17629
13761
14738
1208
22318
13801
15560
1101
12290
1288
14158
18557
2115
21174
4228
22068
9955
8450
20256
23374
11778
15373
4581
4835
596
9648
12608
18034
23732
9746
4492
21389
22871
11323
20271
16709
19201
9168
1846
12372
6895
7529
18420
14276
22664
6576
12497
11919
22581
17846
9891
21982
11166
14660
17578
10468
8106
7563
13319
24227
16515
9785
18739
1276
1336
6162
9331
9752
8102
9103
3338
16618
1974
207
11095
7347
5044
15118
13664
18731
5670
23107
19768
20103
7919
19077
17919
18087
24292
9598
4962
20871
20276
7361
19140
3392
15044
1138
219
8182
1079
16447
167
9410
24130
19853
15775
8799
662
18787
3529
20385
7622
14117
10992
19207
18803
4990
11429
15978
14985
16729
18042
18899
5122
576
19272
1414
13852
1340
19306
17972
14968
8921
8689
6875
1102
726
4334
11134
9316
13145
80
574
8819
5175
19003
16214
18402
9731
676
19563
2
24920
6014
16040
10998
3969
21550
17233
4449
14573
8614
13002
1245
7692
20184
24373
7050
8151
14655
11906
12916
8969
24303
7090
23197
17876
11698
7930
23050
1880
14850
3308
12043
1951
15218
9473
11616
22502
1108
8904
12258
1083
14161
17492
24888
23043
12646
9045
4169
16983
8373
22915
13560
6298
18975
15372
10960
9941
21473
19703
21325
3687
17142
10810
4180
4062
10881
24764
1583
5463
8220
1795
5907
18824
13922
1055
1584
2218
22504
23696
2274
11242
6365
4342
16797
18238
13929
19896
9636
16394
10681
18910
8270
21235
11301
12771
24629
13086
11349
5460
12653
5159
3486
22023
17289
11105
16370
12967
21699
16154
7388
6863
17769
22020
15206
18795
18858
10408
8303
18852
19607
6944
10186
19169
1335
7968
359
1852
2549
2901
6101
17054
13884
14475
9017
10652
23258
16547
4309
16665
3796
13462
2116
552
10906
5677
293
1477
21583
17083
834
976
16425
19828
12585
20941
13630
13931
12625
21691
13137
9813
24577
12222
17159
13537
7602
17261
24692
6605
16975
8209
17430
7494
13721
20517
7965
4019
3803
18571
549
23776
1000
5743
22186
11187
5966
12424
2240
14618
6422
21498
12937
6567
7074
21465
11512
23639
19040
69
20414
14438
6007
4768
20505
15717
14734
8536
13501
16590
16235
6967
14553
8565
14896
190
9068
17285
7302
31
13068
1289
592
1167
17794
11541
1577
21494
14772
5543
21052
4946
575
5629
5384
19695
21242
6484
11716
12713
1304
2209
8953
12882
21943
19356
15263
14344
3060
4715
24628
18650
2530
11200
20365
24977
17750
23129
9623
18129
23381
21865
3541
21969
8465
16996
13024
9835
14005
7666
8353
23730
19436
2270
2360
11856
3698
3775
6321
1293
13362
5038
21972
16860
16202
13135
18467
11556
14446
11054
13796
5047
16579
24952
17770
1241
9461
8751
10522
10246
13227
21381
8110
17580
5485
21015
284
218
7635
18987
6687
7949
10418
18992
11484
8673
13956
3790
866
15367
19619
20139
6482
16663
16474
23615
19879
21180
4396
21542
7897
21676
13769
23654
24887
492
14021
5566
6724
22457
7590
179
8100
23345
1282
1207
10347
17225
18684
18298
21570
5208
5274
6533
4937
20310
2878
15587
10876
23550
19696
14392
12745
5185
16056
7082
17380
15708
3593
19692
5642
3268
3760
2137
24397
21196
22254
2363
16345
11096
20382
8129
1165
17412
22277
4730
18926
24493
21908
14640
9925
20547
16463
6467
13499
2010
17804
22859
16883
13125
16768
17603
6379
4477
19307
21878
12964
21388
18018
3934
961
14022
4713
7975
2868
10235
11763
13390
14932
24004
23198
13119
14695
20305
5901
19720
19682
13368
24823
4582
12571
9177
7473
22813
6262
2795
18738
10429
18232
1702
14739
12532
17398
844
2730
13516
5239
23972
4210
1140
16169
15828
9110
19107
8188
22099
1215
20077
8296
2737
2826
19593
19253
11727
8834
13372
19824
339
89
8634
22679
18945
10424
23111
9169
12411
12324
17967
2299
12314
10248
4953
18127
24516
2993
15957
8250
12313
14993
22310
14074
3424
2601
2326
8413
24613
15734
19254
13645
22283
2429
6296
13621
18562
23457
16322
8991
5410
3357
22038
185
24432
14308
20117
4922
13926
5888
19192
20767
19461
10405
12779
16924
1509
12373
16299
16961
15663
8987
19854
18547
1490
12414
16939
10205
15065
21274
733
23932
22117
18757
9216
18934
16877
8301
3619
14767
8466
15579
11005
15666
14310
14888
20530
19369
9033
2990
7502
22620
20387
699
21774
8861
24773
8020
15073
17574
22697
3216
18531
18721
1596
16160
19471
17401
1284
7528
3413
18980
12588
12421
20497
24991
24849
20770
6509
6476
5806
532
4427
6203
299
8768
15438
13850
22889
17333
15464
17239
15746
6490
3655
21502
9241
2106
13775
12468
23396
18801
3762
13992
7825
18050
3530
6653
5892
4531
16817
9986
12387
20444
17167
13281
13764
17170
5702
20914
12182
2415
21414
24209
23553
526
7620
2187
13675
8731
20492
23741
12426
18791
17051
8763
7779
6336
21331
23066
10644
5633
23153
7286
19399
13146
22408
2397
15478
8711
10264
20396
4533
11807
17707
1748
14209
3498
14038
6590
22539
13521
8403
21442
13907
16301
3126
2454
2923
4293
21879
6798
10295
16491
4368
9000
9255
6729
3856
12025
13016
19220
17583
5019
11717
17265
22586
4898
24094
20646
22490
6385
24305
2938
19818
15658
13795
16179
13939
19860
14868
10198
23453
6506
2658
10232
5885
13183
19716
4049
7253
23995
9474
22747
9151
21334
14901
4373
3090
24349
22095
9475
13502
23580
19391
10423
6870
362
14682
1449
5341
3362
24136
5871
18156
20968
6299
22727
9427
2416
20641
23077
8939
8580
19359
238
21619
21150
391
10708
10153
18475
6981
2285
20257
401
17123
13199
16611
914
5189
22274
18469
10276
5296
12752
515
20601
10329
24044
12221
12767
21253
4105
2101
21896
3162
4778
10255
6199
10577
8236
7367
7484
19643
24481
9389
24644
3937
17906
5285
17319
4556
8589
13999
6775
5792
19397
24299
1034
11922
14691
3769
8069
22403
11394
23890
18389
10165
17014
323
13737
7143
20693
6282
7332
9317
5334
13733
11610
21490
2963
16192
195
16910
17073
8981
17126
3374
875
8090
19649
14266
19327
19794
8448
1809
11974
23117
2266
146
14012
24419
3807
7960
1020
7816
15872
2604
3737
2819
9602
19686
7356
23758
5537
4884
17850
9676
19541
7912
21958
24741
11526
2644
13940
4958
16490
2449
9432
514
24190
16955
8796
24975
821
1162
23449
3436
20248
15286
9680
18308
8446
24662
12605
12448
6999
8187
14115
21706
14809
16064
6104
23293
11770
10934
11581
15969
20487
22855
20569
19445
4442
16758
12907
20314
7046
16688
10517
1635
16750
11431
23797
17985
16840
5553
14642
3404
2275
10443
21575
289
22845
17332
18304
6821
10641
18079
1866
20728
862
4075
21004
2019
24102
3380
24881
1656
13111
18256
5905
19141
4498
12693
20400
12193
14156
14099
20282
24625
9748
5564
7969
19821
6439
5672
20513
4902
24863
13442
8442
12381
891
21833
5767
13618
17160
19004
20034
6246
20510
21217
10946
272
10425
22870
10817
7153
14002
10665
24980
11490
21089
17674
3928
22150
17240
467
1652
5383
12533
18274
6748
9843
3353
3009
4672
3465
24031
11712
6021
3199
18060
449
5570
7852
4775
5669
4806
3621
22579
15205
8811
19947
10306
18438
3925
5299
21051
7227
20087
3387
5686
23069
11115
19968
12737
21179
14221
21513
12541
19048
15814
5028
22049
9593
5673
7896
16008
14976
14675
8529
15513
1434
23785
13271
21992
23921
7341
16710
13751
20805
22942
16995
7219
6892
7711
18372
20945
9499
17061
4409
6423
3893
8531
20028
23948
7194
18851
4662
7331
15443
8027
19743
20616
5279
20395
16704
14891
22589
4804
14614
15674
13846
17862
8586
8886
17597
3135
24058
16155
9561
1691
18881
11956
15505
2527
4638
3912
22256
1520
18171
656
3323
18499
922
12716
10635
5574
12046
2340
560
10499
4194
5794
17619
18021
19622
8842
410
12509
18586
23012
2500
24087
1412
7289
11092
18855
8884
3164
23414
8665
1602
12274
4842
16237
14559
85
21864
15751
9736
20025
7013
3484
24248
7772
14670
3915
11780
24174
4664
12395
9654
3706
20898
24163
21672
2477
19748
10395
18635
17725
13752
13487
23906
23507
24621
16592
17210
1999
1733
15504
5796
20445
8849
15614
4463
6195
23166
21338
7819
11874
6859
19279
2886
8286
639
8167
14397
24156
9497
24523
5344
20528
18714
24151
11198
23407
11852
18773
15846
9467
21222
12069
8293
13250
6762
2765
21032
10211
4006
7797
8948
18637
18476
4121
11899
4764
1915
5631
12606
13915
6231
22719
19133
4358
8249
21139
19223
10020
347
20608
7230
5679
17610
19684
16448
9144
14582
23780
8776
5908
23884
16781
13475
5573
3589
21355
11259
17121
5772
1152
16031
23790
19054
21300
24631
9436
15684
333
8942
21488
9540
1632
21088
1003
23336
13130
22438
10612
20864
13328
7807
8992
3712
21997
2302
22352
14105
1873
20689
23661
14314
20840
23754
9369
2753
5087
5359
4119
13473
15448
15201
739
23349
20096
7136
22970
19299
14960
24153
19921
19152
18075
15043
24312
3449
5589
16441
2625
2434
14365
16062
1848
12677
22850
18647
3535
22898
18497
5717
18874
18383
18485
22767
17078
14281
3192
6817
23305
7343
9548
3240
3791
1923
18907
1058
9026
16201
12401
9302
10941
12355
13980
18103
9167
17075
14367
5061
285
12010
967
5851
15424
12100
11991
11964
20793
12828
24569
17053
3830
18302
2053
18045
9583
4057
23894
12530
20032
21220
21805
12492
18580
13580
12810
11942
24314
2508
3336
19836
17704
3342
5500
4807
6958
4260
8344
19350
7083
22415
5694
16681
6650
5390
19901
16223
11794
13273
23113
13361
6751
20301
16362
786
9281
2864
14963
24019
10231
12736
21603
23819
23795
2784
13046
8734
9881
9133
15486
916
10496
9503
19262
1495
15185
23873
224
15224
16941
1950
8457
1493
20129
21311
5525
15867
2655
7075
3481
4712
18582
19959
16934
24288
15307
20463
24008
10192
22136
18644
9666
8898
7061
9084
23466
8215
11333
3972
3585
23218
10252
8682
22780
2103
7288
12145
10164
7512
2859
5139
3464
10265
15067
17127
3725
15474
716
18529
10721
1028
16496
819
5716
5329
18886
1668
5247
9624
22270
16686
16349
6888
10300
18696
13453
16098
3984
2713
17895
20929
6595
4633
8063
13835
2346
6047
1216
12224
22489
11902
24346
16097
24880
10351
966
7492
11468
20207
3956
6654
10167
10944
20888
2036
23927
12934
2902
320
3815
13691
1468
3511
23536
5110
6810
8858
5486
5029
22684
19802
9543
16572
15506
6785
15630
20529
21629
19329
6586
4066
5443
4579
4549
22541
505
23419
24387
4091
23870
7433
13090
13778
9685
20973
16382
5594
5076
23358
9232
21894
17463
21131
17426
11068
23566
6468
13223
21224
15503
1143
24059
3203
24857
15859
13013
24113
11659
13326
7503
22630
18672
4695
12397
16875
10283
11608
18068
18356
3646
23723
921
5490
8940
13532
12878
3988
18948
2513
2988
25
24331
18098
2411
23858
12812
8544
16535
24626
3732
6331
19178
14611
21364
1060
22754
6407
3581
8292
3733
21427
23821
8252
16641
13920
15247
22908
14151
13600
7346
10242
356
1048
15745
23744
8820
13736
1064
18224
541
7927
3586
8574
7007
18528
12741
9270
9359
3054
13704
17600
8625
8287
2165
21504
11897
24622
13325
16849
5430
1024
16072
4536
4485
7404
8255
11359
11032
276
9214
11539
7056
14287
8128
1150
17942
21433
12896
18836
17219
6325
10580
11600
21054
2526
3816
12054
3662
316
21834
24713
7577
21655
8449
4021
14279
18041
22943
23929
9527
446
18448
10848
19973
17604
17374
6767
14595
23365
7462
2009
12110
4554
19121
23888
1252
110
15258
13524
13894
2217
18871
20667
18776
7386
13095
15943
11868
12513
21639
8205
881
16429
24643
20052
17983
13839
7678
9309
12952
22572
13084
17424
20216
7030
20876
8933
24158
3921
2535
16351
5048
23526
12438
13236
19188
13463
14906
14142
13784
22202
3355
16773
22235
24717
8326
14598
637
24759
17169
15191
19550
1008
23055
12109
6427
17952
7546
17590
18157
14488
8041
7510
6419
7687
23960
1011
1788
20920
6682
17734
24140
7615
6930
16580
22379
9377
14656
15711
7984
2934
432
5221
4745
12691
522
7159
15314
9836
15093
15116
20819
4538
24786
16148
20800
4733
7785
5821
14443
17796
17912
14120
20964
7438
16826
8389
18707
1405
17774
16095
12064
4460
11404
12845
18891
13474
10626
13789
2177
23260
12428
11493
1971
15620
16951
12965
5181
18126
20535
5222
15715
6368
18187
15259
23263
21022
24706
3429
21205
10097
7523
10106
7748
8913
24861
115
17013
5682
4663
7020
16215
23328
4504
14384
17660
9829
2158
16087
2976
24708
3907
24121
24810
10997
16492
18896
20311
4482
10754
12688
22301
22984
19127
1274
14268
5154
17664
12308
14574
16483
1766
12368
8896
23439
15285
2021
18611
9824
13601
12750
1062
12681
762
19962
8587
20193
18397
12615
6684
2911
21248
12657
23878
2870
9884
11171
2782
11494
10126
6081
11624
9939
5737
12407
13633
5718
15036
14534
22847
6640
24186
6935
8021
10900
10139
21340
2468
15933
5348
8433
12913
3901
20386
5303
24438
14848
15425
23067
7809
11802
18321
21343
15558
1773
13823
6897
10008
12101
16775
14568
20273
13376
16367
8360
22329
5123
732
23552
3566
2426
13924
16692
16431
23266
22834
254
20300
14362
445
3422
11987
8044
22411
12805
4122
15378
20866
23588
4439
6566
12089
23094
10689
16250
13365
7426
13465
5845
23956
6147
20825
20984
24240
212
21581
12104
6936
20854
9278
5795
24590
12001
7534
4979
20820
15230
670
4626
650
3719
12311
3314
11893
21766
20682
4269
5126
24034
4649
22619
15696
12456
9075
3894
6531
9710
4024
13848
6242
6100
11638
5402
18704
22672
18828
17080
11865
24661
15147
12850
12379
12682
13279
7354
14125
17302
11833
18844
18984
419
19078
1189
21957
3125
21117
13471
3844
19843
5980
7695
18520
5847
11056
15363
14479
22009
800
15776
9988
11819
23294
9700
18762
1871
15164
8959
15606
1768
15514
658
3108
14955
20342
23613
23116
1248
12382
11822
8757
14561
12377
561
12230
542
14937
8862
17388
10902
24054
15171
22494
2310
1329
8674
24579
8547
3797
23689
12255
16937
24535
19377
1054
3397
24578
9161
11013
13773
6887
24814
5734
1422
9292
17263
18490
15607
19454
9890
8317
15077
16926
19250
14752
5536
12569
23377
22359
17318
1455
4392
4976
4972
10327
2672
9267
3479
8390
12020
10732
16662
8558
19908
20471
8311
4209
16972
2936
22170
2437
21590
10730
8738
23302
9460
22311
4943
6339
23602
6229
7010
18451
9289
10984
20887
18081
15780
17030
22531
24986
4036
6185
7368
1997
11322
5736
17577
3906
20033
4354
2070
10990
17918
23318
7907
5651
24616
23666
525
11311
23099
10922
22912
9396
21859
11627
4690
10925
23157
7326
2291
9080
12577
10574
20553
7527
12164
3075
17186
20068
5392
1883
3722
19355
19218
10182
13444
474
15639
19521
18378
6235
24770
11161
9672
16158
16642
20247
16863
6134
17287
21664
19891
20563
1045
9366
7425
9768
11836
15453
23322
16116
8491
21007
10961
6917
7841
6257
6095
1750
3337
14375
3022
18463
15193
18911
17822
620
2133
8171
20168
20392
9544
17452
17807
18030
18747
13591
23872
16734
3657
19434
4359
24011
12992
4338
4788
19533
1604
19662
5681
18106
973
7466
7727
13272
3617
16433
7295
10067
6646
947
13722
10774
14127
8945
20049
18968
5204
22059
12494
14086
1752
2015
19109
24702
17272
5090
385
22759
19632
23002
23444
15603
12708
3547
6456
16533
300
9675
226
17095
8382
1426
19958
5841
2706
4234
6547
3884
23006
4526
16213
4989
2424
21249
164
11646
9023
3607
7705
12518
13520
23799
12099
1033
6674
18111
7383
12675
12621
20358
14747
10978
15368
24049
8400
14499
14844
21887
11086
13377
20202
15265
10885
2956
7616
10989
7550
586
16782
20595
1255
17165
20927
9431
11344
7821
6232
443
19789
23016
1051
2543
3819
18511
2390
19270
15451
418
10775
15965
4344
24767
11170
5644
20388
9872
3185
11249
1535
8708
13007
21143
22788
20586
6310
3697
485
13860
3148
2419
23713
8556
10879
17628
24801
21240
18285
11882
19337
6187
16553
4174
20759
8175
7679
22961
471
3037
23721
15556
3837
283
18089
15839
24720
24860
20855
18109
24768
17419
14160
18379
16041
19362
15304
8423
5151
22901
11140
454
5783
19462
24226
24135
9771
1994
7493
579
6167
9550
9547
9794
13332
10678
18049
9283
12638
12332
3869
8333
17859
6732
8567
1361
24688
20404
9097
7766
7291
2092
5557
21733
23859
10384
18004
3857
21810
12065
2455
3026
16205
5782
18203
18592
24383
9329
9716
14175
22975
23327
15851
5685
1872
11183
7345
9333
7559
24484
3285
18412
13603
2972
22119
19876
14055
16423
20612
18414
20188
20281
12544
1497
5877
5889
13151
3967
19035
21481
3025
4505
9202
17855
19587
5361
15865
890
21660
23213
16246
22036
11027
5616
2425
16760
5333
3225
10880
3019
2612
837
2648
16424
14441
8402
17579
19584
19614
11655
2898
16409
8554
10819
7834
1681
16779
10795
6073
9758
5143
14222
8830
7027
23934
8888
13526
23547
15568
9141
9967
21348
13157
4452
21107
9456
8291
21790
1300
4486
20656
15333
16539
20289
8762
19725
11145
20229
4523
7439
8219
9191
22648
11109
22955
9582
23140
13443
3520
1763
22829
8949
8048
5823
2024
1447
3393
5989
23301
171
1474
8324
15407
24813
19815
1233
12591
2505
3264
11347
18859
13354
4236
10003
17235
15083
14417
13293
13324
16811
5169
2311
24928
564
7139
15704
15699
3332
20600
10696
4291
19524
3076
18712
10200
15763
20558
12919
21126
6333
22063
14333
20982
12035
6872
22999
7963
27
200
1018
13995
10359
18431
20446
10685
9372
16720
6604
7698
11892
5283
19361
12570
6480
12159
18277
12322
17414
11796
11916
12208
11133
7548
18423
24885
21426
11272
2088
2258
11707
24372
15169
15533
3756
5883
2935
7923
6446
19217
9198
9416
17093
20524
13706
1701
15765
13934
15906
4680
6561
18441
496
10181
21612
15374
9730
2041
3287
3475
2504
9541
15530
23852
19846
17588
10912
8578
13812
14269
18284
7162
7569
3386
15507
7
13562
8088
17365
22423
1063
20461
9116
16200
13680
14507
11950
9336
18717
24083
20457
18708
11732
9206
9668
4756
14090
11113
18826
17508
3420
2148
6097
20070
22412
4370
19573
19091
19990
14196
6190
9616
1807
6044
4803
14319
24989
10588
2385
11944
19142
2319
19114
14210
22184
19950
20930
4223
12751
16526
13509
20001
1486
1372
17455
7224
11790
17245
7488
9500
23702
24570
1247
22285
8727
20700
15070
802
3379
4010
2243
13824
21081
16582
21164
21218
377
14282
10446
24355
17279
23705
1567
16152
21966
7840
7610
17681
18514
3316
24465
1427
2267
4095
4078
8135
2863
23089
6252
8425
1844
9163
7791
15128
14
407
4843
22233
14508
21455
23621
23188
10555
3758
15849
15649
22561
8825
10065
20264
4448
3482
18140
24401
5936
24277
18993
20456
605
15739
5697
20306
6330
22730
15113
63
11841
17957
18147
13331
19318
8351
19978
9353
17146
18457
12954
7929
9784
20205
19883
13804
4065
6054
8821
518
11287
8379
20906
23366
18690
9774
4811
5164
4238
12977
15909
3441
22143
4012
14345
4205
23125
8766
7940
15771
6008
19599
11799
20619
4204
19105
7239
13181
8393
14908
12673
19165
22244
373
21167
4252
2592
5199
1322
1649
2011
15156
11962
11428
19554
23726
12335
11082
7574
17292
24313
18028
20354
4759
13932
15397
16864
15151
9949
4440
18498
6466
20434
933
20447
11155
23977
5111
17562
7629
2677
14810
15750
3741
16560
11399
12186
21506
22460
24682
1821
7436
37
629
5217
11228
14231
15779
4268
1297
12326
2979
14118
7246
17920
23645
3633
23200
9420
24956
16170
22675
14624
17706
12777
15519
11296
5495
5382
5112
16198
2117
23154
16407
5506
20671
9175
5253
11754
23834
2688
5596
1074
478
23930
14049
8690
303
4897
9721
5431
4896
24546
199
4591
2561
20893
55
4011
6350
7086
12300
11069
5188
11312
19934
15257
12097
15644
5320
18355
4382
19349
13959
1618
14082
1758
7810
24337
15980
6823
9683
11327
3778
3919
14409
16938
22032
19402
12018
15038
712
10531
7294
15430
7328
6239
21632
1441
17816
772
3363
507
14407
5812
15756
7317
6180
2219
23114
15670
7070
19044
4863
5098
20098
12808
7058
5220
13371
16685
19812
22086
15404
19339
23827
17969
20704
9992
16314
23483
22614
24146
8084
1301
13131
1765
5417
18248
23452
19589
13147
19186
20664
12063
16749
7481
21200
6666
9414
7399
23130
1499
16236
10321
23232
1464
19827
4702
11019
19184
22575
11910
23640
8484
24597
2395
1989
16614
16403
12887
1341
21159
21404
2838
5998
19681
13623
4710
11661
20688
8637
5979
10556
17215
107
18759
9318
19370
18085
3700
16372
7491
7351
22344
10270
4433
11021
16343
43
11870
12866
4061
13458
22075
863
24293
21580
8623
1237
4749
3389
6528
22324
24154
5950
15534
12689
589
11851
14685
652
5331
6455
23712
20587
11896
8339
1001
12094
16459
8295
22161
9095
7064
14494
2676
13240
12506
13127
24219
22751
19405
10787
19331
9513
23838
9128
18981
9549
58
16867
12879
5822
5340
10953
17307
520
23874
10458
1987
6501
4203
9529
17359
17338
16823
16131
15442
6238
1182
13510
21870
4676
12727
16824
3097
4367
22445
3419
717
12962
4766
7535
7775
13977
22243
23809
20579
9042
11376
18898
12075
18166
7515
22340
14491
18416
13681
17253
6795
20785
20317
9832
11744
4933
24291
13897
11946
24495
3061
11555
21574
9559
17781
11739
21891
6367
11641
9973
14395
9619
20676
1459
18364
3801
3446
17055
3129
16673
1769
1086
16970
14198
5215
329
17350
1571
23480
10707
7344
9957
22805
11984
23678
4543
6645
4429
20974
796
22205
24898
21973
13563
21765
6987
384
771
23851
2345
3574
18403
23323
6212
21423
125
16570
3929
6090
19293
10683
23080
6026
18072
1227
2524
3093
5922
23072
11047
9090
18695
17575
22276
17685
3643
2001
15264
11310
19237
3875
204
12773
644
4950
22002
7217
17100
16562
4558
468
16933
646
14777
162
7094
237
5039
2798
2020
18188
9638
16288
203
22363
20501
4320
21458
20170
4444
23676
22868
18569
14780
11252
8894
19966
3221
7537
18518
14744
20337
1471
19466
4090
3798
7924
750
472
13170
16772
17108
4646
21960
17802
5539
5172
24244
23572
22733
12111
2834
10653
6558
1296
20328
9007
17532
343
7208
4143
17325
11928
22860
10744
18960
4279
24464
1914
14930
6688
6564
8298
18636
17808
14657
4856
2954
9516
5387
578
14732
22742
5735
19786
14586
5196
17156
22601
5744
5761
3502
8304
22846
5000
16377
6568
11647
17268
4473
15762
10401
9751
22319
8391
24548
7176
16793
4929
1782
66
9186
13017
7453
19203
6673
23996
5879
16741
2283
19288
14406
3440
3104
8654
20910
10616
8416
5193
11501
18682
16415
2160
16364
4692
2900
23896
7358
6898
2503
7336
6980
3668
3276
3036
24896
8406
9149
14674
20072
12760
5976
17454
23063
3274
2412
7520
11994
10109
17296
14474
16117
11168
16270
6692
8961
906
20341
18399
9673
17977
20934
22911
7904
8017
262
3052
17259
17039
22931
16733
1199
1480
903
24999
17934
24804
1042
20523
22173
2939
10346
21472
13607
6522
235
1210
16856
17996
1339
2738
341
22809
10063
22676
19043
23355
10746
8621
682
23614
6858
11476
7098
6536
13231
22216
3689
16536
23849
16672
3158
6745
10717
20826
5583
818
16321
15892
11658
15382
19630
18989
20571
12785
7003
8334
15029
19754
9249
6519
15766
14861
20384
9009
18141
3032
2719
731
1116
10659
14550
11102
19814
17152
10973
9480
9234
2698
4
5975
17751
24022
4789
12488
4491
4467
4218
21079
669
22255
10426
15014
997
24458
12031
19334
21474
795
4566
5586
12995
17754
20890
8024
4904
11030
11244
17304
820
10507
4999
2626
2960
19415
6512
15907
15119
16594
11858
9146
9463
16057
17848
8867
24171
3670
24749
18222
16044
18577
12215
2171
11771
6583
9055
19621
12732
10784
7440
24280
21324
10141
12009
23589
9947
4343
12130
9176
948
17140
4782
22401
13946
20238
9438
14419
16489
22518
22893
12854
229
1350
16238
16504
5523
24107
10508
11159
17129
1130
20409
7205
4051
17659
13948
3931
16916
24716
11285
13890
22506
354
14548
24294
16762
18349
17533
8415
7556
506
3370
4430
24564
16675
15352
9965
18384
7572
13329
14338
14916
17542
17341
20718
2135
23311
13876
3
18880
11971
8542
24451
6652
10671
16713
18122
23127
15949
13593
5513
24452
14917
12975
4453
6696
6260
15583
14627
2224
6087
15033
14735
17550
6492
2800
22288
14290
17047
14825
22131
22616
17776
23541
14092
8864
9117
10954
5364
10324
14882
13572
13224
7526
14579
22701
23597
8749
11985
5312
10315
12749
21314
2245
3209
10764
8256
16761
3385
17966
22799
13716
10371
14509
7044
6051
12443
11222
18278
9839
5046
3776
22994
16340
2722
13396
3165
10908
16789
21882
700
5813
24950
2323
21267
13569
8181
9086
346
6974
2680
8677
24886
16172
3714
11279
12576
8928
24551
18827
6393
17960
19556
18017
14530
78
13080
2727
2723
24437
24620
15260
22918
17852
10755
11368
24559
16180
10452
6620
9612
23473
16347
15982
7179
24527
16017
2042
19068
6637
11108
4225
16384
53
4594
1580
13610
24010
12707
6244
14879
17221
1223
19835
6290
1918
23406
13492
8426
22269
13041
3858
10805
8560
16964
13781
8089
13629
13518
23576
12422
21761
14422
10692
16833
10935
19813
13802
1173
3273
2667
247
21642
18494
2663
17803
14966
18769
3526
1386
3186
22011
23897
11980
16829
24676
17060
21120
19171
7397
23625
12454
4984
8831
24002
7468
13276
12993
8955
3701
18698
17787
16439
4371
24056
904
15874
8662
2130
4217
24284
2597
12150
15914
21577
1180
11390
6947
882
6322
16931
13077
2230
16304
11181
24457
428
8715
20972
19705
22463
13696
16494
4940
16956
6418
17886
21898
3106
2273
9162
18814
960
13182
19699
19690
871
2835
23970
16165
20420
16664
19463
7903
2151
1041
627
20637
7117
4948
8462
22786
3985
20005
591
6918
21027
22396
20512
20801
23853
17434
16085
20651
5021
16727
9252
9403
14255
24114
5414
9913
20220
11050
17491
22447
14245
8031
6193
7700
4654
498
1221
7891
969
5043
2120
21558
24189
4908
23775
14347
21967
8313
24995
22169
3438
1747
20433
6831
10161
10263
7202
10404
19193
15973
19464
13567
7573
22688
14557
9674
3188
24828
4544
4729
21910
23912
8194
4030
9921
321
5776
2572
7597
18370
3414
4825
7640
23826
3810
1044
24942
10823
3831
24869
14305
17837
3611
15553
12211
6814
22795
3682
20211
12271
13169
2318
1126
8980
24406
20371
24760
24191
16393
4059
19837
19371
13172
21621
13660
21492
15565
4447
7198
19285
13386
24243
6779
19937
24599
1692
12628
4674
5733
16638
19502
14404
7255
17915
16897
17278
21479
4125
23412
7200
15546
14718
11519
24120
17161
22471
19435
14337
24832
8275
14149
10158
4045
16885
7961
20904
4037
24847
13589
13954
16385
13858
24353
21505
18031
24502
14517
6218
5315
7715
7051
21592
12599
9574
766
9347
18410
18461
12788
21130
5301
18320
12367
5827
21277
5611
4797
3212
12620
23658
24084
23733
10311
13978
23104
2843
571
18728
11746
1540
994
9708
10676
15178
20952
4887
24540
11317
4871
20680
15042
2816
21919
22343
16477
4340
1574
12567
15564
572
19568
7407
5866
12363
16307
331
20543
5093
17355
5104
17568
12955
23772
4046
6386
9873
16900
1824
15454
23126
4333
15729
4913
18856
11995
12623
21876
259
10919
22215
9993
17688
23508
21078
4048
4975
15411
24498
1745
2552
21789
6949
17520
1721
5623
16978
2472
13854
22437
13903
10884
7985
15271
8784
11437
23892
4703
1388
15861
21047
20745
2617
21620
24133
8528
22696
12511
11591
24477
7038
15777
22265
3583
11561
6453
24078
6371
7738
19677
8418
15084
19560
10069
12865
287
18954
15170
10367
