6328
3294
18722
21076
11382
8066
2431
5633
6510
11242
23392
21336
2186
18128
4097
15053
2206
18196
1720
18308
7288
18818
18231
13406
1804
21270
16617
8809
7038
16123
3579
360
12159
21966
15888
3919
17786
16858
23604
7456
22368
10042
9852
20632
12166
18609
14574
16621
4509
19174
1719
13690
5568
3033
4660
12735
6138
12964
11536
24145
8631
5418
24820
18142
2838
9606
22621
15184
21580
6697
9528
24197
15837
5081
12185
14524
8531
17691
23728
1296
8049
18617
20126
20300
12825
3508
4343
9080
7312
8328
11400
11440
12606
19298
9533
13332
13289
2262
22549
7166
19542
23419
9526
9695
23346
4946
24037
14923
14612
14398
23487
13123
2449
20649
3088
20178
459
22940
10553
19944
11112
22567
21630
23610
14538
24177
6635
14329
770
4336
11160
2450
23950
23143
4238
7530
13711
20149
3533
4624
16251
21722
8925
19477
23766
20054
2868
1272
857
19830
11089
1594
24801
17380
7683
24330
4488
20393
3760
2348
14943
11539
10485
16850
6900
5952
23395
5431
17175
14242
8393
10512
11185
3779
23498
22825
17758
8800
22246
11958
10544
16502
21271
1032
4515
19962
1321
17685
11397
7497
19886
197
1672
14371
19382
24626
10622
1828
21647
19827
19809
20106
12398
9641
1417
18594
24171
19447
11873
6316
22023
8053
4316
6952
2288
24358
24488
5273
10532
17837
15396
22455
5390
18592
15422
20629
13931
22457
24555
18375
23367
2133
2573
12418
1087
8312
9039
7832
1918
22294
6387
19921
5429
510
20190
1944
22297
22785
1054
18247
18856
3799
7389
11961
20079
15516
7485
21357
2596
16081
24664
13202
16484
15530
15928
15746
19365
7474
18188
14572
2649
17362
7077
13910
15667
20974
1574
15039
8718
12755
14099
19114
8418
1939
24656
16653
10386
20845
8420
5068
196
17740
10938
9921
12499
11451
18163
7013
1175
3261
5404
12880
19005
24611
319
19530
1445
5940
22378
17036
19844
10569
20064
19120
18074
4326
20409
14287
7688
12329
9545
2403
22702
16678
21008
13881
521
7875
8023
15234
23591
18580
12202
21971
12231
23811
1553
8643
5060
19681
10851
7850
1530
5812
12853
9304
5093
11969
7427
7214
3253
13812
2968
16548
1469
14047
18472
13653
19046
7697
16360
23403
6333
51
9120
22461
14896
7106
8275
8334
19162
12250
21771
17692
12406
20253
6260
15208
3881
2087
23880
22309
9599
6539
9674
14904
13188
15933
4784
12994
2091
7598
9063
4609
1807
13555
17923
11168
13628
24335
540
1922
1198
1116
17576
21884
24824
18630
13258
7355
19111
24638
2242
23388
16301
21540
11720
10785
15142
20277
10621
6537
24525
18825
22043
4418
11509
17215
24736
2559
12153
19982
11056
13867
3770
7667
22332
13054
11930
9840
17566
19184
24094
7493
23641
7947
17914
18937
13143
6372
9581
6498
24697
19006
17474
11367
5427
6700
15567
12172
22522
12993
22111
18888
14507
19272
16279
20617
8327
4203
21475
15335
24585
11132
19514
14721
17715
24993
7231
20975
4042
24425
16572
22329
22237
7706
13744
17382
11891
23154
1021
5173
12826
5152
23347
1920
3395
14826
16654
9989
1662
13879
23144
15241
9310
8273
7157
17643
24578
12931
21435
6354
6664
20631
21448
5072
8972
3436
15018
4414
6910
6766
15407
10612
8730
18282
22440
8708
23721
2391
24894
24233
11821
12134
6846
20840
12316
10574
4733
23770
22083
20020
17888
14729
13045
10137
1375
6422
3086
22696
15694
16439
9838
1929
9135
15960
15074
2369
22556
18552
20568
5033
9369
19547
21204
13797
17831
7285
22653
8578
24911
23674
722
9842
7758
17617
107
8975
4084
9027
3493
11892
20139
11880
24416
13752
8750
10024
15025
20224
255
9015
23868
7297
5794
1988
16903
11681
18329
2819
432
3402
20526
5187
19976
18027
17054
17255
12611
6379
22641
24331
1350
11830
3837
13548
11130
15032
8517
24339
12505
21026
9766
5609
9673
16491
16691
16328
17722
12157
4448
14654
16486
957
3274
12458
24164
6935
24109
17451
4379
22261
4995
24610
11033
3781
14087
24952
443
2830
5586
872
19713
2628
17668
18506
7676
21168
15146
235
8879
15171
3447
19451
3214
14499
22463
5851
10796
22935
4790
19981
7484
8932
5157
24716
5125
15685
9580
12766
9327
5827
17056
6100
5241
5446
24600
14481
4120
16752
1248
22291
24257
14890
10475
16555
19372
12100
17210
23352
4141
17851
16207
23244
8151
122
12376
12492
2428
13023
8204
1617
9912
18006
20442
24601
22094
5559
21845
19700
4318
23033
19192
1256
8205
6867
20708
7055
23204
22960
22159
20635
4669
1269
14908
12279
2592
8511
21831
14702
19867
14555
15306
410
2685
17148
8623
16684
501
13930
10390
19987
18467
12400
6377
20329
14265
921
520
4640
4183
2786
2960
3375
8505
23503
16859
22880
4714
3816
536
7353
18921
465
5613
2793
24156
22780
63
14334
6923
6473
13656
3763
8389
10572
4164
21486
10633
20321
4289
20990
18720
9548
24882
8880
12119
18273
2538
17977
22395
1936
19034
15368
16836
5329
19366
21688
9861
2469
14723
14529
23202
10960
19832
18520
2979
5349
20067
14869
17117
22731
17087
24564
24709
16216
4631
7674
8369
10066
14082
23535
12296
21394
21890
9885
22651
10908
11781
509
589
12137
24695
12203
15684
6060
20596
17517
7188
20876
245
23262
18851
16884
10641
17029
3917
14979
5870
17747
3608
23243
16534
5398
10686
16609
21017
22760
18125
20313
23731
23217
10571
8947
13027
22995
6567
11658
18334
4738
14245
4358
20401
9474
2945
19413
17364
10731
7012
19902
13079
11588
3440
15924
5144
538
11008
10296
23336
23268
4618
23652
3488
10630
17418
11954
9300
8838
8228
11976
140
19312
5478
23308
7097
13894
11096
7571
9493
11462
24533
4765
6789
14137
24153
22299
6962
24922
7685
4406
2967
20231
12261
10381
17929
4657
18869
20947
12
15493
3348
15170
1183
21388
17822
23058
444
21007
21122
13622
16453
21694
18325
482
12929
14256
9744
11110
13216
765
2366
6779
8482
8278
4361
11905
2135
19493
6836
9845
14912
12635
6245
2190
10604
12836
20567
1561
16288
19998
20673
11151
16957
16516
22447
8366
15822
5591
12882
12818
2853
4161
4328
6610
426
6080
20124
20264
10999
9425
679
12191
23188
18316
8943
5180
16006
12450
24819
19043
19592
8112
9308
11232
22089
429
498
19388
24116
12996
4426
17599
21329
14813
4272
1940
21281
8124
8647
1360
9563
14112
6451
5391
132
13463
12914
17598
22001
16724
15716
24730
5344
3895
9224
18890
7048
3977
1374
6957
21245
15828
3696
15429
8460
2036
12731
17110
23451
6382
21470
7552
13667
11470
3730
11377
12200
8308
3560
9095
4082
7794
19180
21678
3733
13033
6446
5073
12686
7165
21044
14746
19015
5626
24336
8527
237
20078
16958
9359
18463
6863
20200
5846
4007
17346
4869
23128
16343
23980
6336
20543
19602
8477
5035
326
22802
4340
14033
8251
22881
15043
1812
19342
21481
1738
17138
1003
23133
14537
9483
18990
19040
1299
11187
17426
22706
18011
1859
9357
6837
21264
1174
6193
16173
14491
13458
15806
24678
20128
19577
8211
10302
5798
21739
13959
21922
1110
5729
18495
22055
21982
2196
17595
20389
3239
23791
24633
19612
20842
11154
20174
6707
2265
22445
15040
16366
17669
24766
22280
6960
24194
24117
1311
15211
3640
17957
12727
205
309
6073
9029
9683
23165
15116
12634
2815
3619
22898
1497
22323
1767
20315
16073
7750
11163
1603
22958
20444
7736
8202
4108
19603
15522
3527
23755
19017
15329
14835
8062
1966
21040
19739
20348
17319
1288
23401
23510
22816
13219
3551
16995
19152
20098
14907
11733
5310
24362
15167
12888
15109
13626
18381
17779
16990
4169
5292
17309
12076
14847
21112
17873
8851
4958
16496
8276
5807
10275
4059
4534
20785
14159
340
11996
3257
18584
4193
21517
8732
4088
13794
12325
19848
24891
1583
22087
9461
18092
13595
20680
16069
12710
10347
10453
22977
14150
5061
19302
16754
2222
19608
9891
7757
22276
20881
14743
7147
15665
13177
6106
24527
19041
2576
8745
18064
5602
15305
5934
20057
22005
17202
16194
11046
15402
12283
7938
16170
3424
6499
12109
399
8524
4844
16494
12291
17548
13480
20436
13407
9638
10538
7349
14166
9793
2300
20359
2290
799
3487
5808
12133
1168
6838
10102
11172
1437
16564
157
935
22823
13389
20481
667
3712
21896
5253
9103
6686
17927
15937
18004
17855
2495
18746
2701
795
20672
13256
11329
19353
18061
9035
22196
80
3098
21607
15780
24119
11078
16764
2110
11926
22481
1069
18854
4571
6883
15519
8037
10869
22807
11030
1133
17336
6829
23958
19570
9048
18141
1466
3365
23896
3686
13368
12644
19852
24895
1216
6999
4523
23148
13703
20211
24791
2876
8963
11007
11607
14561
19984
2801
12820
4306
18154
19290
2965
670
24991
17575
21217
18481
15956
23984
15545
15627
21210
22074
8986
15386
13304
7824
12241
24005
12472
8957
5015
2492
8387
2842
23321
19107
11286
14423
16201
20951
17832
23275
7658
19326
7613
23875
2245
4965
413
19167
23415
24498
3680
7311
4191
19208
2987
15394
1522
18778
18080
1961
9276
13430
1850
7408
14655
800
19756
18852
13856
19210
16721
9827
21906
20186
16304
11181
11725
16413
21262
4080
13715
17069
10939
20615
24494
21838
19629
395
5326
9155
8802
22452
9261
17496
6247
7992
15165
17518
16172
7946
18513
2
7558
10678
24442
18402
18546
13824
155
12125
3468
866
7201
21023
8522
19916
15945
13891
2865
5214
3827
3846
2915
13593
18440
22762
2605
19288
2368
22285
22479
8657
22446
11663
5711
305
7112
3051
13915
12646
3890
8315
22810
16784
9389
1620
6296
4246
3332
6250
4828
11122
11332
3805
11859
17301
12351
5948
8300
10340
8231
12232
1029
13957
7591
8045
24440
7820
329
14116
9059
2603
18342
13240
24620
518
6924
2027
14872
8538
9624
21759
19279
9728
10179
10321
472
13735
6081
22109
11580
21060
9900
5790
10286
17515
3773
13866
22499
2753
12263
136
12529
4562
11697
18622
2652
24663
17654
10842
5954
14366
24140
12212
10864
5312
9828
24840
15100
10554
12227
1825
11144
17834
1676
11641
7341
8441
2615
12930
17227
5689
16045
16035
9173
8257
9901
10501
5016
22073
11273
10637
22117
4644
11342
9784
1749
6092
22245
3456
2928
4753
17405
8333
7398
8769
3216
21125
8192
23306
1989
20028
16163
10618
14434
13239
13698
5154
1848
7668
11312
21350
6376
13167
21667
20418
16388
6268
1992
14832
23993
19507
8842
10958
3476
16171
4199
17270
2035
615
7873
950
15286
1343
3937
9158
18830
11489
1549
23981
7008
17655
1033
4011
24734
4872
23686
9731
13627
23086
11432
20552
23969
14022
8721
15599
23447
20001
17984
1478
3681
15622
12540
2282
14363
9146
4952
19931
9237
15686
15274
3986
15513
24781
7931
21510
8725
22581
20671
6210
9541
14690
24980
7149
11706
12647
12811
6445
23685
12663
9808
6318
8633
4754
19286
2547
20376
20586
17467
14818
5899
5555
7771
1455
23639
14514
21376
20712
22036
23798
2313
22715
7267
2387
15875
16786
18358
15833
517
19099
24749
19571
1429
5337
14311
22800
11838
8438
14571
12532
21841
14194
20864
15016
15608
16993
23038
2826
16156
22124
701
22180
13782
11445
4914
3335
13124
19304
7255
15309
13699
8199
20926
10155
4654
1327
18149
5040
6847
4221
14947
19125
5768
6613
9024
8914
6038
4527
5793
9992
2119
5822
19191
20909
16160
3391
21134
13835
20154
8083
542
11760
15624
10082
14136
13980
11177
19054
24928
24040
6872
17976
10150
5644
7027
18208
19267
5655
16363
7226
15472
7843
2518
18465
21915
8759
6393
12497
5564
12506
20071
21725
925
24571
16283
24169
8144
7081
2350
8014
18646
24660
2758
6495
21462
17629
19019
4936
17876
23962
3118
17907
14618
15345
5699
19901
22913
4720
5351
4789
8233
14855
2460
8875
2430
11271
1687
11794
11585
11521
18945
22278
369
13806
10050
13871
1967
24415
11105
3215
15275
2545
14316
963
23010
1753
9849
2257
24588
16294
6748
11316
22879
922
20959
9041
22561
10813
11227
6386
2705
10871
21664
3993
17932
6922
22910
21345
1278
15989
24051
11395
22325
13020
22673
5758
737
8584
3532
19773
23938
20115
6651
4850
21568
4419
6123
2804
10609
17246
20104
23035
7511
13308
13424
12174
905
627
15201
23865
15071
20143
2226
22306
19997
10780
11629
3255
17428
12843
18927
492
15269
15094
20233
16318
8808
2490
11101
12719
10230
6586
13275
13849
24387
2103
2978
5869
8408
6149
21691
15691
9543
24658
7181
17423
7116
662
13496
22747
23613
21469
20941
4511
1532
11471
5867
23722
20022
5064
10310
23003
10494
71
23912
11648
8778
2971
1839
4111
9941
283
10593
8362
11153
18519
9170
21567
15404
1302
6573
12633
14736
17793
13971
12441
15193
11253
19797
10606
7060
24833
18602
18185
4468
24457
1972
2234
17484
14223
18651
23007
1931
17259
2243
15969
10141
16264
5306
17889
18857
14447
11715
21993
11309
13599
560
9225
23518
10006
12033
22493
11857
13494
10566
8379
6358
15454
6698
10247
20053
15996
23961
20193
7541
24166
2173
14712
17107
10887
5327
24
24381
6156
6871
11540
8556
18291
21866
9188
20259
20425
23102
13756
14948
6764
3627
9441
16455
10882
2379
11040
4684
13382
23385
254
17799
9692
21752
3623
14645
8931
11473
18808
12490
15279
12151
12103
9037
15562
16757
2609
17464
16929
16739
4474
1137
12029
20443
19974
21918
21593
113
15864
22360
10605
23818
21731
6187
8180
18443
6357
10465
15217
8616
3227
398
23320
22194
19089
23084
20011
14001
18057
23356
1802
23646
18687
22950
10728
16584
22728
11281
7139
23334
2189
23059
19165
5529
9128
3201
8267
4103
2380
20801
18571
5944
2271
20988
17497
4653
10086
10244
2606
7124
13347
20476
3427
1536
23000
5567
4603
10269
8767
1154
9376
17100
10227
12733
18035
20489
9551
2352
1282
2076
1639
10231
6576
7325
18548
19939
10079
12625
5191
916
21397
20882
15330
9305
15876
4119
19753
9704
6380
14532
23251
3749
1681
840
19672
2426
24467
19287
21472
6877
23899
6288
16750
24846
18102
10109
11075
15912
22058
11434
13108
20933
4074
21737
12108
12554
4476
8347
3628
8200
5698
24505
23256
7510
18234
14484
5474
9571
15169
11707
1442
5419
14123
3304
8776
16895
17944
11277
6048
1453
10124
1985
1815
858
7725
4255
12525
14171
13544
20841
15144
10803
44
13587
2699
9741
21365
1905
10648
2260
14005
14719
14656
19704
13878
150
12873
9937
8041
23238
16009
14607
23075
8208
12014
9030
2123
23025
3266
15145
4036
20893
15389
1155
20081
22070
1142
4435
3467
110
23231
9768
12235
23534
5984
9241
24878
20023
2154
11421
18567
2372
24030
16327
23249
1361
23313
8293
3230
3632
22841
6390
2542
15210
22331
3291
14037
8939
11319
10432
8265
21685
24884
7123
12214
12004
15313
2289
541
24106
14773
22738
24761
4588
18966
13888
6315
16826
19
5330
8599
14089
7298
20690
20577
4883
1148
11141
18356
10912
22319
22965
23338
24137
2577
17203
21669
2482
592
2444
21133
7432
3552
14401
16513
14225
17453
5300
10931
4566
7660
13846
2106
16902
8917
9857
11673
2497
20660
18458
11425
17744
295
1338
9702
15159
19119
7145
20076
19443
10816
13574
752
15122
24686
12288
6306
16952
3406
15231
8462
4762
19161
20309
5430
14464
1416
1666
12759
546
17047
21741
1690
185
5764
19534
7837
4128
15474
11304
12207
15899
8430
12952
22031
10165
19812
13861
