21704
15219
1892
2452
22686
22889
24891
15511
3850
2094
24052
24395
4152
409
14443
10305
7325
16725
15112
8642
24841
11697
14756
12521
19023
20337
10458
5945
18601
3304
23054
19386
5086
14648
21367
20731
10174
13329
21149
11244
11698
11798
14581
15125
24759
6966
18390
2100
3128
13851
2927
3624
8466
12838
15108
4495
10468
17122
24396
22975
10127
8287
20496
14668
7036
17887
567
18663
8366
14437
2050
9213
4071
13470
10353
18831
6216
14641
8685
8505
3666
18978
2005
4457
21849
13917
17995
23944
22241
2651
1322
19779
17287
2143
12294
8926
2614
4159
16841
14064
1716
1944
1452
10937
4005
7697
14522
17840
7591
1872
2012
1203
23484
460
5195
24073
19154
4532
7410
16894
8820
830
589
19387
17893
10992
21529
23185
11024
9580
20365
9544
19339
23965
23732
17670
16420
5701
22774
18857
17851
19828
6751
11085
13584
4190
2939
8692
8974
24350
21173
15717
1952
6127
22505
24408
20580
24945
16430
16744
21481
10780
14240
19608
13797
17637
15601
7182
16712
18172
24278
12282
17262
1890
13441
17417
15827
14742
15562
23085
23130
17682
22081
10297
4202
3155
2420
20518
7098
1563
15034
22858
350
19920
7369
2116
9478
23008
15382
20385
22520
18797
15337
19427
17298
8885
1432
3819
14807
17713
13366
7788
13134
9514
24698
20200
5483
3677
16600
4657
7893
23961
5877
15651
5147
15602
15165
8910
23893
3059
11796
23042
2701
12759
17252
12943
19648
5618
1496
5360
24295
11582
20132
1444
633
3983
11900
19108
21207
19949
5335
22807
13012
4865
11994
6987
3106
17008
10912
832
16184
7327
14377
14805
20885
1276
20343
23324
23317
13951
1463
20458
11003
24913
17430
2105
23031
5883
2541
21237
6573
11376
14070
22146
22411
17907
22471
4434
7054
6995
11565
14510
1569
2193
15502
20350
41
6445
14692
5211
8796
18006
17047
22468
3605
22288
14885
23262
3253
2895
9844
13350
17118
9222
19404
5413
24837
15897
456
11402
19092
6633
3760
2693
13187
5349
8894
18211
1426
16288
6919
19961
16339
5703
682
13126
6424
20222
16112
6749
7094
23242
11815
22414
12875
24359
10677
20457
22664
23638
8042
12038
9479
23694
19012
16824
8426
8918
19933
12836
21293
8702
1826
10836
14588
10062
3560
23229
14150
11090
7616
15018
8913
15862
19924
24260
5888
11959
16475
19116
3056
6519
718
24656
20917
555
21247
15098
5033
6391
10649
16489
9074
18150
15755
12897
11366
17085
723
20505
16192
17126
18510
6178
2055
13037
6958
7705
13004
22966
21780
12532
12712
3834
6363
22401
17565
20649
14444
19789
1418
19543
14560
3051
1506
3874
10977
7980
5228
4794
3444
16870
4627
17343
23188
21345
4933
20724
9543
5023
11185
12342
19393
22734
21061
140
15714
14280
2655
13514
13775
8787
2021
17030
2968
1870
1311
11055
13211
23314
20255
20881
21171
3368
11051
23773
20256
3190
20557
6218
23352
24472
8004
6003
7489
19166
10527
17696
4260
16998
12236
13342
24889
23950
5489
17805
15157
376
16324
16930
21531
4892
18677
19431
223
22018
24832
9451
17594
19250
16839
6124
23882
18047
871
11053
12050
7057
8199
3456
19568
11675
5137
22016
16172
19623
18919
2334
16666
1534
16575
16919
10987
22485
5860
17767
24693
21861
14374
16702
10811
8024
1917
856
24106
24279
9464
20540
11665
8629
2284
12746
23289
12381
13530
7181
3892
19055
19712
19086
22178
10082
15903
5528
1308
18961
12319
2008
6396
8984
15147
14245
20845
22002
14072
2191
2686
15239
6223
17321
20336
17757
23020
21802
11922
14013
21660
8334
7753
22110
11219
2538
8432
12180
24756
23924
24924
24578
12793
19956
7513
2314
3604
9517
1280
20978
6255
13811
1254
14317
9612
4676
10531
17553
6788
617
9096
11130
12956
10756
12311
22015
265
15908
15062
14500
18178
8972
22603
19839
2492
11553
18414
12396
6599
11395
15729
14902
5077
14111
16968
13333
13290
12405
3379
16568
3969
8903
14867
13884
15413
13985
23803
1755
9357
9677
638
12828
15545
13139
13464
19351
18591
698
3026
13891
305
8591
17282
769
13809
18206
4630
5739
11195
21482
7058
24953
19711
5925
7444
20961
19027
20480
13029
73
8973
11590
7198
10648
24660
21235
6156
24176
18548
20533
21606
20599
19601
15649
1626
15532
21395
6778
19315
22698
23685
10159
19392
11153
11966
2306
22652
14728
235
4584
9758
19583
1165
5734
15484
14043
225
7105
17789
24366
6950
18350
24626
9798
14009
21169
1180
23727
21593
24175
12214
21835
15360
511
5538
9040
12199
20781
22761
24174
24843
18075
8985
8737
96
17917
22434
21586
24514
776
20748
11196
16684
10027
14618
7633
6939
20316
12296
19233
4972
9199
24557
20543
17847
17115
20461
13817
8196
1429
21252
20820
6750
9191
11893
22343
5627
7168
13935
12735
14580
6415
4722
647
13591
19862
6376
9437
16450
7154
14080
22604
23972
1106
442
3111
21970
5372
900
5230
17547
7442
16995
2694
18527
21517
13700
23273
2560
5009
22461
21863
4293
5658
984
15289
22675
18318
8886
20130
11147
6770
13576
19781
14664
5181
721
9233
11049
12706
20682
23644
7161
13879
2237
14810
22895
23117
8969
6074
2190
852
17033
23970
14784
11461
4250
17590
2799
14881
5645
9707
11624
1978
127
5395
18258
2211
20542
16743
10142
13676
9829
15119
5856
14893
10883
20071
9671
21524
20107
15491
13453
12683
12332
22117
19287
8627
22185
11766
12663
6738
5762
10248
12963
6643
3174
12509
20148
16364
14553
1070
13606
15072
14834
4782
22283
11707
17714
17665
19114
5602
11193
18046
4368
3844
21353
13766
14056
2988
13203
2120
14917
13438
19237
3838
19670
24269
17704
4969
17971
7307
4860
20951
15345
10268
17991
23873
1262
11843
9879
17578
24301
5037
16323
22503
13634
12840
14569
10913
22613
3138
6848
12896
21464
5542
19452
12156
2622
18766
4662
2954
16705
16201
14950
24864
2605
5918
6024
1424
21374
17337
2668
9788
20257
12226
15864
23339
8183
8147
24903
6459
14442
13963
3794
4121
24652
918
6321
8901
23616
18027
14003
21042
20644
1082
24964
21419
4705
1390
6893
5866
17084
10605
17239
369
2175
17186
12589
23649
4087
4614
9765
12222
20486
23204
16224
12037
13395
9
5491
371
2724
4609
1187
23271
3720
926
12974
10748
24304
255
22053
12434
23655
24161
8440
21393
9681
12687
16252
15844
18823
20856
528
23041
15246
7251
14671
11084
12891
12054
14181
22027
7713
991
22803
2110
14016
17487
11466
1133
14772
14339
9004
23741
19759
12344
23223
9261
20448
14044
9491
17322
16519
3953
17677
10337
1417
10788
17949
8954
15569
17507
8025
13086
7464
5562
16867
23637
14109
14701
18128
6869
22076
9415
9190
9680
19179
5293
22646
15272
1186
20205
1656
6580
22922
8064
8791
4650
5262
2456
16265
21880
14886
12988
5946
4297
22286
19127
5813
1477
23442
1818
14498
4496
21107
10155
4146
5036
12166
18668
5576
761
10336
4807
17171
5409
18959
9870
16935
23423
15127
3715
20618
10322
6926
15155
23171
20756
17567
10597
3479
1901
24373
11231
14825
17897
10432
3875
23660
20143
21979
24288
14608
390
9114
1771
11734
2729
61
13416
19446
9285
13035
21756
23833
22866
12862
18971
4269
6936
9650
20908
10491
12137
7074
22863
14799
24583
24667
21174
3914
12124
23103
21661
21763
13354
8550
22894
10700
8826
10933
20769
17895
8111
6347
12923
9814
3078
16116
12303
13125
16397
17753
18539
1471
11305
20435
237
1698
20686
6890
5448
16882
8503
5344
21613
13234
14660
8422
14463
13631
22744
15751
8628
24645
1195
12288
8953
7969
5473
18073
14507
2918
7225
17017
11370
9127
1497
2537
16741
6027
20186
11903
12419
22545
19050
17888
1767
16842
1481
20230
20289
12307
9644
23911
10200
14914
6314
21933
13607
13978
20558
11530
20931
24449
10989
15740
11245
8299
2503
306
8377
10875
22489
4300
15011
15245
15793
4078
15778
11549
24729
2056
21845
20292
520
4915
20120
16077
23777
8906
18627
3112
14621
12774
22108
8744
13179
18083
14341
2803
2743
13527
16306
3872
21493
3916
18721
24620
8758
12517
10018
7720
10965
10559
3743
15970
19875
14974
8836
23174
22643
12070
14501
20510
10145
18007
21268
17107
4603
22366
5215
2752
24968
10103
6008
517
23543
10229
9055
11120
24404
989
7984
12425
481
10209
1622
2062
21540
5533
970
1761
21178
395
2079
8257
11850
16117
1861
11099
4546
12949
449
11767
22347
11618
19770
1267
3576
20022
2275
24668
8706
18378
12651
14306
14105
778
23797
11528
15099
12397
4116
23598
905
4331
2390
13730
7763
3085
7699
9778
3189
4909
20016
24139
15291
3470
19917
23976
6460
4973
3505
774
5074
12802
20571
11269
24120
19714
18647
11542
19622
10828
18377
9030
24512
4237
9006
8784
11431
16150
8039
9594
7844
17765
9694
11603
21049
2790
14359
6879
1808
14647
12413
7334
8802
20278
7283
7243
16092
9883
14889
6155
13729
16441
21006
19498
13686
14040
6439
11430
10015
22223
11726
21658
9818
1938
20504
18226
8289
10175
469
19769
10206
11609
6654
1407
3477
16230
11480
22898
1668
21925
23600
20054
1147
22522
22271
6000
10484
22827
5716
9182
19009
6103
4767
3081
23537
22475
2124
12346
16826
24437
1259
23101
10994
23607
3949
13582
13753
291
2009
19299
24455
13307
4771
3910
22307
17425
24874
3037
6287
22367
2289
11470
19790
10957
23140
8445
17206
4900
4843
20155
16504
24442
6409
17161
21335
17113
13515
15151
23070
10345
19897
20937
1337
2959
12632
9028
20091
5065
24824
9034
3784
161
11533
7924
18935
5654
11873
16018
3549
15570
2597
19088
11918
9652
1788
10599
2096
5206
1731
4234
18543
2540
6316
5452
24239
12007
14046
8884
22515
12060
19472
19547
8209
11646
19882
8325
19750
18874
11498
8054
335
14910
2994
6648
24085
12497
23517
22478
20491
10235
1231
22278
21452
4878
20873
17089
2802
13040
19510
15320
18756
5267
3909
11262
6212
23814
9987
11702
20208
5655
7144
8854
14141
15560
5608
14627
1073
22813
21223
10952
24252
19047
2691
11556
16440
12968
12375
6902
6707
16813
6096
2181
19755
21842
24535
13557
5942
14783
17014
23763
5297
2745
5819
15698
20161
600
13984
2710
1410
13291
20334
15033
7886
5417
620
461
20181
9374
23047
7463
19847
15507
19344
14330
16344
4088
5287
24723
14715
22567
5589
13066
13980
10036
24501
17354
9413
4897
1813
16815
8256
10437
14316
9259
636
9385
20708
13358
3973
13008
23822
20236
13031
16576
4579
20421
10958
18697
3384
14613
15045
18003
2097
22361
20848
17525
16316
21056
24320
18921
3504
7132
1059
11749
11648
13960
24983
8022
18488
18185
1087
2714
604
4697
14178
16481
24022
16045
17575
16425
8324
12941
2778
3278
18308
8815
16929
20482
14743
21433
6337
9638
9674
22242
7368
14022
15483
21177
18895
15130
24367
23133
4418
4077
18048
1061
22589
23901
17352
18287
21391
22155
14348
11586
24011
7741
3822
6489
14117
7084
7761
16026
19074
18927
9110
9822
12511
8760
9574
9524
16828
20819
8731
13468
1436
18540
3095
17587
15128
21285
20801
3417
7805
22089
23639
21573
2233
3682
21537
20713
17957
15830
7016
6971
22737
24908
15689
23155
14651
21327
24025
9705
1398
1290
19040
22094
6433
16551
1719
14777
17068
17027
15724
13843
1987
9038
8834
12817
1017
10257
2571
22556
19980
1646
18673
6145
7406
12337
3611
524
13323
9225
4776
4707
13071
10113
20674
2882
3972
9456
2250
18671
571
19305
2866
18095
9053
13281
24147
23395
12002
15948
24021
15534
15384
23724
11072
16211
902
898
17412
747
4706
24888
24016
17766
18595
4132
23093
13564
906
24349
24362
16008
24739
18769
7961
2044
18202
17326
8175
24368
21681
1149
22728
10069
5707
3513
15879
3228
5639
3919
8822
5027
857
7494
15465
7999
20053
24648
1697
18145
18045
5459
23334
6298
24417
5830
13237
13322
19222
595
23199
5306
7617
19124
5967
15005
2942
15577
7413
1415
11184
11891
9465
19045
20083
16073
24243
16567
18243
3837
21071
15949
5085
13716
14937
6151
11235
24113
2093
10516
7017
12533
7021
12009
23469
10667
22896
6181
7046
11170
4049
15925
17199
8191
15585
800
22464
21234
17465
4334
4470
14010
16246
5135
22519
3945
5506
20479
7564
18389
5553
13482
3754
6764
12709
21662
13763
24478
10546
12267
16918
13600
4698
19858
6230
9792
8556
5233
20964
1589
12016
10066
24246
14279
13277
19226
19147
19562
3318
19239
23845
8689
23016
2417
19658
10684
15342
22075
5259
16380
7019
18681
17544
23338
1015
4347
12907
2080
12884
21547
4322
19118
10088
7255
530
2587
13791
4759
8234
11853
1590
21132
16912
6881
1048
7852
24089
24971
2871
16990
10098
3424
7668
1183
16988
7407
16111
22093
21444
13505
157
10041
12013
20782
5765
23626
20273
2807
2815
7798
8353
22560
2290
8063
12120
8132
5799
11911
5067
13590
17770
8921
11996
16586
10743
15981
12241
6099
22935
4396
11292
8222
14938
16771
16351
12851
10698
10381
23121
18925
20616
10133
20324
339
4026
4286
24572
14567
20126
16665
11070
11680
3488
9118
6475
74
1902
9260
14307
20629
9643
5517
7037
18355
10303
23558
14413
12104
16341
9509
12666
15283
11056
6967
9423
5811
7526
18262
15616
14364
6800
5804
15233
4838
2611
17286
19273
6537
3699
24142
18348
24811
2738
14855
11388
11138
21798
22682
8415
304
13740
5174
15869
20887
4545
8912
4709
13752
1549
14520
2206
5245
22969
4366
22451
6365
12461
21581
11300
17077
14490
11027
6804
133
23124
16096
9104
8379
16909
14355
1291
14160
10085
1004
17037
12583
559
24633
10998
11127
12464
17300
18415
7230
7682
16979
15930
13682
24746
3266
20736
10630
19403
16302
18613
14200
4231
9753
17635
3283
8564
11280
15254
1121
22499
8185
13098
10239
18529
9740
17856
22493
11991
15374
9696
1948
3855
6037
424
13340
14640
9635
17546
5891
6733
4816
2716
16549
18236
16487
22607
8975
2006
17602
17345
15836
13603
19450
8316
24643
11985
17346
9405
4327
23448
639
22230
10526
17823
3164
16446
16367
11583
19044
6414
23039
6118
9621
2813
22667
231
7754
24984
20824
12224
12822
7157
13737
21777
4910
10429
20029
11803
2039
5617
24498
7780
13862
12738
22892
7630
18322
19043
3674
20929
23071
21040
5302
6131
4997
23217
9685
5700
21705
899
6141
22693
10936
9839
19134
4959
9602
21746
13133
18990
2983
5604
6473
24614
6816
2640
18413
1064
18522
17237
17405
2739
20921
20082
17049
15543
196
20923
22469
22232
8162
7523
6714
13382
692
2725
20011
19414
9551
22945
17317
463
15810
7904
12272
11247
18302
13670
10455
14211
18484
10138
10782
22100
4687
7718
3483
20918
21764
9021
24159
16163
24312
798
5439
16056
1470
12223
17528
5833
21767
1185
11040
8977
14940
21508
18375
5831
15221
10882
18039
12095
33
9239
17303
10424
512
3763
19763
14247
14723
9723
15296
20760
23925
23342
8589
19719
12590
18572
6947
22048
9519
1670
5497
10292
24424
23791
4045
20342
9369
21255
7723
7219
5961
14176
4029
14156
2259
15617
18180
20816
6427
12486
1150
8730
13131
1408
12113
6776
13042
7666
1240
5863
3324
19314
13364
1977
14693
14912
12366
14600
18010
12784
1856
1581
24201
7142
9147
19142
1341
17230
9872
5989
2941
9331
17496
21427
9560
24030
21905
9243
6149
15647
2783
3917
8636
770
1820
7821
1493
18218
3986
3371
15763
9230
1954
5269
22681
17579
