8012
440
10066
11407
24464
10375
18947
17955
4600
11612
9269
4668
12922
10455
13956
4500
16924
23372
24985
23312
2659
19586
20884
8780
11760
4
21509
23634
9833
6302
17791
2087
16755
13941
19365
7594
9270
1330
8951
15601
18278
604
17526
24724
15598
1408
22699
2969
8425
24104
8003
19138
12175
3944
22864
11150
2039
3231
3315
3980
14920
9297
4965
6880
13227
18988
18173
8207
5765
23704
18696
19785
24451
5347
22221
8348
7808
16822
3588
22030
13820
11421
3652
3756
17308
16457
23957
16366
13669
11264
23496
6814
8322
295
5842
13361
17764
15463
11450
1987
17799
15157
4235
991
15674
16323
6410
7505
12870
11123
23807
4326
8615
11292
18093
6175
13235
14564
18522
9741
1731
15454
14941
19902
5044
24228
7141
16241
5249
22169
23318
2107
6945
12413
13400
10412
13588
23166
5748
21698
20760
9508
23117
12689
10115
17718
7072
8920
11081
439
23582
21982
2689
13250
12034
1818
6377
12787
690
17685
11752
23895
7580
23397
23202
3609
2259
19448
283
2065
4976
23130
5713
23239
16463
18232
23245
19687
15330
22479
4758
269
10237
2922
23687
10111
21440
9830
986
3663
17907
18328
1312
14684
6656
4312
6661
7924
16083
15179
15339
17453
23483
2858
4916
5022
445
13188
8180
10960
1599
14204
6956
23544
1474
7306
14829
13423
1570
812
23464
23843
13516
5849
23270
23982
23070
21494
5669
9733
21566
8130
20397
16215
15883
20608
12010
23990
21035
20809
22829
21049
15976
14196
3004
23135
11103
20069
2471
5049
15138
3456
15739
721
9305
11481
19189
13475
7813
15173
14086
4790
18144
8229
6832
734
20467
1685
20382
21632
13047
24740
8662
2444
23330
15501
6521
5508
947
7430
16021
14647
21605
14442
2100
15361
7830
21392
2610
1050
13539
17948
9133
17319
5258
24095
19394
12905
13837
13934
4065
5986
14318
7052
3213
20152
16431
1244
14052
13600
6037
21808
7309
20332
10317
11944
20009
14767
14874
1920
1494
17608
3445
10843
7199
16234
19143
21213
24834
23867
19937
4475
11506
18045
4019
245
19473
23485
16298
10855
13138
23673
3876
9216
23273
24534
22010
5402
21167
21015
22437
12672
23477
17026
12145
20670
22201
1396
5265
21165
10495
5843
12895
9121
20883
9609
20889
21872
3967
17884
21442
11560
10161
1253
20964
23902
6566
913
11514
12730
10827
12353
7164
9051
10700
19375
8736
7196
17441
6359
1743
7781
12566
8241
19801
6991
3056
16569
11613
23960
13560
4733
8646
13770
23998
10401
21166
19360
23594
15486
19776
16833
9669
7544
22287
20914
2029
21961
12546
21059
11868
6974
22853
23
13255
17977
18957
2488
129
15027
1612
21561
11392
1438
1824
11851
18103
1409
14617
15035
14814
3851
13501
20696
18257
12576
13316
21996
7407
3532
11044
23659
21482
7450
20414
3135
16681
20825
11003
5095
18174
15444
16169
24925
1944
3013
1936
22791
7605
11364
22508
14768
21268
6417
16277
13454
5839
7024
14730
21548
1698
4773
5732
5995
9943
11388
13076
8394
12542
17276
24376
15011
6944
19996
23757
10752
859
1568
3291
13742
5912
8971
16217
11412
21191
8884
19726
10816
20142
17314
7518
13365
9962
14295
19799
17045
15309
13502
15022
23586
18711
20401
13525
9832
15607
17665
9484
11698
11973
781
14933
1927
5687
9081
1251
24542
1523
10520
11389
10884
18192
7801
3586
15313
13537
18908
15400
10426
4386
18804
12639
2679
10735
20348
24140
10945
4436
21912
3753
12500
5070
12265
1895
8076
13375
24927
12739
16395
19399
20898
22158
10618
1503
19318
16232
5024
11915
10545
24857
14754
2188
19141
16423
19273
16113
6276
24302
860
24173
10574
4495
18820
10769
20992
338
16035
8865
17017
14340
11806
2088
11587
1841
15059
21420
23031
7936
15926
23926
7
7214
7541
2836
17895
8613
7251
903
18886
24230
12565
15747
16088
23602
10952
2819
7756
6282
10488
3357
17404
20751
610
22108
6914
13611
13231
3427
24804
17693
20675
14758
24387
15643
19474
21447
20755
18372
2697
16033
21263
11508
19832
7871
8731
17573
15496
7352
1435
14721
15006
17438
12384
14778
24396
62
19853
6701
16952
13852
10385
10470
12702
1496
10198
4186
9322
4950
15985
11156
15314
8016
20149
10015
11062
19289
16584
7177
10179
9184
7839
14367
12421
16032
2310
12365
16777
12969
9737
5365
11408
7311
13863
17729
23654
18429
20083
7485
18299
23522
7715
21495
24417
1644
22567
16006
4697
8966
2013
12667
23856
3921
6376
4416
8738
13292
5675
8704
1536
15104
16020
1126
2058
4832
24540
16989
5689
14618
22836
4898
11130
11387
1836
13682
9085
9063
24797
7142
24066
16877
18250
823
6913
9446
24373
21041
10351
6751
11510
4095
14482
10601
964
20044
14910
8932
5199
21353
14023
3938
20214
7283
1914
7346
5758
7109
3397
22236
22494
8255
16698
23917
14872
4574
13710
11615
7366
9834
19254
8559
6144
15557
4171
24518
8388
20144
20917
22841
23324
21676
15274
20634
1600
16220
21749
14622
5925
6228
12504
18518
1236
5567
21741
5944
20048
3892
10456
18260
24486
19455
124
15032
18406
3560
460
4905
7652
10630
21231
20712
7623
15417
2807
13821
4893
6549
22259
6153
21599
3212
14207
3424
18439
2755
13965
10571
18475
12493
22566
10875
17182
22239
20051
18090
6995
3536
22185
15034
3847
23976
24971
4072
8623
10783
16408
9825
9362
14960
11173
8109
10395
23737
17550
12180
19012
9997
16854
9491
20620
4954
724
4751
19411
7711
21443
3522
20926
11174
7931
3528
12323
21611
20822
13166
12311
1059
2595
11904
7916
4364
13649
21340
23228
14515
3781
9514
19958
6229
18501
13746
19948
22029
18234
14139
5599
2900
23680
16813
20579
17511
7119
21903
5088
23201
21696
3505
257
19872
18000
1906
428
18533
19070
5495
19001
21515
779
16140
8104
2371
10267
15155
16876
17005
4623
17648
23294
22244
23701
14601
9998
10472
13436
10444
6824
499
11096
9542
380
16081
6092
17131
20190
2554
9228
18598
18131
4974
19372
23552
16351
2575
4963
2228
13260
8342
5718
2358
22783
1947
19523
17786
9676
4527
4509
18040
18825
8587
2718
12521
8232
3414
1679
23577
15244
23368
4198
24531
15123
15204
9683
8177
17069
7137
2484
5252
20231
1855
14977
17826
8252
1295
13647
15987
19905
2706
21478
24672
10916
10606
636
15283
16911
3897
2257
4467
23510
5151
17769
14056
20512
24018
23954
8189
19107
90
23862
10776
22642
14528
19466
6104
17593
20273
19042
19050
17167
10791
868
14827
849
10968
2586
19018
11570
3407
19280
2352
17164
11482
10568
544
4735
12840
12620
14675
21888
9579
6461
23371
17229
17448
8235
24092
18763
22032
23732
679
1162
11599
22949
2006
18283
2827
8832
11832
13212
5333
10403
14633
16337
24753
17349
10478
13716
12562
13810
3932
19969
5720
9972
19575
14256
2923
15285
2582
24792
20050
10328
16385
12133
11163
8729
7659
6464
19245
12166
12122
2970
24918
13276
24330
15079
16851
15374
14842
20581
14416
601
13252
9176
11308
16223
22312
2786
2050
7951
12178
2928
9079
595
11092
1471
362
15273
11417
13204
3610
2632
4082
19358
19649
14676
14505
10948
6096
12345
22195
24524
3569
12073
1391
24332
12675
1097
7957
16183
3066
20955
10772
20726
16695
5452
23565
16106
10802
5787
11532
15984
20610
20937
20523
6611
23361
1485
12990
24798
7132
9161
12954
23256
24347
3868
10923
1649
6319
8540
2195
19559
20438
510
13473
9438
13268
11486
7015
8283
18997
20109
4604
19415
6645
8860
9759
2392
4918
18799
8667
6334
19862
10077
5854
6890
24340
15494
10964
22965
13478
5568
7822
4372
9230
14584
8419
14382
16251
22689
2082
5137
20598
3243
12757
3747
22109
910
14255
14585
15430
18702
14582
22332
7148
21324
17943
8598
15101
9785
13517
19795
1163
9573
4615
22165
646
23871
5632
18969
13804
491
11076
22816
2770
24707
17820
4490
11460
19724
9149
7687
14215
20179
24802
5520
19877
13421
23034
2853
2750
14613
4097
8185
1483
6859
9986
15927
15026
8896
24333
921
8906
22955
8488
352
23526
6411
4166
11304
17429
3146
9182
12933
16795
24192
8187
215
2983
7882
9646
218
3389
17378
12973
11798
19900
6623
21438
13638
13675
13286
21904
14798
2193
15633
5815
17973
23080
17235
17451
14783
17930
17079
13973
691
2622
21889
24101
22123
18796
10316
11948
4148
24590
5194
21762
22454
6816
18818
10844
7244
3997
12712
10892
21618
4271
3230
22302
1992
12352
17723
4640
6746
5897
19430
17344
2360
6506
9711
19495
1332
22782
6671
24013
3061
8413
23739
20635
7345
3534
21623
19579
1402
16198
2612
23197
19769
19917
23729
12032
19634
6397
9936
17543
13688
7130
12668
5818
9077
24409
21428
19839
17725
17659
7609
13395
10611
11395
4038
22777
6735
7241
3450
8489
14003
9250
22428
16581
13039
23038
12728
17086
8128
9069
24933
12142
1220
14197
18066
16313
7657
816
21607
16863
15678
20368
10891
7203
21691
641
3065
18298
10298
19052
15773
10356
20195
17417
20826
11270
21089
15944
11047
14396
16151
19182
3679
9568
22769
18226
19895
9459
9378
13625
10027
3114
18582
2823
7380
5029
2567
16885
5528
24149
4749
24031
24647
10274
21028
15815
5686
12455
8499
20132
21168
9648
21272
1036
14544
21592
3330
9323
12946
1447
6793
18063
17310
13701
19010
15202
20330
5959
7250
5631
1847
10221
5455
23261
17156
24322
6300
24499
355
18335
2594
21240
8384
24592
5480
22467
17158
929
16246
8653
685
11274
4201
18782
21022
4644
11332
3879
7441
23849
4705
18829
4820
3202
4492
13104
13732
2613
7331
2410
15718
20647
17846
14590
13425
4270
22795
20786
20334
21777
22650
11041
16177
17642
22672
3899
13694
8562
4036
21778
22889
8820
22186
14805
7675
7043
14855
17322
4152
6831
23678
10866
20129
10397
6757
14833
2589
10902
1603
2290
11811
20292
24533
9597
18845
16386
22883
4116
14677
20768
20597
13491
10390
8641
19497
3886
8372
21876
15684
6151
7382
17770
12369
13643
24194
9615
6176
140
22682
12160
19238
9302
23120
4059
18524
22430
13632
6235
17161
19261
14711
23257
14078
21884
20677
12232
21124
10777
200
9845
19599
21422
10084
21455
3807
5187
7825
3597
5267
10273
22963
8466
61
8964
16418
19193
13124
23486
23022
16963
16000
4087
2420
21544
8888
19020
14522
528
8811
18965
4530
21995
12356
8699
13776
9855
20735
1120
7498
5975
5338
4616
6306
12336
15355
9320
4308
20949
9634
278
18369
2203
10956
9414
4538
17708
8670
16098
7361
23887
16484
9318
23487
7493
14966
21500
9273
6514
18245
12656
7965
16264
93
19880
23321
16962
10695
22527
22928
19980
5917
19510
21408
18558
7910
15502
24805
5451
2186
13465
1320
4996
16406
15411
24199
3657
9920
4756
4588
2783
20627
13519
8868
21624
24207
6436
17546
14149
11353
21757
22912
1745
12709
24673
10009
546
19702
8788
22856
21434
24326
15569
19639
15608
14713
13430
22614
24788
13749
1069
5272
18779
11919
10911
8509
3580
18108
766
21832
18974
21456
18906
19667
13549
14717
8714
16954
4889
17813
6821
8445
9695
3801
16244
7749
15261
4440
10992
8627
12791
17824
18968
12654
7953
7075
17210
20616
3802
3438
2036
2081
18476
1948
4648
12577
24751
2789
21559
881
12999
5582
7257
7066
968
5660
17418
6363
18567
10153
20145
9266
13609
12248
11871
14894
20881
20192
22480
21735
12385
399
1462
6391
6872
891
9877
7017
22041
18963
15858
15315
4815
6753
8020
20839
12364
17936
18508
19918
24215
24512
19041
5274
13529
15209
12131
21387
4358
1374
12070
7619
4131
20482
10812
4412
9403
1917
2181
17506
22813
23578
6532
19111
8985
6234
22517
24826
2235
9788
18956
16040
13695
8061
3233
16426
24821
21529
3950
4033
5228
12491
8765
319
24064
7271
6987
3335
15812
24423
10780
10467
3826
22621
11444
8542
7886
8121
22406
14183
20156
11684
20263
1772
16285
11320
8610
13452
23300
12807
24005
8165
24250
12789
10404
3818
21503
3523
10742
5158
9620
3613
19330
17724
2267
17327
9755
19099
4322
6494
5331
21789
5270
8206
21945
9495
10583
17670
14615
23806
10216
4217
14022
1038
12955
17008
9007
18500
9087
1752
22106
6580
13097
19997
3170
7179
2692
22387
24371
3612
16091
24338
23025
19816
3337
14039
8706
11956
8450
22036
12531
8478
12411
10292
4750
3406
1634
18004
3107
24436
14104
18157
20952
18953
24061
6422
15068
9116
5546
24317
18783
19747
4215
17462
7305
8102
21017
8427
9756
5379
22179
21024
11873
12393
21121
12025
15731
6258
17719
12618
24177
19016
13182
4710
4578
5321
16850
20983
20899
10469
16400
17444
19307
1102
7405
10206
898
17728
14032
8480
21800
1945
11415
22931
14728
9964
10829
20852
11893
6141
16296
6943
14298
17103
14838
3665
22278
8315
22600
24356
18512
14380
7981
19237
22589
12629
21920
92
17865
6712
21158
1921
21633
12527
13796
2306
6906
10713
4732
21733
19093
15479
20906
23074
22177
19006
2951
6907
17147
4341
8533
12447
6490
9880
23057
18046
10882
8994
7827
15803
19376
369
23938
24153
194
10320
15214
23702
19596
20641
2156
24859
16652
1386
5539
23864
3259
9589
18901
6968
16425
9238
18320
8634
22452
5548
20912
14105
20242
24660
629
22903
14983
3770
12771
19547
731
12050
18643
4042
4136
21971
19414
17951
320
10215
4678
2285
9475
11256
11423
2717
14226
24344
21499
5290
15962
15746
23848
11470
11776
15188
10013
20683
22516
24407
16360
24433
20736
18220
1199
22754
21445
19428
11065
87
13849
7125
23948
22222
18028
8019
24813
22457
24470
158
16335
14593
1441
1994
1759
3086
6082
924
22629
5690
14221
2179
10519
7034
15880
3800
10209
11670
12378
19286
9580
2590
1546
11318
7437
15755
9174
11410
7780
8303
20166
11668
1007
9586
14465
15661
19953
5537
1547
21829
19216
13964
14670
5155
24698
10213
23525
21391
12186
41
3408
20436
11419
88
1206
1787
24065
7195
13109
5654
16910
19873
21480
11763
23049
9386
12535
16325
12495
9578
21504
1790
17133
20176
6162
16047
21069
22326
2318
8349
11301
17535
5899
7712
5902
6776
17885
3872
24158
17012
13587
7984
13414
14576
24350
11340
6330
14487
16119
17762
24835
5770
15554
6313
12001
16976
8495
4156
1768
7913
969
8669
7176
24096
5776
17881
6700
18809
22541
10280
8460
16907
21425
20792
17178
17840
8965
22632
6934
10421
2255
22230
8291
4446
4650
19364
1901
18810
23947
8287
17139
20590
13712
13128
12249
15897
11987
13931
10995
10522
7208
18189
550
4512
12884
7231
20071
11905
2829
11529
9189
21073
7322
15954
2762
1410
12083
3622
11838
22322
17556
16373
7869
23881
11413
24118
435
13044
10510
22056
1687
19806
7804
6912
20289
24016
9265
6074
10709
22690
22384
1826
4612
6342
18088
14093
15171
5532
23492
22176
10117
4069
6711
7490
19986
10289
1433
20745
16893
1094
15015
2515
17220
17501
18005
19899
9625
14080
736
22408
24888
5078
17552
5421
21910
8098
1754
12772
3111
2435
9055
18151
4321
3650
13977
20986
9604
11028
21403
20878
21975
19352
23195
4819
12501
15029
18112
24520
21195
6571
9823
18802
18056
15393
14480
4346
8375
15247
12230
6239
9376
9006
1287
10103
12189
16608
6020
24705
12585
12782
5498
13326
13722
10319
23934
16601
6011
3256
23988
12937
19886
16884
16537
3261
4501
719
6993
15419
22034
19662
11959
20130
12331
990
9281
18621
23898
281
4567
17845
24577
15951
511
17143
