15456
3810
6115
24240
6841
19744
24620
4415
7662
20339
19505
17190
15133
14225
19886
5865
4087
4278
1815
23664
20168
2884
10987
20882
13220
23351
17810
20901
10795
6291
5483
3179
13318
13306
14246
13317
8010
2929
11260
22189
16246
24383
4523
2720
21902
3474
22676
22793
1666
17655
7898
20593
13388
15670
8361
23163
21604
5089
6360
1988
3130
1208
21307
4624
8979
7825
16831
7785
17812
2679
16632
9203
23421
11824
19176
6276
19601
14774
21919
9173
1141
5834
21868
2437
865
15865
21401
22430
2402
24141
19272
12583
2232
6773
14224
22463
22523
2126
13686
22443
3176
16066
20055
8323
347
14421
23807
20008
12291
21504
15336
16646
3870
23195
6513
14785
22610
4243
4320
12784
18987
11670
7051
19012
8789
24274
8811
9637
18722
20411
13132
18514
9272
10104
4432
4327
22906
820
2883
19615
24758
585
4576
435
17080
12487
19439
11746
18588
19847
14882
8740
23288
17571
4219
7176
23744
14805
4004
8981
21456
21103
8775
1105
7023
16944
15859
6820
22214
8944
21122
6556
12094
17416
1745
14086
21805
7164
17421
14712
15888
23353
13047
6101
11618
2951
5376
12209
20891
20404
11506
22302
13979
19937
17578
18837
20983
3016
4796
13156
24970
17239
20180
8087
7674
10789
20308
10660
12975
15535
4040
1940
1008
2654
1569
23951
3702
9945
19668
17093
11635
2523
327
14656
6147
16437
15469
12189
15165
8016
18231
15589
3006
2489
3026
24543
13063
11201
2471
2814
6630
18911
9299
3115
7456
2569
3111
5312
7443
9900
17864
10419
15850
11006
2116
21104
5917
19140
18
16505
386
21436
825
17608
11788
19690
21591
22846
5097
5326
7826
24508
2948
854
8205
6228
5820
20808
23301
8631
6665
17278
4707
23682
24053
22168
10299
23684
12931
13210
11953
13150
22948
3747
12158
8653
18142
22330
24719
20382
15220
3313
23388
20575
17181
11220
5021
24004
8945
3906
17841
10792
24646
9199
12355
23557
14104
1718
15938
19814
11301
17979
5145
710
16068
869
17699
3767
7111
7417
8293
23323
16654
22383
8515
16759
11873
5859
7320
8532
17867
7911
20085
16865
16842
8682
13376
15109
1739
19146
12004
14593
17601
4958
15954
16030
8657
21115
21420
24760
20836
14659
14434
1649
5011
24400
18815
3910
17632
15758
6581
16129
11444
17381
2132
951
17333
15191
2854
15052
3269
6441
8098
23037
17918
5351
678
3781
5579
3690
746
18005
12918
22332
6627
12237
24280
23623
16515
17072
8391
21176
20007
16313
624
15259
17254
18217
17641
11043
3422
20924
10447
20584
8881
1546
17055
14591
23012
1176
11745
1117
12969
388
22895
17914
22343
4056
4275
2331
19821
17020
14489
8253
13090
8873
8995
14152
3219
1643
5431
19649
19083
14371
19978
3724
23459
110
20931
6515
12115
15005
22367
14091
13144
15065
11596
15226
3584
10256
23800
20134
18721
11977
22437
2693
8609
23656
12369
3412
12451
904
13563
19182
23356
7957
19082
7401
12227
18483
7373
18080
20828
18835
15206
16697
14631
4788
2788
21085
3480
22013
1158
12625
2663
2583
5634
16143
12549
5191
9836
21001
24372
6705
6863
16939
10201
8316
6578
24943
2851
13503
23526
16805
22615
19912
12811
22575
13185
9789
24725
8078
23352
19687
21650
14373
11101
14991
4609
14818
20386
11607
9970
13189
5073
7650
9844
19000
23055
16970
18753
13194
24981
1709
12779
6504
19639
15295
15592
22075
5126
12877
19289
8779
6885
14955
5687
16743
18208
24602
6279
10051
3411
9125
9716
11931
19897
244
21486
8233
74
167
3594
23168
18913
15978
10589
19557
14884
18025
11277
10793
11276
13245
3515
11945
3629
18795
13790
1314
24207
3167
19707
15218
6680
1656
19045
2543
3201
12147
22912
23061
1267
3692
2919
13922
17544
19257
8313
16556
9129
8009
20731
954
23582
17409
3821
13205
19169
14629
7990
1480
16458
11336
19916
17860
20643
20510
6315
10810
23294
24418
5907
20579
14483
22653
23400
19022
12013
24714
1382
13402
8206
4892
51
7927
17462
9787
4404
9040
10046
10621
14885
11966
4241
1903
9497
20534
13658
5330
1205
4606
23549
2130
11517
5992
3398
10805
5596
22789
9655
5498
9022
2870
22390
24014
2872
15066
6444
5372
16830
21330
18152
9275
7896
3444
22371
8251
15272
8781
5377
19604
14422
5134
931
23630
7245
12087
7268
15949
12457
24347
10040
17154
23543
9728
8697
13135
1080
8407
14088
2826
9815
17690
21349
2933
10701
14286
17152
22618
2339
5106
24260
24969
284
14222
18519
16595
22558
24351
4527
16429
10798
13451
12511
18470
787
1589
22139
3009
18665
19326
13598
22236
2401
18741
22284
3932
20585
6735
8019
7947
22417
21277
21656
2723
10578
8932
5061
19090
13297
3772
2466
21781
10204
9228
12483
11288
14209
3138
16215
6084
5182
22279
21603
15306
21415
18607
7326
26
12764
20087
17663
13631
21373
1691
9017
17677
23968
15834
6889
7792
23712
14524
22427
23998
22939
23300
22088
14537
22638
22310
23916
22978
19388
2129
17932
14415
24982
12474
20728
19703
9303
12718
12853
9902
9320
19676
23596
5304
2055
846
17056
17931
24888
18946
12297
2911
3156
3727
4270
12695
6855
14804
9893
13475
22887
2338
16063
21396
21096
19618
7938
20038
6379
9960
17994
2561
10474
23913
10393
17846
2320
6492
13322
16657
2952
3312
8558
23287
8347
24131
5059
4806
20511
12044
2496
2817
199
14621
16812
7821
7396
3244
24814
11029
17886
6295
11817
16146
376
22295
3734
5223
9079
16819
1872
10328
24454
22896
13346
12382
22305
14897
15820
14070
2853
12454
17854
14309
6307
15694
8225
10546
2284
10755
12710
6348
20625
24343
9627
196
389
16579
22608
9000
12772
11255
24751
1349
14936
17723
19576
18366
1150
3348
5452
24724
22365
7387
20322
13868
23594
5162
15953
7236
4050
18723
14034
23923
18764
13232
22674
14232
3421
20632
16477
12142
6649
13040
755
7864
15908
16653
9486
5407
18045
3357
9726
13433
11115
22440
23515
12981
3989
4431
12123
24874
20968
9188
20395
17203
6533
15215
21949
22401
4488
12537
19218
17894
21725
18291
21463
17353
6447
18085
12745
21268
3596
12823
13595
21688
16912
16591
23949
11038
2117
1162
19490
23819
11084
3667
12661
17758
13707
20432
8596
14476
3607
1727
5563
8626
10260
24161
22354
8615
17525
17131
9281
11786
4510
14325
1006
4487
139
15502
5776
1608
6629
13919
3366
22650
16080
11593
16248
20940
10716
5353
8864
4847
3693
9882
14663
22919
11830
19667
4633
8340
22402
14873
20538
526
17779
3907
8258
4121
22857
24858
7742
14821
16837
7593
4648
5984
8661
987
2090
6340
18169
19009
19920
5200
19555
22254
22689
1623
4542
12809
7298
2335
20636
9074
8350
10646
5477
23211
16942
17896
19685
22405
720
6672
8083
22078
15445
428
5504
18541
13831
13512
17044
1756
4027
20092
19056
10154
16530
23590
3893
6883
11066
10540
6201
22544
22283
13080
1374
10956
22771
5689
11973
3008
11354
19968
15715
5335
16110
17327
1895
2124
4150
13530
1
15171
14147
21800
16737
5499
6240
20559
2578
13864
5766
23573
15691
3587
18027
12805
11007
6208
11449
13908
13636
23304
3022
10295
14721
7386
1833
20564
19485
5903
6817
18948
18157
13965
24871
2730
17575
20906
2888
17937
14910
1622
5960
21068
10400
20290
19566
4881
9894
19518
9767
7461
1142
22727
11825
20233
4186
3310
21545
9963
19467
14453
23411
21019
23100
14725
3950
14129
498
7010
18954
13438
6428
10302
11097
24016
5124
7830
13749
6328
7600
22777
20079
2519
23470
3392
23610
12042
11391
202
24733
19624
22198
984
4225
348
9156
17360
3371
5077
2171
6686
11073
6535
11089
3576
4011
1955
14007
19455
7643
6503
3912
3417
22311
16311
4652
20952
3386
24365
17194
18830
13234
10298
15199
6040
14292
7213
5869
21966
13508
6372
13371
24472
21311
1604
7630
6210
16409
7749
10547
9907
19746
6442
10717
22037
20848
3916
533
7616
8497
5429
11348
9045
22879
1252
19062
12574
18700
24623
21375
23627
22721
13495
15142
10763
19502
982
23190
24846
12536
8739
18229
11213
17711
9652
5578
12363
5033
9366
16563
4718
23821
16005
1044
13350
2356
7384
19745
6954
24130
16721
6145
18590
4070
10112
19250
23049
22097
24169
4849
1431
4218
6915
3953
1343
12667
9033
17911
4901
743
3634
24730
2142
24147
2229
15885
8215
13300
9749
17182
2652
7945
2885
20789
10020
653
4724
8027
8444
11481
22803
20622
21532
20760
15351
4723
23436
16222
22441
10215
1769
4502
8695
5955
4437
583
4082
12769
22100
10914
23174
17614
17656
4670
24093
2728
23207
22713
19963
4897
18180
13699
7993
21055
11129
7973
15773
24900
17741
10370
10687
14879
24342
6530
22261
21042
1921
13368
16932
22442
3990
4680
11550
16670
19047
18199
19374
19445
24966
21928
6710
9975
4506
7688
1363
11167
3147
8318
3231
17142
9467
21814
10768
9256
24610
19479
15521
17999
9230
434
8255
260
6821
22052
4578
11642
11889
3171
24551
2748
20668
6974
11441
1498
21644
817
24334
20596
17277
23980
13421
17200
1465
19332
18543
17658
8045
7523
18301
17517
1633
16113
20658
20963
2173
9633
12920
14196
16220
16787
12555
3549
2531
19514
23053
24616
23506
17344
6961
10364
22918
10784
18030
20214
14379
23666
12010
2162
21233
21267
17722
24684
24001
9439
21661
22772
14374
10095
22438
10757
24066
6971
24938
17876
2192
918
365
18290
23530
21772
5958
5827
12197
11212
13741
2926
23079
14983
15781
12740
8039
3647
23476
10930
15891
7174
16612
20232
16975
24740
13887
4317
20066
23017
15303
14271
5475
5032
1962
19115
14680
13639
21243
7981
11139
9986
22796
14573
16678
10451
7631
20667
19391
22806
5213
24534
14676
12468
10846
748
14540
6778
16997
18958
7628
22265
22403
11838
23659
4383
15497
18720
2544
203
22492
8154
12366
5290
13691
11243
15413
15890
13334
8825
2735
21763
21196
22482
14253
7305
5474
24017
14849
12400
17113
14001
23238
14498
16734
5173
7983
1866
23010
17619
15390
1163
19959
11730
17817
11573
11769
3777
21594
8114
20994
21280
12979
22775
23717
234
13465
8079
7370
3715
8993
16408
11216
22378
7290
7647
22681
6756
2408
24946
5666
4426
3691
729
9635
20043
15997
3372
9532
11355
852
14275
7368
876
11836
22518
17969
16583
9370
8583
2228
11174
20213
3267
7151
20294
22094
4222
12599
138
189
11156
3924
11203
3239
14679
8921
745
14533
602
23622
12353
23082
5559
6577
770
22245
16087
5174
20344
2379
12049
23466
4419
10454
9761
11982
12424
21825
21892
22683
16510
20911
24331
21153
8410
13137
7632
1991
17900
633
19498
3012
5156
4182
18137
14384
9919
19675
20546
326
1053
24252
20489
20589
11728
21395
10585
2195
24385
14637
16588
24441
6653
7507
10983
4931
5291
17336
13843
21289
18391
2513
17615
24671
15681
1418
21057
17879
15349
24520
24074
21807
11272
7985
19151
334
14995
19530
21903
18318
7972
1023
12875
17725
5953
22349
10072
1088
4274
7300
18756
21032
12958
21760
4835
186
20317
4205
7081
3944
21014
3057
6053
3427
10802
21493
9220
10210
11755
8048
2481
17508
6459
5468
6476
5002
3462
16162
19102
7506
12587
7665
4381
20784
13837
19321
15547
10932
21901
9089
8284
7823
9506
10799
11841
9545
18849
19890
6546
24905
4251
15970
4430
12911
12564
742
1533
7682
15790
21673
711
20747
320
4361
13316
23564
23597
21278
5306
15121
6368
32
23078
20673
957
355
513
10172
1445
17940
1297
4845
1913
11583
17222
19372
11997
22368
24465
11629
18308
6169
24477
5698
13643
12014
19640
24166
14029
17891
12312
5088
23772
11650
1449
331
14349
23148
13348
7285
24314
24920
618
10352
11480
8832
22994
553
22933
5368
18831
2580
4363
2426
15586
2994
662
5391
3964
17644
12731
9015
17475
7873
14114
24330
19258
1693
5796
7760
8462
13555
13209
16519
566
12721
18995
13826
14714
9590
9527
10656
21005
24685
21900
20635
7874
13880
5684
22386
19794
6561
24576
23648
6801
17049
14297
14536
4738
16077
24706
12851
293
3040
8680
3776
23130
7702
5558
13541
14966
14021
23379
6845
21601
7908
5606
20468
7621
5783
20234
19194
19234
15587
19017
16173
7302
19973
15516
10081
11579
8119
9920
20335
14526
5336
8486
9425
1383
16991
16249
13457
8137
1765
17491
3562
9476
6352
8240
18089
19153
3919
19394
12525
10469
20626
10877
13518
18576
1527
4814
6081
7740
12024
7363
13302
15504
18468
24106
19980
11822
344
19119
6431
2849
528
23457
10545
16098
6500
3368
9309
15562
18164
11598
23621
21620
18117
6666
21789
24575
8168
14822
15519
16498
6837
7098
2729
7434
21740
15659
5734
22702
18683
2386
17083
16342
10147
18130
18637
19541
3177
22753
23200
7008
18533
22351
12841
8797
14701
22120
6713
7196
18442
10096
6507
24272
5500
14096
22416
13789
14330
6036
1048
11853
24406
24697
11940
17459
11315
2549
24444
1218
295
21635
4123
12201
3541
18884
4492
6875
11770
3457
22532
15113
567
15525
7524
13460
1845
12110
18685
20372
23702
14411
7812
14048
8990
20002
18859
1751
1351
14484
16662
17985
5109
16415
22314
4846
18652
20414
14544
9554
2304
15505
20005
1685
11842
23754
9868
3757
6155
23229
16334
8707
3360
8046
2086
6944
5512
15745
9229
4006
7618
19944
22080
20933
22761
19727
18994
7473
18472
7353
5225
16295
7412
1492
10098
163
13878
4654
19121
18487
24307
21819
3649
5219
4497
6432
6236
20877
9628
4412
14320
21049
16180
20583
2651
19580
14020
8230
11402
21410
195
1490
2018
1410
3795
10946
8138
13646
8441
2586
23185
23660
1587
2658
7856
15432
24704
3570
6131
10138
19923
19519
24803
1721
1295
21156
13501
16237
10628
21423
502
1673
500
17097
10331
9131
18766
9862
17665
22524
1615
16387
14647
18688
18296
18202
13165
7714
21283
9027
10772
4091
17233
9235
22820
9310
17754
11119
20690
1148
9646
14664
18298
9473
19458
374
4660
579
24531
1282
7299
12995
24057
24493
14261
7589
23183
17403
15549
17483
7764
15020
4824
7239
11609
20488
5532
10344
5789
23142
22109
13142
5031
9533
19152
18520
24156
6518
12636
9147
4604
19337
8250
6679
804
24282
16606
3911
21875
14200
6250
2559
18847
23113
10641
14943
16499
12191
18971
13865
15402
22086
21929
7166
6214
12961
8867
4400
4481
2992
10885
5249
6750
9937
22987
15660
9571
18035
12808
8447
13731
12394
21393
17818
22733
15341
17847
9706
4512
19327
1856
6916
1668
19270
10385
9192
1899
18486
20238
1515
20990
3640
19868
13030
9128
23716
19061
21676
10297
7752
300
18701
23698
757
2611
11522
3118
2799
23725
21054
19871
22375
5788
2775
7202
21241
5791
21645
3164
16702
24756
11044
2485
24058
5210
13483
23245
6579
19595
18676
22357
6184
2606
2772
6378
8252
19100
255
3319
21534
12212
15724
10449
24611
11161
11575
16698
11117
6016
2890
19526
12622
4875
17480
24790
75
24302
9070
5170
9387
10091
22647
14464
3624
23674
5937
17071
19033
5565
5583
1680
10576
1212
13477
14956
2152
3616
24031
23322
16804
328
3471
12540
22809
17134
24495
1372
6434
3933
8731
10181
13582
4655
15472
14831
1381
18042
7867
22150
16072
10508
9358
2984
17515
7971
14574
12794
10242
19395
18832
24491
11703
1037
1563
22211
1534
8748
4513
22567
17934
501
7918
13850
9167
3151
2159
6498
5830
4252
19054
2154
6325
4801
11482
18681
22960
17028
3760
10505
21697
16079
4025
5232
17964
24111
9119
14220
18739
12055
3940
14939
7755
15925
9857
11138
19243
11136
562
16241
81
20068
24229
14181
22788
21201
22101
21912
20674
11972
7422
19573
15936
9579
1222
21041
3871
12644
6189
19527
23729
24818
10499
2508
4245
18917
19827
447
10705
964
1613
5064
16950
24422
17457
2913
19905
19932
7090
14704
21822
17978
23231
13233
10263
17250
8786
5648
4866
18647
24321
19507
13685
1980
20329
22616
6322
17461
18973
843
6508
254
22382
851
13053
8354
4972
19878
22729
23675
1865
16794
7894
24268
22119
21882
13389
14460
10466
19409
3286
7463
4125
17836
10495
19020
12559
5728
4863
17444
11046
9246
12922
9253
12149
3137
6406
21539
23414
17777
3787
1621
24098
15948
16863
19867
7875
9368
8430
8365
23585
14291
19838
15683
9574
18851
6972
22832
23826
2412
10736
5681
4301
11206
14276
21580
5841
14410
14671
9648
2168
519
917
19647
18544
605
17993
23969
19138
2208
12760
512
15377
10289
21422
2612
21264
23909
19444
16001
20700
2444
6761
12610
2570
522
23537
17842
24820
9278
8770
12579
13558
24892
3198
22224
8818
10371
4276
14994
22662
20697
13938
10457
6128
17268
9967
23545
11176
14388
3699
4102
6437
23859
18302
11962
8429
5190
12521
4003
17995
11884
20291
5642
13679
13553
11996
14535
19305
2265
20103
6386
16445
9918
22060
16263
17347
4820
18646
14238
15198
1852
18788
18974
7420
7736
1537
3854
18497
13949
22129
20246
760
12876
7367
21945
13106
23360
14351
10379
7551
4657
22061
24464
13539
9802
375
3454
2705
20824
3714
21824
14073
22264
19298
23401
1059
1686
2193
2050
22735
22730
12114
7528
17133
9469
16963
9084
7833
9523
13274
3122
9781
5378
9500
1045
5243
15114
8978
5695
23046
15755
2025
10765
19935
16269
22744
15647
6220
239
14734
11693
2759
1664
3816
6080
11163
5523
11434
24185
573
19495
12282
9557
5491
514
16310
4139
13120
2707
19837
18518
20948
15640
19377
20944
22993
23403
12273
1230
18725
3934
1947
5864
4612
15730
1272
10478
6976
19643
22218
12279
6057
15300
5736
3053
12595
15058
18053
3798
8374
17378
16848
18481
9191
6661
1444
21801
4891
22125
4359
18880
13498
421
16359
22770
24757
19804
9682
24536
7394
4627
12462
1784
11630
24805
12019
19368
2282
15965
13635
6939
22594
3632
198
9145
9739
20504
5287
3276
12865
1077
10442
17579
21871
4501
9791
17367
10308
241
15077
24249
2550
23768
7994
18129
11919
23518
14908
22738
21967
22076
8394
22087
6987
22085
11917
11465
3914
18816
5451
12647
5151
24755
20340
6905
12284
17935
19560
7243
23222
23483
20122
15686
4119
12702
19039
4001
2343
12239
18143
22837
16014
15763
10668
17616
694
1063
9991
16459
2366
9446
2180
23700
11263
1598
14797
14935
8060
19333
3731
14044
20048
19732
6259
11368
1278
23553
17799
24925
3405
18956
4071
24265
359
10813
16102
16968
21944
19836
21839
12469
23641
24352
24480
1576
23586
2524
19469
15189
3958
21853
2022
19553
11432
862
9922
1408
5482
8122
8297
21328
15023
6376
24752
13323
2089
12912
4998
22423
13675
13358
7659
18059
17455
5947
22736
1618
9972
16124
24694
3973
6610
9326
552
391
23477
24413
20401
24655
2555
14022
420
13423
23650
14820
13972
3416
270
10023
15947
19899
24238
23670
22432
14832
12368
11969
4840
8906
22983
2438
14031
11144
5613
12022
5615
15146
9895
18429
6273
12116
5922
8839
6966
23690
4332
6899
18088
20916
14342
24423
23625
9393
3720
1133
2035
13048
18430
18557
14760
15253
9784
15841
4036
16078
1958
12430
22833
7948
17148
19664
299
19506
5526
21299
10416
2440
4536
508
21602
17738
8063
6439
12799
2247
10890
603
3094
23490
24026
14749
2140
9519
10776
21544
16400
4541
1759
16770
22603
24909
24338
23962
21418
13676
4382
18445
2850
1551
15703
12223
8562
1969
23499
20069
13981
14369
19491
10052
14711
10892
17124
8553
22687
3718
4486
20741
5404
24887
1478
1124
16923
4953
2476
23052
4228
13534
22823
14308
7573
24048
23371
11934
17743
24572
48
24072
24337
12210
14898
13844
15576
23927
4195
3842
17907
10836
11366
20374
2557
387
8899
1342
2186
8295
20972
3608
24979
1998
15170
14953
23570
7761
23834
19126
3379
3169
11503
5890
22522
14456
13479
18610
9934
17736
7096
3052
10197
11790
12538
16596
8525
4878
9818
18755
13373
18888
17341
10338
22795
18682
21178
8670
2389
20046
9407
14612
8897
3359
2965
15151
16757
4687
8482
6312
2771
1398
13241
15795
8690
15768
24815
12984
11947
20034
16297
20280
21835
12480
4019
11047
6311
6622
17756
21798
20980
3043
23769
14038
12045
24737
18008
4343
16134
13081
25
7414
8603
12463
940
487
15787
21208
22140
13447
5821
16800
7715
16183
39
7699
6582
7882
14239
18651
14109
6696
13372
18395
20825
10074
1127
13784
18390
24544
24968
7421
17201
15874
5045
7623
12206
15373
8612
903
11863
12281
13921
21537
14361
2105
24234
16107
18141
4373
11510
3645
2815
17770
24124
18367
22445
24398
2976
5279
6957
18492
3651
4453
19005
18201
11463
8760
17014
21403
14511
17214
9669
10268
16558
8459
10703
4572
11938
14425
1744
1548
16514
16745
858
21461
15661
6136
14563
23559
5797
5575
23546
24842
20155
15747
11624
3336
22934
11110
16649
9239
4374
6489
24711
13328
19175
15101
771
10092
7070
15364
13802
19673
5323
6687
13128
24469
2332
19739
17875
18321
10359
1983
6890
7309
6936
9510
1669
7501
4236
10363
7006
380
5471
22734
12883
15134
13171
17613
15149
14037
10658
17568
10638
3282
18517
18583
6604
13750
5603
13380
11324
17522
4590
20776
267
1313
12456
22243
24044
21091
22927
8936
20659
3076
12522
23604
8266
15896
22495
11219
4872
8878
2133
20239
17078
23369
20434
5472
22421
7837
8762
19844
12892
13564
8213
16060
1936
1560
22291
3831
23274
3445
11299
11654
8464
247
10254
9560
11280
7382
9153
19470
19551
2568
10265
9001
8929
15016
21623
15275
15580
8621
491
8054
23745
9205
1391
6830
8500
7582
20073
10127
11526
17101
1531
11008
13760
23608
13027
4462
18813
16042
3290
8582
6277
19635
476
1025
15788
11698
12262
4128
2985
20236
19632
5891
1858
1140
9429
12145
9289
23587
18106
4855
17297
18097
20375
13718
2015
6893
10617
1953
611
24105
19728
5537
10625
17611
2577
15033
22063
3414
10619
441
15676
5619
23392
2574
15212
9025
4356
9226
1085
21961
17058
24063
16081
18247
9438
1652
17748
5761
1306
5712
16209
15004
19770
8438
8376
24800
5803
11999
23609
14930
16177
20753
3979
105
2847
24939
14389
12439
5530
12856
19064
10952
21745
8457
12628
6456
23009
15369
13432
7576
12166
7283
21785
6416
18568
3172
459
14693
11828
7526
4443
9057
4613
24285
21733
12075
323
13891
18478
24618
6158
14025
11340
15673
10129
5149
24402
5665
7296
20453
8597
12804
16151
4739
456
10938
14116
22111
1948
21160
10704
16278
18634
17540
4152
7464
15328
2098
9950
2793
24927
8109
12341
10651
11588
2925
3326
20463
5281
20684
13654
21844
8888
8461
22494
20261
19983
14789
24415
17391
3565
24414
6599
5038
11634
8900
9319
24955
6697
17257
20813
6639
12015
15093
8833
6777
9124
2733
14860
14282
18908
24416
17639
24134
19183
10047
7163
6471
15940
17485
17664
1506
10355
7028
18300
224
21890
8433
15242
9534
24519
23008
4924
18185
18285
22909
15276
21651
392
10845
2372
17572
6816
17479
2656
11127
12845
21880
14596
24427
19137
18032
15769
14419
16396
16809
969
9759
2794
5139
7838
2213
18524
14580
10692
12173
12175
10143
2071
21520
10053
13139
23441
4072
12185
15045
6977
13249
5538
1650
1639
9580
4909
23233
9018
42
18262
2806
10544
11912
23167
17177
13289
22714
1797
5361
4154
21002
8742
16684
863
5633
9954
8727
1989
6703
11437
9875
20930
9796
8171
19295
17105
3433
13557
23104
22928
15692
5586
17456
18833
19883
2821
15031
23156
18608
798
10709
12793
13807
18615
2706
16252
12591
14783
23324
10535
20977
1915
8630
16450
13215
24278
2860
4260
13528
13814
9329
5185
8285
15915
20751
24373
23043
23917
1257
4721
11677
10960
13839
6771
20145
10758
24162
712
13634
12482
13459
17302
8121
18176
11106
17439
9112
18173
5900
20217
10808
5272
9776
20448
24215
13701
13806
22936
6985
18241
2862
8681
318
13083
22006
4024
14732
7795
8676
22871
16744
6517
5553
12267
23603
5296
18704
9340
21652
6734
20720
21669
11992
17116
19803
15425
5906
13886
23083
13716
12067
719
9952
13800
2328
3765
18068
21405
5866
6656
15208
6780
3096
14569
18648
6264
11870
15403
409
14149
3486
12144
21793
9665
15551
8096
3920
5908
21862
23344
19147
13107
22016
23902
17618
56
5635
3533
17878
11472
14362
23020
8439
3388
9168
14741
4978
18096
9231
23422
17006
17776
21446
9452
10251
15529
18103
17244
17368
9925
22303
14962
1499
14413
7822
10107
9493
9805
16085
10893
19603
17628
8847
4880
3985
8716
15001
7701
5484
3406
22519
24799
8940
2297
23420
23196
14474
18048
9831
20811
1095
6172
3106
8566
13136
24375
785
7019
22313
721
22066
9039
6110
6224
21075
2682
875
23178
5252
20426
17922
24132
21044
7937
7381
9291
19340
780
11504
19323
14779
6878
10882
12048
24076
13633
7192
4607
3044
14810
18772
7562
23795
17084
11869
12571
3479
6914
21116
16503
22829
13740
5967
16007
17683
8725
9610
10195
8772
14633
7717
11684
12335
23445
18730
11228
17751
5071
14835
14331
7321
10999
19068
7545
9769
288
23251
18654
20438
13549
15032
1341
15344
17129
6330
488
15375
7205
14600
1328
17388
14858
21483
5442
812
13254
847
15389
22064
10432
19134
13594
12744
19229
1999
13947
19919
4200
15754
14189
1723
4804
23468
738
6676
15290
19848
8241
9077
12378
5364
2342
15263
5612
125
16442
9825
5905
20153
17237
5674
13367
11194
14736
22411
19499
3946
5203
15713
22486
1631
3317
11431
23355
21820
18221
8389
7705
4570
4433
9106
8276
6223
16051
24835
4286
4551
3067
13307
22287
2667
7732
19106
5137
11846
24149
20295
3611
21754
1637
5948
5585
992
1967
9737
11041
7849
24693
11393
17168
11908
9494
8816
7355
1473
21230
4482
9276
12073
18489
24172
22707
10561
5288
4077
6306
12479
9649
17174
2579
6742
24580
8671
2875
21121
16360
4910
8587
10132
24781
18160
10232
11826
16581
5269
17050
6213
14848
20645
15414
9354
13697
12083
12029
2974
14364
14145
22759
24329
14959
13524
3482
1192
22353
115
21769
5700
1524
15174
1750
10570
6632
13264
24284
15201
24547
1484
10964
4370
14385
15620
19164
5901
5991
4312
19840
160
23134
16185
8854
10037
13859
19157
22366
6218
15856
7698
22746
38
23031
24843
24898
6042
4372
3815
3681
3256
23239
9236
19284
4472
19780
5516
4746
15067
6692
9666
6099
9634
6046
14682
16860
8879
1224
6380
10184
22769
13694
10927
16824
23583
509
16326
14190
24940
4862
16447
3664
17926
7775
1942
2480
14173
8754
6274
20646
20409
9224
4559
11180
924
23850
18454
24005
6563
14174
5938
2893
10239
10372
18555
16218
7892
21992
14735
17874
4099
6338
877
12074
3042
1630
2231
17635
3823
15474
1358
17558
18114
9233
24942
3610
13975
8700
21372
20631
3601
23141
19596
16478
18188
14248
6440
9909
21682
15617
20455
7563
11009
22418
18804
23453
10894
6748
22876
13166
5884
9442
21821
9653
18446
18460
978
6245
4748
4467
20695
3187
16792
920
9293
20366
10860
9683
8232
14481
11332
18803
23704
18384
21555
21371
3996
19778
5699
257
11856
1237
19486
6892
17766
8005
1470
10905
20380
15392
17007
12127
608
9159
2572
9616
15695
11399
18186
23952
12331
22703
20181
12548
4900
21219
20324
18234
13885
13392
22663
17312
17868
22102
10662
4161
21698
24914
22574
19358
613
16769
4632
11292
15484
1202
18625
8023
18996
8849
2013
18885
10319
13580
24738
24323
7255
8162
11214
14430
12937
10828
6054
145
20465
23866
19799
18119
9906
11578
17441
24320
1665
23937
10614
14186
16407
4857
2323
14492
1671
1505
10016
15025
15457
23454
24133
14654
16291
1701
15139
14720
22990
505
8442
23612
6949
20484
9459
10174
12404
12657
14099
7137
1493
2542
21701
4007
20979
10292
11388
7747
5347
6564
12966
11660
15775
1143
14176
14800
15546
12934
4661
21164
15039
18276
12572
23253
18522
17882
21735
24974
12343
16298
11040
18960
2525
11055
2009
534
22053
22387
8977
20898
21337
22173
18546
6323
17912
1884
15652
10048
4963
21664
17334
15926
19466
22840
14378
1909
20655
24363
13733
22765
21017
13514
945
18398
754
2156
3291
21093
21734
14556
20969
4808
22722
2982
2277
4337
17267
9374
24411
18731
18453
15842
11866
20779
3873
1340
19269
1564
12859
10101
5409
16626
18227
2026
19350
22902
17088
12006
4903
14678
1187
4445
14370
18126
19898
1906
15608
6102
19961
22600
13251
17130
22233
23382
5974
18131
18863
11877
22710
5557
1260
3400
411
22288
15217
7124
818
22197
18404
5873
8965
11297
16288
352
15343
18691
17834
11414
8068
19986
15365
4271
19945
11722
5237
14551
23386
14861
15806
23532
12947
19347
19610
9283
19608
16605
5354
6267
3965
2947
2155
15367
19352
1927
16802
3442
21424
1841
3065
3146
10326
23091
5121
12151
14597
10830
24936
6388
5733
13571
20157
18022
9746
18136
19894
3939
19638
7745
24292
22870
16383
15646
13050
15452
11359
21810
134
19539
591
14675
3586
4989
9211
22046
23471
925
2796
829
1114
22921
21072
12261
6346
17801
433
12529
3214
19659
20011
9690
22056
9595
5425
9160
9212
12162
7836
17795
3602
803
5709
7229
23488
3092
22484
23425
21297
21846
1335
22586
2873
12817
19268
1476
17538
14739
17705
24118
23025
24807
20945
12670
5297
12043
17077
124
20210
19749
23706
24382
2096
19123
12286
2084
22718
21554
10452
19583
8741
8386
21078
18811
22612
20712
13717
1995
17396
2262
20724
3090
16871
9448
11187
14134
14874
12065
941
24086
22677
16451
7346
1529
1269
17473
24138
20893
17548
9009
16738
14348
16531
21671
1795
16273
19342
22320
6815
20850
11245
10320
21715
11230
12226
12838
14470
22639
14989
15143
7636
14947
13985
11081
15438
13683
7996
3424
10934
18550
20634
15591
17264
7266
10787
11498
21189
8163
7809
20398
10317
15777
11239
22813
554
699
3163
7968
11303
19722
3098
11694
4937
8934
8349
19220
13326
4165
16629
5015
13832
11478
8824
6290
7887
14208
23635
22
12999
17310
7134
22152
22767
5520
5561
12677
144
24061
11454
700
21384
13164
6619
13852
3534
14823
20045
304
11576
20216
2311
9738
8766
4535
4688
21323
4517
9223
3097
17115
14907
21884
19319
6125
19951
21621
23548
7360
21314
15480
13816
7940
9365
10012
8006
11600
3901
17623
10853
6098
2805
10137
5986
19181
22889
21852
4547
10134
7264
19873
19930
3995
11342
13378
37
24190
21858
9929
14579
23710
19907
1729
24224
4838
23944
13858
23313
23099
24541
14557
12027
8140
11542
315
4686
13122
3315
5591
6490
7282
20381
5159
21012
20588
4141
15091
1439
16645
2047
4773
5645
11781
4220
12936
20800
18842
8949
14872
5707
15794
13998
19859
1136
10832
915
17809
21026
23784
1565
10369
12576
24688
3192
16290
23569
20772
13243
9353
10162
8307
10131
6371
1625
15993
15010
23566
5670
6659
5103
2967
19866
17392
19382
