18354
3893
16872
7829
1379
24248
10066
19678
9088
23293
7935
24464
13730
18313
4307
11612
1645
4225
16195
22445
7520
13956
15705
1595
11986
14938
19586
3658
23824
20884
23500
5407
7570
23068
24304
824
15921
4
14225
22166
6692
2398
8730
17713
8301
8707
14982
15948
9519
16726
5726
13636
16600
9575
17469
6428
15913
6773
8046
8854
17791
5524
6923
14686
6504
18329
6782
24057
15605
6576
19365
7079
5552
9270
22825
9099
13680
20262
17011
18390
12191
17340
6433
15601
12414
10431
9073
11528
12404
9535
5610
9656
5102
14812
1408
12080
17436
24489
24583
17290
19824
18737
10920
16991
22658
16651
2390
17732
972
6822
14360
7937
15929
13382
7840
13756
17924
23953
2039
13499
11350
24516
3231
17509
23224
10170
15002
5616
9297
23249
14064
17584
5722
14644
15881
3758
21612
7513
22678
2270
21978
18173
4426
5765
16248
1263
19847
11734
15710
18696
18803
940
19811
3510
16728
9092
24770
16080
2932
5785
24451
20095
23563
3817
15923
24188
9387
10419
9449
24200
22972
17333
23196
210
22031
20252
21804
1858
4589
11281
17911
10600
1993
19908
8284
4526
17308
8948
8218
1815
19053
2474
5586
10243
17003
10940
3848
13669
128
11264
23496
8322
505
6883
5842
18563
3180
11450
16128
23346
6849
14789
14694
11603
24961
9177
9515
19081
7905
24321
17578
11285
2230
1376
9453
23272
8224
6312
19371
4502
20067
11896
14334
24951
13727
12623
13661
4326
18494
19964
24281
8615
6520
2752
4352
12540
4419
6665
4607
13235
442
18522
15047
20701
12182
1174
6688
23676
15434
6075
13302
2173
1731
5661
8467
3324
19522
14317
13345
14941
15859
19902
20038
17918
19527
892
16288
23322
16154
4383
23318
16010
8866
12862
2382
13788
17530
22880
23860
23825
13147
20433
15107
2563
5748
4973
5244
16938
7084
9136
5358
24853
8410
23546
15051
20274
23686
8655
12848
24979
3101
15245
16401
23117
323
3989
17847
15136
10115
19463
3238
24903
14408
23569
1719
23465
12453
5824
13250
6805
10442
12481
12787
23895
1231
3982
13440
14153
23202
14876
7332
10818
21291
19448
22559
2837
10557
23495
21893
11507
18003
22550
17169
2860
3740
23239
8324
13281
249
15330
17413
20123
11199
17208
269
17468
9914
22663
16821
3664
20854
494
23687
10111
4254
1742
5808
6148
4855
18835
1375
23792
8863
14991
17907
7120
19204
15327
6043
21070
20421
14447
21572
23505
179
23073
14383
3558
15978
15179
16125
23255
20910
12545
15849
16685
2000
23483
7888
22706
13574
18106
15842
2212
5693
18606
22821
2199
17752
18918
22740
3895
16343
9792
7003
23544
16919
5593
1474
22419
13423
19977
22256
6034
113
1756
22324
2965
2319
11385
3716
24043
14586
11242
14216
14375
2417
15829
1814
19546
19729
18894
23270
12738
693
16947
15965
20897
23183
20599
13237
14372
14412
4044
17814
23990
15904
23101
20075
2459
10460
1372
5998
22829
1663
11722
22282
17806
5273
13714
8199
14646
3129
17006
1492
936
15976
17987
3691
10573
2376
22316
7729
6598
21654
285
17014
20069
20529
17687
14674
20450
21110
22757
14606
2471
2150
10446
17738
19025
14599
11697
17246
10279
15138
2846
4356
10101
721
10333
9305
20545
8395
17224
22737
143
3861
22075
13475
9245
11161
15431
22908
19590
7444
6038
1061
19931
4494
18556
17997
6840
5098
7489
14736
9022
24184
4466
3579
14985
1988
11371
11367
19300
947
12059
7467
15072
4738
19557
8717
21605
3963
11833
12027
15784
11759
15014
1050
19221
16306
19612
16912
17503
12885
15391
12896
24258
11149
13053
19704
18114
22085
5685
15420
4149
15350
8355
16918
16555
14318
21678
10335
58
18252
23973
11755
2204
20152
19885
15460
9538
5702
22612
14052
2124
3209
23210
1898
5056
14632
22713
10301
8472
7309
17547
15304
18634
24075
18352
22391
22539
10437
13461
6372
5961
11780
19690
20009
24929
1067
15145
23965
4838
16899
1920
4964
22616
22766
14290
239
10755
6587
12006
333
2691
17622
7635
3864
7199
6677
1677
60
18272
16829
8810
1653
621
14165
828
11961
22307
24895
6102
14025
19332
5154
8214
8814
14533
9209
15604
23438
22748
3247
13013
8883
20415
8998
19065
19882
22815
10057
6865
17710
10017
24995
13724
4290
4185
7940
17676
9216
7697
10836
378
10539
5679
8170
7438
6733
13380
20157
20331
1648
747
4039
17817
11625
762
20874
21015
12909
16480
5915
16909
10745
11498
9217
18062
8548
14217
21364
10756
20603
518
1288
19424
8682
18371
4786
21165
3690
10192
15879
1718
17545
10331
3596
7085
18338
9522
9609
12887
4743
15402
8759
17798
21663
11560
10906
1184
10161
21604
13654
16665
16022
17499
5036
20964
4150
21635
21310
10827
12353
15373
23993
17830
6899
11730
21151
18853
10700
5298
9884
15196
1743
955
13468
6947
8000
1857
22563
7897
12566
16310
19357
865
8116
11197
13304
19183
14079
17081
18784
15397
19126
21639
6505
7223
23329
21648
24510
16045
16638
22014
16200
1322
19925
20465
23043
14377
7061
263
17502
11988
17746
19898
11126
24102
23979
17236
9532
21961
23944
1941
16969
2638
6856
17170
728
10350
17527
8937
2488
16149
12877
21561
8981
16051
13338
15870
6022
19868
11851
4320
16814
19889
3721
24887
4458
16173
3780
18836
17598
15969
20696
13899
17661
22840
8178
12275
20160
21996
23710
2677
20025
3532
23555
3693
21703
19560
14605
19055
11378
9072
6764
11525
13663
20414
15906
16987
13271
3916
5618
9539
872
20970
9607
3585
1714
15838
17482
10931
4075
18174
21726
4143
18386
7785
9762
21659
7474
24925
1699
7709
5476
15473
6378
15642
4409
17978
2890
11550
5646
11897
520
4123
13151
22043
5627
17380
11364
21642
21672
739
20288
22556
272
20915
19583
12670
2898
13454
13160
2495
19451
7024
5262
10304
20561
3085
8216
1698
4773
20329
13687
16475
9943
16610
12428
13711
13099
1099
11151
2180
8394
14011
17945
3413
10525
888
12315
15787
2918
23757
10752
16130
19309
22496
23494
697
24165
3614
13396
14856
6171
4585
6583
11515
20941
7397
4878
3698
22622
5963
17315
15331
4552
8796
5974
19726
9752
20142
1055
24689
3388
12734
18940
13873
9517
17765
9962
9220
14295
16567
8654
5813
8402
3371
15368
15074
5716
21819
3480
19994
14369
10597
5763
21033
7418
3091
12517
5570
18589
9108
20423
19966
11977
2615
6304
893
21745
6546
2138
15778
24283
9033
16415
18630
19926
23707
12625
1927
9666
13126
9717
16988
16926
8107
1229
12635
16752
19091
11389
18192
9249
18068
17887
15054
390
19971
17698
17536
7658
13337
3914
8725
18804
12639
19427
23581
23290
9456
20101
22215
5087
24844
15741
3661
13596
4233
23295
18530
6149
7567
16675
12567
7682
21912
15323
9354
5196
6031
4991
11131
21061
5608
12972
10635
252
17933
5971
15302
5688
9196
1889
17657
8264
24927
743
16135
22070
17309
7067
851
18685
18437
5024
5074
21655
12340
24566
23271
3849
17792
7161
22072
11915
1100
5126
23192
12800
12473
9372
10146
16658
17619
5166
23872
23071
8482
19968
14923
23935
16423
16687
12494
8066
23109
7859
20202
21463
17822
12859
23161
22602
10574
2215
23705
20449
5027
3647
13133
18450
13084
22845
23159
3706
17223
755
14137
17017
14340
8996
1508
11806
7783
11587
1256
24497
17749
11708
21935
15059
17279
20705
12434
3241
21332
16668
22410
3492
7670
18902
14530
1357
24112
13563
16175
19787
12252
17369
11219
12722
21606
23767
11571
3376
8857
15747
4681
3953
16088
5099
7603
9489
9746
7779
20547
4708
19268
401
14087
192
8879
4405
22432
10751
18376
5634
16968
7566
5067
19646
3660
12690
9054
24804
11564
19290
18973
5730
17302
17693
2934
12650
8470
11483
4595
7895
24633
17062
4147
15640
19474
11029
12130
12589
6206
14324
5118
19490
4073
14455
22492
23561
15750
4566
3885
23160
17442
23008
19584
17941
4748
8931
18136
4170
22969
14769
6297
24697
4387
15523
19380
19661
15943
8490
3714
7431
14914
7871
1381
12090
17573
1109
14146
4239
23629
1918
10778
2046
21823
20081
14118
21122
7627
3000
18051
12384
23219
19378
7907
10366
9770
11994
310
10543
16209
6941
9827
10204
18139
3036
5549
7092
12663
5079
8827
487
21784
11322
20920
9848
5609
9128
12920
4862
164
12568
6811
8162
3910
6097
19505
23264
14685
7041
20577
7985
15217
2877
17778
9202
20417
22862
8685
8728
22314
2792
7081
13656
17621
15333
15985
11521
18061
15314
13782
8237
13916
13376
17330
15806
5791
2738
22491
7177
4151
9110
16019
10339
8336
14367
18821
5903
17286
12603
21562
18316
12421
15582
11284
11402
1879
12834
16205
22859
14604
20116
4410
20341
16835
9395
20716
15533
20249
12969
8876
7435
16725
11821
21149
5922
23778
12359
9357
21617
10160
22717
5301
13353
13771
15794
16940
17055
10000
11109
12901
18408
9134
3440
11965
14385
568
18034
1565
1802
3116
3130
12723
11740
14240
24320
16448
18388
14124
2512
11495
21554
4119
24382
6659
20994
2142
4697
6874
8874
11790
14294
12524
14249
3761
24106
10222
19195
18268
21900
17879
23626
3921
11190
1119
19528
10433
13115
7875
12522
14749
6241
2935
12307
8738
17048
6584
18026
6612
12218
1536
2130
24447
15104
9060
6367
2018
11822
7481
6333
1273
24519
14257
2155
4303
19171
8612
11401
2824
902
4832
96
7949
21719
6642
9432
9071
3925
23175
11130
24600
10063
18684
2646
1836
5698
24002
16861
8004
23060
24896
10454
15165
15024
22873
9164
652
10667
4657
24797
15366
24066
22540
16972
6877
16238
17070
635
18938
22193
6065
11754
22753
12703
1412
162
11510
254
12479
10085
3185
12526
5375
4095
4742
1425
4408
17574
20778
22237
6272
23143
17446
13627
16703
14634
17705
11886
17739
14774
14910
3471
17331
14755
10417
22065
23443
21560
20214
5093
21591
1521
1914
1767
21497
19367
23766
17427
10846
24897
3203
19998
8589
12758
20117
20692
22233
19314
4984
20966
22236
11725
22494
885
23722
4570
11756
2477
11390
3769
16111
11432
4574
21011
13500
24214
18622
3844
19833
14525
2688
7625
3526
9392
9298
10214
8305
20045
7366
1254
9933
21970
13043
17515
8492
9556
12890
14302
4171
23067
24518
20495
23528
168
22820
2121
16566
16782
5731
16028
24494
16855
22147
4896
10856
13352
5184
19921
23959
23837
9540
11923
5543
5073
5119
15697
11502
6919
23313
24076
19442
16324
12504
13366
17717
15524
1045
12539
5944
6538
19335
3892
18260
8649
372
10098
24486
24126
8398
19552
9776
15358
3776
2126
2012
17570
24054
18729
22310
13824
5311
20712
12458
14224
16727
15417
7902
15413
4012
19019
13049
9915
22396
12792
6549
22259
22404
16255
23870
2761
5514
10888
6477
10558
24571
21117
22566
7876
6438
21585
6686
15377
9528
8539
24624
23976
3263
19094
11073
23978
22529
2636
20453
8623
2401
15864
19074
6439
19158
18744
12556
8109
1942
4078
17270
15603
3550
19396
13798
8101
20012
16854
3459
23006
15884
20620
1839
18355
13942
5819
16194
14734
5611
1183
21278
21377
23122
8791
10164
21608
3522
17842
15599
3280
7738
10549
11174
8716
22877
24455
23018
22194
3196
12323
5696
4444
11674
2172
4669
20236
10260
8436
13997
7903
17812
1059
6670
6269
3476
6115
22330
14242
20266
4187
4765
135
22120
12869
21340
20750
4642
1417
5387
133
4223
6368
18646
3785
10935
23692
8068
18501
22375
11773
16551
20105
23991
9725
15544
18683
12347
10081
17107
24053
9210
14139
9277
21894
4477
22370
13595
23040
21874
5825
2920
16813
16295
4877
7119
5665
5088
14178
14731
7866
6552
10388
5564
5094
13614
2022
5068
996
18533
12463
8581
4120
1761
16871
1370
12483
22894
18760
4343
11198
13976
23077
981
15694
6675
10042
2241
23359
8159
3277
10318
6810
17362
13102
10616
3273
22804
15971
17121
2531
17706
4365
8373
2231
21334
23701
29
11803
24210
525
24284
23748
14601
16607
20030
2795
5753
15472
7826
20802
8295
4794
3314
18819
21557
2450
380
653
1307
10644
8894
12710
7001
331
24741
20190
18598
7666
2485
10919
1145
13486
6299
23244
13615
4757
4582
3787
7248
8389
16097
23812
16067
20098
7377
9673
12876
13759
23838
1449
21128
15892
13260
19715
23638
4947
13269
3210
11329
5440
4722
24161
21085
13230
5281
4040
21405
6251
19271
23520
2453
11266
10075
23727
14523
4527
18743
6108
64
22705
24323
12239
1659
18040
13745
3414
15853
20041
2797
5934
1697
6893
2716
17876
8403
18584
18937
15019
12028
7432
4198
24531
17454
23458
20268
2746
3877
21002
17692
21857
9412
24150
10127
2141
7154
7298
10133
1885
6444
7227
3866
24505
16053
13738
18565
10579
16451
19569
21699
9342
11858
1300
11394
21357
8824
7591
16521
23560
800
15989
23442
13968
19014
20971
23909
7684
24672
20879
2415
14423
13022
9267
7893
4766
22299
6622
3418
18771
3897
17140
4467
10496
18462
19513
24607
22635
16164
19718
12951
19675
14371
17138
20512
12390
17211
16520
4575
19107
23862
6748
10776
24786
18627
10123
1488
11172
6104
13584
15558
16666
20359
19050
9201
868
23893
1198
12033
3546
3820
4687
5626
15281
10968
6250
9398
19018
2955
9241
746
2352
19752
7295
16682
16279
5240
4735
11519
19062
10638
12942
9131
6541
2463
4680
14772
21695
18247
10665
11705
9405
5703
24871
9579
293
12431
24521
10848
1248
12269
10889
2183
13743
8885
6601
10353
12444
17448
19525
19940
23027
3993
24588
12268
2236
10562
18541
22059
8231
9317
23548
9469
14267
12136
11928
18283
2827
13568
24055
23105
7561
24869
18701
7802
340
4999
11479
8832
15648
20668
12039
9616
7197
10347
13212
24256
8161
4226
1021
2422
2049
2009
443
14633
19989
5189
17349
17043
9067
10068
14089
23579
21897
24733
22469
14703
7791
7146
14836
23743
9924
2930
4760
19969
4247
538
2633
21125
2380
19575
20413
4316
4614
2923
22136
24276
8867
17054
12012
1333
6382
21102
5920
6464
22687
15529
19245
10949
6639
16115
21419
10690
8768
7005
4845
17205
12451
4695
16070
8636
5144
15869
11943
16851
275
332
8680
13792
16095
22775
18223
20565
3719
9176
2508
16223
24950
23540
14804
20381
7951
12199
12178
17655
15167
9381
11092
22464
15507
12928
17096
19075
19298
362
15615
13204
4593
3610
7479
303
4241
23278
8073
17811
16616
13253
10598
2702
20313
832
16084
14492
10948
9926
6096
16479
13341
19011
21474
5737
14668
3569
1037
11152
19553
24332
13921
3968
21923
1928
20029
21099
17430
2656
4390
2796
15808
14511
5630
12071
13101
18538
5787
16304
5372
2001
6384
9747
6611
20644
23361
1087
423
19347
15489
6454
17525
14007
14752
4010
24392
15119
1167
22750
15805
12990
22814
370
1730
9889
17173
5212
24798
3673
16753
11933
4967
12157
16812
3884
8222
666
7884
13433
15975
20475
3191
15550
19653
14236
5697
17624
20980
9657
12796
16506
6488
19264
20678
15751
17627
7542
13077
24574
9771
22017
9028
1165
5190
15215
2247
8018
2278
19635
24009
11321
16510
13431
2201
19415
12386
15988
21905
16291
5351
21242
11346
488
13391
20927
2775
20424
17185
8877
20632
12561
4918
20568
11224
24170
17949
14611
6334
7351
6114
2297
8553
13129
19821
24778
18695
10964
17716
18542
6982
13924
8834
3176
5568
514
10225
14358
7822
9230
1524
1596
4854
14382
20621
18221
23314
8986
23083
8248
11170
9308
19445
659
3635
24240
17992
11887
16476
5137
20598
2232
12658
6644
4628
3250
3747
15868
22109
9205
23501
7286
10675
7963
17860
14188
15571
564
19616
14628
19007
24615
19705
22332
9637
7148
2075
5369
10677
17960
13287
17943
20558
8598
7252
3833
10685
6194
13472
9663
5470
21252
6575
19458
9089
5632
24597
9275
23942
2856
20502
12436
12913
10676
21466
9940
14718
8302
7849
7230
15495
23851
19927
22373
11223
19724
9021
6118
6605
16816
5063
16266
3737
21748
19462
6837
14870
23028
17965
21441
20872
9853
1986
22126
14657
10901
21029
5065
5520
19877
15518
14613
13317
14355
12621
14863
22651
513
12351
16007
24103
6859
5377
8794
15927
8455
6051
16377
19197
11048
105
7795
21413
21835
17094
12935
5863
12574
9781
18361
5999
11573
19133
8544
19981
16937
2353
15574
12137
18986
10590
8477
9816
12509
14747
6789
21650
24335
10217
11334
14666
16124
19883
24932
692
8280
15588
10224
12973
4339
15213
14319
4117
12590
21438
15174
6264
14321
13286
21904
8584
22058
6007
14791
8862
9397
19756
13332
11325
17973
20544
19932
17451
14783
17079
12128
2160
22026
4250
17539
691
6139
12753
6009
5848
14848
24101
23328
19406
17638
1705
1442
13585
21432
19676
16840
13634
10089
5194
23063
20553
9874
1779
11201
14660
16444
24643
10660
21112
19783
145
17112
5416
22850
19240
1466
8433
18990
8579
1223
10892
18209
14612
18236
6976
17381
1992
3972
20299
20210
20185
23823
11458
18242
20360
19860
8494
18219
13117
11139
12986
5350
7773
15519
2360
22868
24368
17920
1467
2581
2938
19377
5847
8550
10246
6671
17383
11031
6728
3752
15693
795
9279
3061
6833
15178
7763
15701
5504
15120
717
21702
7548
16048
15097
22141
24942
22308
19579
23450
5916
19911
4774
19085
8352
10747
11147
18267
22867
10564
11069
7012
4875
10734
19251
16577
21479
19934
17141
14144
12668
9836
15664
15595
9049
10500
8984
7578
13348
16063
17927
24133
17022
1528
16689
9334
1189
7609
16433
1578
12714
18899
13846
22488
4038
22777
6590
1317
24185
10694
9912
16540
21512
8697
5694
18218
11918
14096
10759
9850
205
13881
5774
2815
17766
20396
5424
19779
20631
2953
11931
7270
9533
4797
16447
9989
9069
6843
8154
5836
1919
3725
11039
9660
23066
11260
3931
12830
16313
705
1419
3713
20287
20570
22250
19413
13612
24808
3771
14832
14219
24352
20141
20368
21155
10891
13311
2282
11769
2482
21691
1806
20351
21153
19052
16995
10808
14937
20138
21435
20375
11270
18967
13509
13963
12475
10650
16079
12346
21836
12366
11716
20709
21943
7568
13146
17753
12921
18496
23363
2023
16485
12312
5940
22881
5989
12785
24623
13836
17908
10909
3727
11649
24090
20290
15911
11434
9015
23995
11441
18741
14214
10132
15464
17336
22626
2116
13625
547
5227
15219
19755
4465
7200
17825
19763
1607
22561
20840
15917
22739
14270
17906
8595
6155
7287
3218
24616
13802
8440
7340
565
3268
24031
13384
18883
8809
838
3757
15815
8520
799
4986
18310
274
20667
13036
24119
13564
18693
7865
14036
14609
20132
7669
3348
23847
14641
17197
17564
11946
23084
20567
9394
8933
2822
11269
512
10387
22152
2767
20175
19723
22463
4741
4388
6866
1447
8288
6793
7239
11063
11627
6638
17649
1781
3525
15053
3940
7250
21568
1418
16572
4775
11428
10221
11792
14434
6940
17646
15767
15095
19582
2105
24499
5367
10250
8557
18335
17018
24592
15587
15325
23332
7727
23422
12846
5409
7167
22073
75
17329
22467
9075
17158
10033
20487
1515
15482
24833
17457
16824
11311
13896
11777
20628
19397
19162
8653
18197
18307
3113
18782
8924
18262
20357
7357
7562
11144
11332
6435
1782
11023
9358
17317
19962
17449
24343
9990
17415
1242
18178
1014
13641
18767
5881
23943
19361
11678
4551
4804
6626
21113
11538
943
13034
1340
9423
4783
24812
22289
17335
8071
8220
7998
14974
23738
18858
20786
5752
382
3508
20402
1856
3299
7019
7864
3074
6106
18167
19098
1465
18484
24761
18348
13040
3994
751
14773
11563
18052
17864
22411
6016
17642
22672
3899
11673
19412
6836
6491
3961
4407
18579
10572
21470
1125
24453
12949
15141
16104
24425
7210
16834
4739
7739
6012
8743
8106
10428
7043
2287
14855
13954
19410
20942
1051
15941
22188
5887
4152
20327
19979
1142
12089
10619
24904
21373
22403
15555
9612
21765
14833
8070
3313
9448
2589
22157
18396
19640
17993
20850
229
6350
23096
24622
4583
4514
21787
3047
2260
966
16570
12305
18020
10822
916
14161
19673
6163
14677
20233
23666
2091
4724
14475
2550
18175
8880
24738
8812
3754
20597
15549
23929
9181
10390
8641
15567
12300
21877
8265
9631
5441
4927
5009
3886
9000
18204
17016
21876
13698
4807
22746
4619
10517
1436
13952
15139
14199
23385
9615
24294
2678
19238
3498
18524
1762
2304
22430
3237
13288
18404
2776
803
6235
13008
13734
24272
5802
12363
10748
15730
2647
14041
11656
23304
94
16208
12994
6680
4243
665
1572
6152
10126
19297
7383
4022
22670
17921
22366
2960
18227
19373
7608
11530
10937
5208
9988
5267
18859
1735
19389
8856
11629
13490
13653
24691
496
16606
61
13909
24450
20063
18318
3907
10120
5328
1203
9608
3759
9288
18465
16000
2331
23574
2420
17020
8968
963
14828
21913
18037
19020
8813
21990
24398
6
2451
4530
10633
6014
1316
15505
22097
4651
17057
7498
17267
16472
1064
6278
5338
24116
6306
9001
1588
24040
3631
3554
15111
9373
9634
9369
479
2714
12719
13272
1747
8726
22986
8891
13140
24781
24081
8366
15319
9414
24541
954
19320
9361
24963
8670
19840
17304
5488
22137
22016
21449
5790
4962
2383
21207
20534
21931
3060
1704
20158
9318
8737
22042
21027
14331
23487
13726
14966
17981
4802
17629
6681
12357
10251
9289
18245
347
13940
10773
5673
19880
21303
21331
18208
8153
20068
20440
21536
6032
10107
22928
8993
3540
12488
9430
12418
12706
15720
21638
7740
2740
9548
18558
7910
20507
6231
4382
3044
19144
10393
20259
13029
24022
9780
24805
21859
16856
13465
8426
4118
21797
24637
18503
22954
16389
10641
14968
18511
17434
674
12692
10071
7320
3839
10019
268
14092
10235
18280
8245
21044
19720
15102
7202
3636
11675
432
13691
146
15411
6758
5086
1180
14740
5232
3657
13907
1482
1065
2783
3350
2753
20627
23107
12505
2439
24901
22115
14149
7328
23399
7892
21728
21254
11908
11215
3616
17148
1745
24388
17520
14631
9525
11265
23408
14537
19250
9168
1047
15252
20741
2007
15569
343
16268
1522
24785
10702
185
12731
3745
79
13430
23317
22614
23364
18671
10383
14062
22268
20493
21812
15531
14944
11089
5139
22819
10865
21845
3720
1212
24818
24442
11452
14973
3442
3053
7186
1963
13747
16587
23369
14981
9314
9109
23336
24619
17425
22024
8406
14717
20079
9208
20392
17813
6821
8445
23562
16414
16244
8709
7749
6858
7784
24129
21692
14378
24239
3891
19904
22509
4440
8627
9059
19058
24077
11667
10406
23123
6351
18400
15576
13369
19812
8359
10296
8174
20193
13882
20376
5245
18273
3626
2437
11043
20982
21269
24353
14639
8770
19267
9478
1912
14542
21098
4673
16250
20616
18849
21570
14514
2745
2334
2081
13165
4630
12961
7402
16038
11743
2773
18898
10649
13394
24737
14939
881
1545
11586
15040
5318
6147
783
21031
22164
5660
14457
10809
23150
10020
11354
22486
3174
1259
15835
23319
4276
6487
13609
6489
7774
8277
24568
22262
4533
13775
11272
12636
21735
19108
1550
11778
11426
399
3433
8601
22518
7339
24880
10468
4162
18394
3158
7452
16706
6167
20963
5830
10424
15103
21517
24047
4608
8139
18924
17325
21235
3090
10704
21786
14259
11687
8822
17936
17823
6079
8748
5602
24512
9947
19041
22114
19643
4227
4535
13496
22281
6668
8408
10100
10988
24394
7743
12070
19432
2790
4131
13121
20482
4943
10812
10970
4412
3310
22415
24109
21399
18096
18983
17850
6946
20307
19444
2871
22111
17506
10874
21135
7648
24787
4663
21223
17458
22386
21477
19111
10881
5011
24205
4324
11083
24826
2235
16523
16686
4108
6186
20445
21589
17284
11091
6257
19316
15272
406
21136
880
8105
19630
11572
8061
8333
1420
6109
3493
115
1093
20481
24821
2302
23915
10917
6548
12883
3140
11582
7717
11280
22198
1954
1830
24400
20630
24059
4798
6286
23404
19112
19096
22146
19534
8247
3335
13577
10487
7051
15833
4618
3971
19655
12637
24860
17431
4725
13372
3648
22799
9847
16144
7886
2644
14183
2211
2719
24345
4660
19607
8508
11684
12282
12348
15267
21690
4342
9916
16285
14277
12763
21075
8094
8610
9899
23140
12152
16384
8165
24250
20615
17190
17966
20614
3692
15973
13221
23279
14688
19539
21503
12799
15498
12038
21078
22116
16857
13274
18238
5906
9183
5707
9343
12806
672
13054
24206
16836
19099
8392
16052
19323
11549
6494
20572
19404
16586
5270
606
1324
11804
3430
22992
10181
14489
4998
13017
1737
5644
23861
18515
24943
10471
18552
14022
9402
2359
551
13987
6574
23001
5246
21451
11757
16109
6935
18500
9822
20945
22106
6580
22929
12287
12072
14919
2242
13097
2426
2448
4288
8364
20491
22028
21469
19997
23335
14866
1880
5651
20754
1367
6501
2565
15774
6049
7714
3612
18419
23025
615
11352
18452
17802
7873
11060
8706
20205
995
11956
17542
15467
2445
21211
5006
3880
12411
7391
10292
14288
16691
9018
2991
13672
5505
6861
3107
24436
1589
8086
5581
11742
16318
11342
8050
21115
10973
21253
14104
18157
10378
3570
10833
20841
8132
1668
4959
2736
19834
14672
18351
19758
14777
12223
16852
15036
4818
11026
16517
12408
23286
15221
4880
9754
9147
6613
12184
18783
20672
6331
19976
23918
13413
5583
224
237
11949
8085
11644
17389
13838
12117
12425
1043
1373
16174
10615
5148
18912
24193
1272
15108
23116
10102
13536
17471
24668
19078
2311
14916
7434
21966
16769
15641
19016
13379
12659
12442
14558
13182
3483
6779
10099
819
4710
8278
19515
20391
464
4172
12294
16428
13215
14925
24894
3258
11010
15922
7166
20899
13187
10469
5868
20254
3767
12608
23472
8663
14572
259
20875
89
18747
12748
12638
16163
10206
14148
8531
18393
1349
20037
17166
10537
2416
3125
2694
10768
11415
3383
18863
17479
14656
11893
1351
155
13078
20455
17154
8057
2547
9720
13617
10975
8844
18972
23694
18871
300
15594
5193
4237
9797
9254
10029
16623
19684
3548
10453
3958
10989
21785
6270
22764
18914
3746
5460
3316
13622
10503
14380
7981
19237
12374
1363
8412
2720
3102
5953
6000
3555
5277
8274
12745
7088
18430
22597
1921
5327
7805
17452
11257
24593
2306
16881
19778
17607
16338
4990
11141
10678
21733
19093
7968
13801
8564
19006
9178
17180
13886
594
24044
20808
19460
630
14142
54
21634
11533
20234
8994
3744
5490
17668
6405
8510
12254
18233
22806
23433
6168
9520
24523
1962
14307
22235
15214
23542
9881
20084
21023
7874
935
14253
21628
24859
21192
7751
22295
7412
21288
10349
9233
17370
9231
16172
11425
18305
13455
10276
2587
21853
23840
23512
10824
16562
7091
11800
23334
4872
22264
4782
3743
10382
4300
16705
3770
22489
1022
97
15083
24459
2668
10432
10332
9935
22226
18869
9647
17027
13240
13194
9382
11208
16977
23726
21498
15233
6648
10697
13381
14762
17625
11597
320
4994
10814
5756
16550
18325
10971
5195
23062
19145
8786
23950
1868
15158
10396
3163
3981
19166
5290
17226
23237
2925
7445
23848
7771
14883
21352
11138
12944
6572
1490
19230
20974
8451
24146
15990
7526
24407
2182
5261
22774
5353
16576
17819
12382
1199
22754
9571
20819
17087
1134
87
13849
7125
23373
4245
854
9681
9751
3223
2271
22950
5793
16971
144
16300
22716
22457
18285
24470
13902
5192
18645
17406
4236
928
1994
1759
3086
21101
4002
14776
1891
120
17913
12037
11552
585
5690
15345
12061
20540
14460
19090
15880
13781
18097
1507
3662
24743
12594
10364
6990
10560
5204
23773
19286
9040
5678
1908
965
4937
21516
22528
17320
15142
6394
15296
21689
19987
6755
13835
15354
18613
3154
9724
19843
17633
15018
122
2316
13262
3697
13060
7858
19737
14743
4284
2862
12456
7967
18678
7129
17761
14465
10509
12932
6369
10779
10238
11884
8371
8651
20674
11379
15491
21057
17986
345
14670
20848
12978
1534
2944
20728
20187
3666
3255
10900
6324
16618
19284
11478
2713
20901
20538
3408
21104
4816
3494
12317
1787
7195
20422
24235
21886
9710
23049
19706
21386
11267
16176
12495
13079
11999
9578
16996
14292
13321
9020
17871
12112
6090
20931
10930
560
10652
12652
17720
15452
899
17361
19382
18915
21627
1299
7455
23894
3545
14042
493
1292
6776
14822
14035
21527
2675
16329
10859
19855
14669
16226
9765
16482
18170
17244
5951
5385
13020
17682
5153
17262
10411
1672
4430
18958
17905
969
23684
8669
7176
21720
6503
13251
13955
6263
24096
13884
14276
17853
15446
3096
15539
24580
19943
9388
12229
7358
17377
24419
22676
16978
16942
15566
6887
14067
2947
8837
11996
23498
18809
4014
22541
18532
22636
8460
21418
7719
11489
6846
23527
5780
10497
20064
13980
20518
2028
9093
23475
4208
10910
4393
408
21335
2294
3006
247
5183
2255
4268
17688
14902
19364
16499
4634
22970
24840
22943
1713
23072
8067
22938
9866
23940
20870
18810
1048
3402
13650
18591
20366
17139
18854
1103
15897
11954
18153
24244
302
24273
15707
11895
22818
2921
3108
16230
11924
1695
2805
23618
11375
416
3881
11987
17439
24915
14008
24984
23789
20653
19487
16116
7191
19034
8603
8474
6586
10392
550
2370
19217
12216
24211
13543
387
6416
21354
6447
12884
4836
23850
13360
19670
9258
326
419
22438
339
19350
8273
19666
15954
19434
18913
11838
12391
10977
18623
22064
10079
17490
22719
13280
17464
14607
16373
9037
22538
10483
11413
11058
18526
14900
435
15316
11035
23451
6298
22056
6165
11499
23878
7713
9674
21802
24016
4344
17348
5496
5125
2402
15789
3368
22067
4074
5136
6892
19211
1826
3834
15704
150
10864
11262
452
11121
10050
10817
23492
12237
13016
5563
4069
18759
2227
16832
6711
7284
11153
13488
24722
6951
7160
2234
6807
5913
19346
10936
6599
13914
14496
8665
18301
16729
17422
23298
5203
3468
4545
13405
6409
6293
1433
3011
5637
4289
19881
17614
7966
17838
7934
2515
23142
6492
14235
2490
4729
17588
17220
7341
7420
9496
22573
785
14908
9624
24488
7941
18150
4776
23172
23753
24145
3168
21896
22358
12772
9562
4046
20753
1804
3068
17980
3111
6637
2435
4586
25
3650
9251
13977
2851
20986
8599
20394
16355
4368
121
22549
20878
2502
16011
10589
22398
9694
1823
17851
11171
4592
12501
18112
5336
11609
13858
20431
9172
1506
10045
24093
5782
21293
21807
8375
12212
19924
1709
4553
16902
6239
2431
11831
6373
12395
24492
7039
19532
23609
7587
15791
20664
6202
1602
3572
919
17332
17303
11762
12943
2737
5010
3375
21410
12725
5415
18626
7980
12827
21009
9764
5305
23788
13830
5469
11278
4529
6116
12782
19503
10261
3228
17456
8900
11019
7797
12487
2008
5950
5390
389
2995
6992
15809
6078
19697
23834
4737
19644
14934
11436
7761
14047
19418
23934
730
6889
10673
9611
15889
19886
2207
15716
56
18721
21083
7764
6430
9290
14992
8915
19514
23781
23133
17175
14389
20940
17872
3806
6942
11857
15419
18580
23190
18391
2895
24762
19617
7821
281
24577
21882
22077
13279
10379
9842
