4479
3810
24240
16227
15433
9183
5236
4822
9819
19049
22526
21221
24903
11627
7898
23165
15386
10835
21604
4233
18657
6360
24119
10985
16831
4973
17065
18233
10809
16468
10236
2437
865
10518
18949
21922
24046
19272
16011
6654
24062
6072
5631
13686
24346
11734
11065
8323
24201
4061
985
190
4776
10891
13841
11423
0
12550
23359
24274
16550
3294
17169
21559
20411
13132
24410
4327
23380
10038
20416
12733
3599
7832
9107
1509
3443
23679
23778
408
620
17802
9812
5371
24396
5720
14712
12971
7514
6101
24673
19040
13602
3673
14743
24970
7138
20268
1569
21955
8709
4888
5020
2341
16398
2471
22091
2814
3115
20755
9773
12605
20399
2309
6621
20902
11674
2990
20973
22136
19957
24707
15811
19249
23230
19109
8205
21546
8658
23301
14108
24956
13210
9440
16726
9549
9617
3872
23388
4842
18724
11926
7946
34
3906
6894
22690
19384
23839
14273
17856
22200
11211
2697
710
10756
14642
24157
5415
17359
10042
8515
1112
20085
12959
12854
18571
18556
10977
9274
18198
4759
5011
17632
1043
1001
6358
18010
3755
2590
20297
15904
23623
12240
2709
21581
18098
9122
10208
19630
11043
23012
9263
15424
13561
4056
13618
14152
16977
15286
1644
11363
17603
19893
21989
12553
11596
18840
7364
20133
23575
5692
12768
11767
20134
16713
15060
904
2609
22065
185
18049
19182
15860
22230
16489
17610
20828
22013
23726
16143
5191
16939
5926
3595
6424
6819
12071
18338
11687
12990
21560
12119
10105
8298
5790
11778
23581
22070
9789
24408
23352
23990
9245
24216
646
13411
15601
16686
1709
12779
9865
20101
4489
24178
16229
5126
23556
12877
6885
16743
17488
9691
12300
16
19897
1251
18108
22974
9379
8463
20692
20114
11276
5987
10859
4158
13245
243
22773
21595
6810
16135
12333
8933
2237
20545
1047
23869
9544
20481
3692
6736
13922
219
7314
13939
9129
8009
23182
6047
4647
2435
16406
13205
351
14629
20842
99
20579
23999
358
18036
21666
1382
22648
2827
20787
12248
1205
2336
4606
14236
8915
5379
6182
10214
4733
8061
2291
16913
84
24164
5892
13642
24347
647
11652
4592
15006
10880
1167
4221
10150
2352
2933
23736
9388
345
24
16438
18013
15448
7199
7653
24117
14553
5026
7639
15221
17326
14630
21536
8932
13517
416
6898
3650
10204
5043
14490
2421
12926
3170
23007
16260
20087
275
22790
21816
17677
14524
10920
16276
22062
14970
13259
22310
23854
9037
13031
9902
4029
19676
2055
15590
5779
1241
2911
6408
16063
21885
499
7938
18457
13910
4757
9437
8840
1071
11799
3312
3592
4475
23456
4806
9598
15274
15059
809
9100
10683
4395
3244
21522
15721
4573
17886
19617
18462
17848
7885
9839
2681
22557
14070
12409
22068
21790
17733
12710
644
18656
5861
24746
13761
12639
9000
5462
23159
3420
357
12054
2024
17723
7447
9709
22965
5814
23347
5047
11188
10200
4949
1535
15831
12520
2554
1281
20638
7980
22440
12123
5515
17542
1862
17570
20343
24009
19058
6164
20881
13742
3384
13595
18154
17289
13707
21582
8626
11922
8615
15382
17131
7233
16235
10019
24024
14924
19660
18377
4174
139
23407
10663
6479
22650
4057
24859
16895
6853
7978
8340
12084
3373
5411
8258
20982
13729
21146
8661
7306
14948
14814
19442
16949
19009
19555
9684
16361
1039
4073
9264
22405
3128
17729
117
10126
2894
21200
2161
428
15356
10414
22715
22499
1396
5581
3893
6883
22503
23742
13993
7284
9073
12135
14472
21629
17686
18432
17270
15331
16110
4150
11005
14514
6818
2578
13863
22693
8207
16431
8925
2833
2740
14218
1833
18060
11537
10973
14815
12567
14391
2921
5960
9750
658
23411
1448
11901
17047
24016
6450
23645
2519
10783
24733
2211
8865
1771
18809
5838
22092
9156
3546
19440
6860
8541
4011
14730
21509
14166
14578
24500
23790
3386
17194
21174
1436
17581
5869
9346
17275
4112
3316
21311
24243
6840
3129
2700
20845
9907
2088
1353
24043
1028
23151
11619
8703
2250
16727
16418
22721
13495
19502
1285
1336
17167
16082
20225
11213
20355
5578
18387
9366
16262
14380
22209
13350
12340
5656
15613
4070
14979
1000
9455
13892
20413
6268
21832
5100
9144
20147
17337
10291
1422
8108
8444
20622
17064
20760
9958
11800
12907
5363
22191
24093
18663
18180
7993
23092
11063
17533
8359
18622
18666
3623
10055
13703
19415
13875
6266
14455
13674
14879
9161
4145
5464
11056
1921
11018
23771
11550
7225
15508
1155
23073
17999
13282
22469
24434
16749
2891
4785
1746
19177
18543
20418
1633
19315
17640
4799
23692
7204
6109
13821
10095
23689
18261
18496
16600
18290
21772
12197
7587
14694
1638
15983
8039
15462
22379
17545
4468
20252
4793
2605
2836
23097
13720
10676
22276
20119
16954
6998
10451
9445
12311
4765
21653
6596
23659
10424
17339
1051
17970
3341
9360
18925
2684
22584
22706
8825
23378
23260
7305
24715
5474
17113
17771
14498
24753
16094
6558
7303
732
13351
15816
1254
20934
22632
3372
12825
8330
10021
22158
18905
7613
4310
9724
19697
5747
8921
5914
9540
20867
23040
2712
6577
22301
16012
5201
20344
12107
21193
82
4419
3600
4268
9259
16510
20300
9297
23273
18864
515
23974
14384
9919
22425
20546
1053
9758
23214
15678
15107
17596
3079
23170
24385
7507
18732
13843
20001
24232
23399
20540
3425
2513
4621
7077
1373
24074
19027
9221
19066
13737
9227
16186
5953
10072
3585
22881
2392
21347
10376
24088
186
24919
17018
2368
18299
1826
15491
13257
8048
20769
7707
9874
15477
13837
1582
9176
13959
2020
4251
10708
1908
21505
461
16464
14972
15121
3512
24973
21573
20673
513
9705
1726
23634
13805
24465
16002
6880
13643
16978
19640
13133
18003
4407
20507
22826
22038
3061
22933
183
8830
5391
3964
285
12731
22717
12466
17125
7161
24825
21513
1693
8338
122
13315
5422
566
5602
24926
279
5856
16897
9590
9527
4166
21900
20635
5684
906
14519
12512
3844
293
7748
18452
3776
10922
23130
8529
1731
3255
4605
24862
7588
22436
452
24369
15698
237
24723
9481
24168
24436
3191
8021
17516
3105
10350
16571
13435
20431
21557
24832
3919
12336
13518
8460
13147
9659
5597
19927
7363
22122
7917
344
12693
15147
16098
9309
21304
9215
960
16028
13071
14822
2729
21740
17083
19195
13511
24518
23200
18314
8371
22079
19567
5400
330
24084
16170
12841
15689
1259
14701
6713
6507
24272
18305
3195
8064
24406
8594
2259
24322
21327
21635
1246
13058
12253
15783
20669
15396
6875
567
4690
2855
9561
15905
4537
15622
20414
12489
12551
2
12750
3757
21845
8707
3613
8046
4919
22415
5276
5871
19944
12771
12964
1405
2657
6404
2078
11105
2695
19670
18593
4593
5130
11412
604
2415
13646
6027
15486
21808
23901
19519
21156
13099
9139
569
4656
21335
17665
7710
13312
24665
22238
5186
17958
14644
9310
6764
5022
21787
15530
19428
15195
14471
9685
18532
13101
22467
24894
5440
14139
6679
22705
6466
6805
3068
18847
23113
6829
4149
14943
9489
10303
20364
22576
8867
10599
10504
11396
15760
4664
9997
890
15957
24297
24708
22670
20562
1225
16561
8814
4736
18256
13551
9706
2901
16315
1856
7803
5750
1902
8809
10779
7752
2611
3834
11522
2775
7202
5359
21645
20477
18599
1003
10503
1475
21386
5210
17122
16015
23290
20282
15623
11350
12554
12884
20735
10449
22854
19346
20577
18953
7929
18250
17338
16698
24504
19233
6990
1831
4875
9186
22207
18617
14614
13914
75
9565
13736
14547
3782
13545
4172
3545
22277
10435
8731
10725
16292
14831
21362
7867
24857
8848
822
7789
19906
7971
12401
6435
10108
1534
20017
24986
472
13850
9167
14615
21207
5894
4864
21697
24244
9753
22342
6571
15929
11232
9857
5556
6417
20674
15936
12665
5730
6284
17457
23775
19048
2227
22680
20329
6553
22964
17355
17630
1014
14981
3560
13226
13941
3228
23874
1793
22119
2645
8913
4125
4976
9063
2094
14592
23414
17054
1621
16567
4667
14303
1198
22634
2412
20121
5686
2095
8170
17157
1170
5742
20327
23618
19138
7074
9294
15377
21422
22646
21264
19371
22556
518
1695
19449
10879
17576
1083
7595
20056
5327
22754
9278
10383
12629
22662
15786
1931
14487
22908
4986
17324
11176
23665
4102
16673
11425
3449
8429
23018
24135
13301
11884
6958
24866
8773
17949
2265
20103
4730
3289
6386
23565
14281
8084
7459
10501
23629
19042
7091
13764
18497
24834
24170
17185
4239
4693
21010
2453
11258
10252
24464
23177
24290
16444
16820
22264
17156
5072
5340
22735
15928
21374
3374
13274
15284
24933
13917
13401
24482
15755
15075
18591
11693
11766
7413
6080
49
5491
15323
8115
7734
20944
10277
16050
22971
15583
22396
6976
13454
4224
18630
17923
18053
2738
19885
739
252
19424
1861
7427
4891
14916
6562
5060
19073
8335
4081
24805
19457
22700
3905
14452
672
577
24501
8969
9145
20360
3276
24394
18144
14827
16590
6727
3914
22266
5451
3501
12647
21228
23372
11452
7243
11958
9180
2343
726
7232
7778
489
694
23226
19349
14081
19333
8918
7066
18579
11358
3892
10782
23418
206
17443
1869
21944
23641
15189
18091
20676
2410
21853
20662
19553
12782
12935
13400
13172
7106
4567
5657
13323
2646
1583
5010
15746
5816
4676
12391
18638
10146
13309
18156
24413
22457
1960
3922
14784
12800
20422
15518
18041
3085
20682
17280
23670
24587
2432
20703
12440
15034
2510
22174
10883
16839
18763
18600
2916
22118
12691
9606
7883
6941
18166
12124
19026
16293
20943
13045
600
17369
16428
2509
10270
1397
6607
23993
22222
3062
17411
15782
5982
14749
3683
12590
9736
22335
18988
24389
12792
19325
21326
23633
10981
6983
5230
22687
4486
24887
6151
15112
24785
5075
2718
3943
12216
15223
22956
7118
23927
22077
1517
2557
12786
17815
14127
11715
11587
20599
6138
22958
10219
24113
4280
4014
22195
9934
13546
8219
1851
1388
12728
20717
18755
17599
18888
12379
17228
16635
8234
826
18997
24578
18750
21517
3945
3675
4518
14529
2004
23112
9434
14752
2965
15368
12679
7107
22239
335
18267
15795
13996
11774
1540
10387
21798
9783
8603
12463
18846
20925
5622
8455
8296
17227
39
6582
23033
18651
21498
16559
451
7615
21770
15874
1207
14681
20922
11328
15297
8713
8034
9908
10305
12982
16107
8473
7697
8327
13810
17770
24524
5279
20623
19005
9382
15
8760
7030
17214
14030
2812
10723
16558
13100
1744
858
4828
767
22009
10428
11183
10706
20681
22946
19419
4524
15747
14648
12996
737
11110
22869
8474
14934
23307
20551
14009
13802
8575
19294
19739
23303
17875
8974
10361
18613
15693
5471
22734
6059
3756
1979
17111
22190
23417
13466
11712
15869
1951
4872
17162
20885
17078
22986
7238
22421
1522
12892
18353
1560
15163
22291
21302
20454
9560
19470
9485
12012
8581
21623
8209
21679
17350
12895
7307
10471
14522
4083
21625
5693
19356
13452
17494
23894
11553
2221
23249
12262
4128
17549
20917
10633
3391
7779
18106
13879
10617
8795
14534
4969
6332
15756
22468
24319
17058
12254
16209
10061
19684
3770
5427
6232
20753
262
11787
24939
17136
16212
23578
10952
13119
10886
12398
2147
17905
402
10694
13990
20279
22111
6667
24078
4152
15328
22451
9950
2756
8309
7186
21523
1536
8384
8461
10001
18409
511
11202
24955
18596
22453
19645
659
10790
10509
7986
19179
12458
1720
21942
5303
23855
3010
24552
3860
1474
19205
24718
23003
10160
3152
14577
149
20173
7405
16425
16495
15829
20986
7690
22033
15262
12175
13217
7183
10399
2935
7834
5062
4072
6399
23728
4684
15927
7716
1926
9474
3994
17996
18262
11912
5164
21002
14213
8742
20212
7539
15578
18729
17589
21690
11437
23461
12666
21131
14449
15977
17138
12793
16064
782
2293
15830
12591
4623
5490
23852
13215
11397
15837
18050
18039
2008
23599
5854
10960
16667
11070
3280
19185
2934
20439
21925
9537
12882
2289
12774
15513
9112
14709
15802
12977
13806
22936
11135
22278
18742
8676
13522
23945
11377
10848
11373
13886
4546
14443
22192
6656
6300
17678
14569
20054
14938
17807
1776
12144
21793
5192
18167
12719
19468
21848
17283
20331
18883
11867
5294
8971
1214
15989
16633
23020
18793
9515
9168
17290
19086
2110
8768
16453
8360
540
11610
21876
20899
12680
17081
19575
4880
18212
22074
14314
3985
22516
16660
15701
2297
8641
9155
14474
23077
12467
10241
12726
7253
19476
11806
3573
20942
9039
6224
23178
5252
11956
2475
7381
24675
19323
24625
18507
10882
22560
563
16446
23605
13286
1705
16289
2857
3479
10491
4829
11341
2403
16007
16111
10360
909
10195
22904
18719
23928
19879
4048
20158
9769
17539
8526
20159
14858
21483
6967
9608
6652
15222
4200
17218
18205
1723
2346
5753
9541
19007
12378
125
8100
23285
14736
4818
23284
8683
19499
1631
23355
8276
6223
7254
3067
13307
4662
3089
4553
6606
19598
7330
3305
9845
9276
23096
24172
15434
12334
1789
8395
23895
16703
10232
5343
20645
886
12083
1900
2974
14364
4168
14085
3569
10425
3482
16542
15423
1750
14255
12026
8440
22920
1157
4370
23084
23336
2688
14216
6565
12557
13290
23044
19674
6042
21168
8718
11978
5070
23239
9236
4472
4746
23337
15265
23500
22853
1171
6380
21419
23547
5954
12855
14190
16194
21248
16447
24433
3664
14154
1942
7608
17753
22785
14493
6715
11180
23252
10353
22128
16479
22110
11808
12074
10581
2507
143
9838
3823
18114
19828
3601
11678
17586
2584
16986
2694
9577
19540
24209
15617
15094
5858
6859
22876
4266
15616
6161
12928
21300
17696
19472
9683
19779
21555
3465
1237
24703
9069
1331
5899
17299
810
12365
4900
3155
21711
16504
17424
17312
6755
8531
19069
16701
9745
23350
3721
13468
8023
10319
1950
23516
23364
7398
11214
2118
11109
3437
23504
256
7569
18476
6969
10614
16364
17472
22654
22601
5153
6309
22384
17251
9459
6564
20067
23262
24911
18702
4679
2525
23199
14876
8977
24186
11400
20198
2800
17334
12870
1909
23431
24783
14607
8598
11511
9374
16219
21771
11866
17451
16382
1340
6226
5409
13443
22255
516
7612
10153
3507
17429
13342
22867
8504
1528
14370
17019
24864
7056
15827
18421
15707
11738
2189
14920
7477
18863
8245
19030
19200
7130
13324
21973
9427
11123
23458
5873
3005
19426
11297
9350
6382
21009
17834
4271
14551
22596
18436
24071
12947
19347
5832
14350
11971
4585
8986
2155
21979
13907
22428
24008
2633
14799
14562
9980
6684
17398
7745
19239
13050
10684
16193
19874
15141
829
22921
22042
2101
7430
5268
5425
18521
803
21107
21297
13622
18562
21660
24811
14687
22720
22718
6150
23926
400
19583
6583
1255
7267
21526
11187
23887
2928
1312
7281
17232
6981
17400
20893
6770
3967
17404
19342
21149
6414
15437
5970
11951
173
12663
23589
19665
3458
8248
218
17887
7809
21130
10317
9249
13743
9596
14132
676
10229
6873
6856
7968
9362
20970
4165
14436
9375
13796
23121
7156
15886
15700
20090
20758
13739
2311
8766
14226
15668
23757
6646
6464
16196
7360
5628
24202
17623
23197
10137
11865
10348
37
9820
9853
14554
24224
24985
17944
6070
10175
1975
8645
778
15552
6490
7601
4141
1545
15674
8120
13520
11781
16356
8518
20800
968
20356
9765
10485
17216
2692
12675
16389
17809
20142
21026
8743
12296
6529
15385
12868
9495
23569
5518
8696
6371
1689
14796
14643
19605
2300
9904
24949
