24012
9574
7673
14481
11230
10545
18625
14788
1564
10855
11643
16239
2650
9843
7394
6713
23249
6177
22823
19311
18867
12148
7434
11946
4796
22901
18982
24845
4047
14907
21544
6667
1893
23826
16840
392
15362
20900
23844
1366
10164
21978
305
8845
24219
4453
7123
16991
17905
20226
20572
7410
17223
761
23978
21680
475
2301
9603
23781
10152
20720
13360
13691
12518
19705
11952
12470
18058
11505
22118
6213
20476
10982
12536
7939
14864
8254
18451
17797
3978
3828
15811
4788
11840
1962
1073
19398
14728
9807
5176
10607
1833
22875
1544
4787
15025
19198
23395
5239
6080
14006
24036
805
18433
13293
730
1787
10962
4344
16822
8229
19065
24762
8706
20337
10813
18762
20838
8807
21405
15505
22683
2437
486
4323
15298
8450
11527
12113
21043
2732
259
15398
4303
19792
11195
15387
19130
12490
8596
21022
22508
8129
17837
22509
2538
17994
24531
14963
21187
22564
3986
10296
2832
17767
9912
19529
15666
1012
11600
16440
15904
18081
9717
14871
5165
8396
3444
9940
19131
4320
919
24668
12233
2968
14449
7683
5814
8710
8291
14360
9567
126
24347
8251
22898
12917
9284
10336
24499
23103
13395
16084
22292
9828
10050
1137
17620
20256
13956
17607
9023
12029
15686
144
2151
23392
6725
10657
3957
18514
2173
15066
4008
19779
12428
11081
15871
17980
7686
7898
21365
22724
1265
17915
9507
4557
78
7375
16175
24075
9221
24538
19648
1371
6678
7620
3975
12969
1640
11546
20783
8487
12747
2771
9579
19454
11313
15818
22075
4102
2549
9179
24965
10393
12909
14606
5363
14484
1847
12581
5528
23377
14850
22755
12442
9600
23628
14420
22594
15499
2774
10376
2442
22680
18429
17507
1130
17383
19421
14111
9649
16786
16079
20673
3640
5368
6351
5252
24657
6389
17089
3252
18455
14964
21521
2869
14135
5350
14760
5345
15870
10589
21575
3871
4273
2053
23914
2695
3404
1139
2399
5776
22306
9656
5168
7297
14704
14751
6435
923
10364
213
23661
18549
22475
5588
20184
8289
4368
10900
5937
10693
16441
6163
3025
7542
10567
21453
13581
974
19450
1580
3775
20568
10340
12054
13043
21915
17908
4959
11606
24770
11796
16130
6923
64
3381
9919
19394
5907
14418
18716
1764
15358
20771
23383
18164
8621
18638
20518
9488
7738
5788
1170
15998
9348
23215
11045
16104
9212
5101
2217
13087
10925
7498
956
10850
21237
9339
10259
22381
5352
10148
2602
22246
7329
17316
3052
690
10795
12757
17759
22063
20921
14061
8515
13034
15709
17227
15950
27
16923
10458
948
7018
12724
10731
10109
24371
7116
20853
18019
16915
17862
24506
11390
24044
7715
12253
2235
23650
24817
9451
63
23699
8056
23951
5159
16798
2257
9951
20000
10763
21219
18039
11591
24409
9439
10326
15509
3514
22013
2088
7318
1101
14482
20833
17969
24508
22842
21588
20189
13421
10470
21307
14281
14152
18412
20896
3972
21425
20561
7476
22826
17995
451
16329
6918
12367
21235
17635
2433
7330
14579
4743
10889
16285
12545
17819
13768
11689
17734
22644
19680
21824
4196
7590
19756
5082
19408
15293
24253
11893
13026
12766
7980
24957
18553
22340
13909
13765
23850
14242
22963
10065
23496
20928
1896
8654
1450
10806
7775
632
8858
15160
1904
10852
14793
13
22344
9990
20842
19018
22674
16391
15968
7378
6258
24901
10538
8274
6659
21706
9941
6485
16566
24959
5389
447
7314
19492
9777
13018
16414
3883
22878
14109
17461
2801
4122
10590
10967
23528
18573
12395
5193
13113
23725
100
3675
15844
8657
21957
9503
9662
1855
8935
20710
18283
3622
19669
16439
20427
4970
23230
20967
9008
9407
14268
23326
4809
21599
4345
24105
8875
14855
8879
17327
4899
6063
22420
2660
17406
20091
961
16539
13180
19864
10223
21512
4903
24726
3362
4198
2466
12175
22753
4379
5988
5646
2316
19177
6838
15900
1830
19562
24790
12555
23549
20795
19774
8382
7610
17358
19478
14403
84
3432
12146
7827
14846
22708
13499
11054
10664
5160
20127
24412
1536
7496
14118
15264
11228
22260
24083
12473
14700
13255
24939
22347
23712
12729
20937
24982
15349
13686
20558
3283
24880
7301
16049
8030
5134
16351
17626
5249
14342
11036
11373
1888
15215
22845
5545
21160
8392
2583
14532
10838
24692
20550
19641
13467
3065
6427
3364
2983
7735
10395
17923
14806
5888
23606
9616
23478
14664
9581
562
17226
8265
3188
11062
10604
11666
18077
17764
17978
9712
23036
5024
11069
17100
12201
12849
18621
19159
6746
5457
13073
19433
10029
3964
18757
20210
16332
5850
17079
15452
11184
7029
23884
1436
15146
11744
16504
5703
4197
23072
23987
18334
11023
16341
4206
15086
18966
22504
4830
17232
14496
14450
19867
9209
5224
24987
24303
24806
9089
15702
4572
8615
5557
12888
9834
7242
9612
16802
18134
677
20687
16168
4046
10420
15617
12690
23416
10750
13544
9399
24656
11528
12152
9682
1673
22774
18881
18767
11388
3156
10602
17211
2439
10674
11243
2540
11567
21991
24269
17147
13843
81
15518
7684
19851
22387
5829
21285
10626
8413
9989
7884
2376
7612
1503
11525
7852
5369
825
21362
17898
24119
7807
10138
3824
13251
897
14553
12141
7212
13455
22372
22844
4316
15317
11215
1769
9559
16118
19945
19392
14370
17736
12858
21206
12789
18447
14906
22592
19710
5447
17295
6898
18242
5226
22906
17373
6723
16403
12474
22323
8605
9535
23838
2321
15347
7054
22998
19179
3441
24765
11026
7607
12551
7547
15397
857
12575
17429
22353
17468
7672
21162
4029
9333
80
21084
2770
19511
3539
7188
20563
16611
6745
7025
12636
13734
6834
8909
105
18876
10411
18468
15400
3222
8469
21954
16735
5880
16938
18289
17576
17929
12875
21893
8862
23293
22357
11334
11622
20103
17808
22299
1666
16642
21531
1000
23271
13892
24890
15779
18723
16728
396
3660
24610
24453
998
2279
18452
23571
23981
8512
14250
740
8672
6592
12755
24937
3131
7228
20605
19967
2887
7587
19246
17689
12702
22021
16185
13431
4773
501
3971
22807
9575
20523
9481
12184
16054
7682
24527
17410
11908
8218
15541
18069
14835
455
16684
19806
18755
22627
787
17135
16827
4618
19200
19382
5154
8631
2778
6546
12750
11017
750
18459
6143
3599
9446
21409
23214
13850
21121
9487
14385
7170
22536
10134
14067
2083
1203
7558
15855
7534
19377
13534
17340
24049
14065
792
14094
19112
13215
10930
1690
18419
2326
20593
7488
9228
5712
24862
18576
24976
2077
14642
5411
12891
15511
3442
13488
11801
6325
5971
11128
6920
13767
3254
16852
21293
16444
5633
12294
15196
19580
7009
22954
10443
16644
23754
14258
22039
9154
14896
2310
12434
16629
21078
13313
860
14315
16886
22287
23859
14515
8076
21289
13757
9367
11109
16437
21800
2323
15285
10104
9716
23556
21138
2177
3657
11922
573
15164
3955
14319
21339
24511
6719
5546
1191
9629
23058
5581
4949
23717
12627
3659
8331
6225
17556
16791
17308
21039
16056
2121
8552
468
13836
6482
13039
12373
12584
8850
18671
6238
6040
23575
7592
4784
20682
13486
22151
9258
23391
852
11538
2112
2311
12767
9362
5900
14869
11332
3103
16205
12359
17716
21951
12843
24674
15383
8998
4962
15385
24495
6563
14613
11132
20807
23966
7582
2946
21635
19237
20648
962
22667
23764
12020
2147
20669
23569
7
13071
85
22843
10248
3407
18016
2715
15461
665
20143
8917
11786
10031
21364
1660
12780
19467
2767
9172
22369
12324
14406
18064
13483
22944
18828
1158
5908
19368
2633
23664
8393
282
16598
17213
12661
4882
14085
16225
15828
11825
13963
18526
9164
7486
2748
6470
21196
18544
12057
18485
12125
10218
10125
14805
24861
21723
19652
8636
23925
8217
17446
2109
22736
9483
24108
18630
17387
23567
1799
19168
482
4691
7382
5891
2402
19845
14786
7642
4493
5294
7660
15524
14836
1334
11118
15616
16299
13292
8219
17918
4978
20684
18403
3763
12578
3570
9192
555
1154
21997
2487
5157
4091
13368
17619
24296
24107
17559
19563
3667
24671
20971
5849
7415
12677
9170
11674
9460
6967
1465
12642
21803
4786
15235
18713
1440
1534
15660
15648
13946
17407
12431
21458
22437
6947
21993
15807
17288
14818
24468
20763
21123
11153
5688
17032
1646
43
6245
1836
18322
18950
22524
6159
17160
20381
2509
13875
14646
1331
15824
1874
12622
14771
3000
4994
1481
24533
19541
19259
4265
18856
23452
2089
13341
23345
10455
13287
13611
12668
20044
7244
8308
13214
15310
9445
1189
20209
9660
9052
12444
21999
7858
23840
4593
20282
12733
15265
13954
10922
6567
17666
1200
21869
15971
22207
8957
2438
3077
13846
20569
10430
18243
22359
20162
374
20767
6041
4730
300
10949
4945
9340
1559
12133
3465
15939
17470
1715
12261
1469
14633
15920
22759
7588
9953
20617
18756
1784
22345
7804
12094
21689
14857
6483
1071
3917
15597
23876
17251
4136
9136
4886
11241
19147
23108
22868
1591
4181
4317
7049
20387
23302
18488
17128
7897
18512
23311
3710
19801
17452
4807
13254
6786
19019
20399
15350
24912
4690
6370
20575
11991
23944
10334
4777
15193
17631
10867
9558
5556
10446
10494
1411
1810
6158
2032
2604
17197
24220
18992
21433
17815
12703
15762
20309
3643
20886
23429
22465
10926
7099
12198
7376
15494
673
18564
8720
23192
1920
22494
14653
19889
23169
2810
3619
4238
21602
15224
19108
3684
3531
12291
19949
13186
17899
1294
10562
7048
17375
11588
9285
8997
18656
21938
4236
8457
14988
2354
20020
18836
23823
20883
20966
9611
23292
23412
21636
7076
5669
2828
5011
13679
4683
17205
9524
1528
24019
14880
24874
12083
6768
13246
751
10875
20998
7918
19573
24886
1454
10734
4312
13088
18304
6802
10839
2516
11337
2663
21535
15095
1394
23683
14244
23532
22883
14853
19886
14335
8395
23565
11818
17499
3715
13401
4669
6611
14476
12802
16236
11333
7338
10073
21406
12959
12693
4298
3588
9902
4280
2419
24865
5455
16583
11278
18535
24768
9328
18842
22690
16317
24487
4456
21962
16389
2339
13816
15288
13536
8931
2725
17668
8581
10004
14332
5621
9359
9801
4584
13276
7569
20212
18748
18286
16871
128
21246
197
10047
14177
4249
640
5963
15997
23883
21326
5968
458
6469
18177
2225
9592
21373
16193
13228
9710
5950
22733
168
5020
12896
10671
3289
10830
1857
23297
11482
16197
7617
14848
20538
19994
16870
9494
20421
896
14897
14070
17255
336
5777
12978
5062
24365
2237
195
17687
492
9027
23010
10367
17011
23438
13198
9313
14925
4109
3341
23693
5810
7903
24078
19543
7032
17014
20725
14045
17645
6892
15726
19925
17728
11830
12163
10648
16200
3834
810
18416
107
8243
24470
9168
24367
10537
22705
14657
22161
18469
14590
6670
4305
16398
24696
18615
7102
9111
15123
3286
8579
24596
24046
3679
24204
415
23273
2773
3950
16098
18370
4282
19278
24678
2478
9361
727
17108
15185
16300
14220
10721
19049
23576
23477
8921
599
18288
20628
15759
23931
15798
12055
2243
9938
21754
17643
8914
7183
18306
5201
17571
23675
6010
3075
24859
24493
1129
22613
6310
8361
11445
269
959
23700
18235
9440
16909
7055
5751
8132
8075
16936
2681
15591
7432
1992
15527
16077
23340
13391
858
13886
19995
5112
23620
9162
11630
21839
13310
4072
10846
3112
9349
8748
11387
11158
22182
12077
12417
22349
11781
5997
22582
2066
276
14875
22702
21167
23217
3043
5130
2377
15740
15602
7072
94
4205
3529
4756
1813
16053
18444
3965
12002
10038
13660
23149
19326
12009
19808
3316
17706
13498
14084
7328
21817
1620
16217
13644
20766
7605
9282
3041
3851
14371
14686
1116
8895
11536
523
22411
10823
8233
15765
22056
10520
15023
20578
14313
5895
14595
24561
9235
18045
1864
15813
12271
24863
22288
9590
8574
19375
2400
10568
12742
7975
18348
19480
14435
6065
1323
17798
976
21656
15586
23530
4823
7765
11924
14343
16677
18555
2050
21727
17154
21810
4221
6412
12138
14719
9778
15482
16895
19403
24020
5535
16287
21201
5397
1122
5700
3177
394
886
15065
9259
20221
20588
18834
13821
387
14339
17776
16924
5630
3398
9375
404
5872
14630
16863
5320
3305
12225
22441
9763
13751
15842
7229
13425
7506
9869
13081
10211
8043
12289
14365
12999
21731
11290
15346
5452
1317
10556
18928
16836
15234
7622
8021
13344
218
12064
9846
10117
8051
17239
4968
21679
22862
17602
4598
17300
5216
18959
8241
4673
14596
14966
10947
7554
19017
18194
15143
11265
245
21971
1986
1562
4261
13077
20122
17268
3213
3943
15595
5115
13729
20777
3169
1241
16844
4194
15590
20377
3509
21419
3840
21873
24925
24326
5365
24403
17210
11918
5281
22062
1133
22026
4822
15243
11145
329
17465
19265
22456
7175
11981
14844
2070
18641
4912
347
1665
1422
13808
14752
9006
9847
13837
16995
22670
16879
21065
21191
1932
9635
2386
12387
13304
18655
21969
7248
18095
14518
13873
18572
8911
20068
589
10976
15073
17428
9224
19805
16348
19204
21751
3912
1684
24662
22335
8617
12920
2530
21655
22484
6895
7389
4719
6173
11746
20529
18176
21769
16721
16741
3558
22144
14018
21184
10954
14477
2247
12245
12721
20171
12739
19347
5143
7892
24335
6487
10815
12107
22403
8652
20254
1862
11115
1409
12685
999
10857
13302
2664
8410
5670
10498
4589
5883
12645
9872
14647
1040
21686
21925
3756
18153
15087
5297
16680
9944
5537
13374
9665
12570
15331
17894
24135
10698
19690
11698
7870
7747
23244
24389
5399
2843
20390
18915
9857
19880
3829
23247
17095
21821
8885
22714
6514
11993
1497
1524
3448
16975
10834
20852
648
1925
6776
16485
5989
24061
11854
12514
23720
24941
17418
14754
15512
20590
17748
8173
227
3941
6305
16066
2068
20100
18128
10920
22333
18085
626
9584
13666
19538
21172
5859
19743
9289
20036
13971
16808
23481
12248
24452
22170
12145
13420
8260
7403
674
16114
23744
11268
13327
3342
12461
2221
21230
5604
22619
3642
10151
19865
651
5256
18545
8797
12618
22464
22607
2288
17317
15821
8823
12132
16070
13306
10267
20803
5705
24166
14931
14580
19653
1095
6819
23251
16907
6397
2163
1017
11895
20358
22322
22618
5292
17049
209
12032
8150
8490
4859
18149
16663
13514
17520
21878
22951
20373
15470
24811
20782
7662
9277
8193
13407
14648
11715
5554
3494
24555
12149
5202
18066
23402
14028
18281
24137
14683
6025
18538
23435
2003
13211
8239
7135
1289
15434
4926
8585
15043
24008
4014
22848
8955
20121
441
22584
13614
6444
15040
18807
7941
9166
9160
263
873
15636
12754
13001
1041
16404
12808
19366
21263
19598
18008
3146
16715
15296
8236
5044
20214
6878
17306
15186
19595
9234
275
12285
1634
6801
15379
10662
9917
19753
14325
6081
13894
1179
18793
17867
4283
17560
5022
5782
7598
12481
3119
20812
21360
13893
10800
17201
4353
19803
8411
12963
1749
21577
19606
3152
8958
6278
8676
7609
22632
17093
21154
3810
13937
21429
260
8644
24773
7904
16972
15909
2719
22254
21434
9858
13993
5173
389
16532
16555
20225
6118
1622
6756
11673
888
6322
3314
14092
13575
3717
12102
15913
15579
6036
21770
7849
6298
14883
7552
18339
17525
10147
11031
2404
18780
4234
19975
6632
16408
19033
4643
15214
23123
13598
8831
12337
12749
19749
4666
364
10908
14892
23303
8096
13216
12876
22061
22581
14461
10699
10782
1974
7220
24054
24872
10557
10685
3116
6749
22291
4818
19352
18583
22045
1495
12007
14338
3994
