3517
5833
15112
8006
4595
6344
989
15095
20966
4069
13960
19216
24864
23688
4630
19578
14422
20836
10287
19828
18380
13791
13700
11394
3218
2433
4948
8540
15895
7444
9176
15677
13075
2206
6505
18308
7640
2647
12534
21098
23927
24074
7288
829
4627
13920
21868
14731
13406
15551
23566
15461
5054
3843
5368
12779
18044
7692
13343
16968
18223
9714
23136
16068
7039
20722
2711
16949
18512
1373
3579
12159
19127
11472
17008
9399
17608
6134
8602
1337
15745
20549
3919
5248
1252
12489
3656
3961
6691
15827
14952
24636
24042
12970
7382
18285
11127
1336
20958
22033
9296
14541
22430
21459
11705
12226
7175
20761
5975
6450
24175
13570
3950
22986
7435
16713
5568
16096
16738
11324
22264
6933
16056
22500
2477
7131
7962
10746
19946
37
16932
22703
21799
8153
22533
6888
5141
1694
23199
7412
5418
22755
14734
15749
16797
24820
15873
1145
15129
6969
14837
178
5892
22621
19292
23342
2681
15547
6105
14505
3309
15573
7134
16842
8581
15837
1682
13533
24420
14524
7137
24472
10025
8409
6167
3058
1945
527
17628
11655
16866
5843
2310
5543
3373
4573
18688
2746
11716
19655
11070
20300
11284
15115
23099
19677
11766
23040
12331
18344
10987
15237
14419
9080
7312
1517
2159
6699
21847
11440
21602
206
22763
15128
8797
17040
6784
4392
19175
3217
451
21341
9068
3809
9526
24510
2880
17183
2280
22189
5703
15114
12697
22856
4305
882
12909
987
8992
1040
5730
9504
16358
1084
17856
6241
19933
4480
422
10185
10905
780
5271
7241
11157
459
23081
4938
24159
24254
2704
1743
23561
17959
148
10210
19360
24308
5630
16697
3958
14323
12437
23610
24177
3676
9130
3142
16675
7980
17887
10539
24572
22390
4336
10991
134
19913
14910
23702
10499
21543
2984
20408
8729
5382
5933
3334
17286
14987
23355
22035
10342
13834
18917
16820
23950
21883
2708
13711
7831
17568
9616
2937
718
20301
20424
23795
16257
2814
3244
5357
22216
8114
9527
1325
15974
1391
4096
20216
2868
1366
10516
12671
13089
11916
1099
22795
3729
16375
24801
23456
21483
24168
18215
8484
10802
4874
23311
18956
884
1050
10147
6717
4044
12006
3760
3065
21321
20012
11335
20235
14668
16547
22585
19662
9519
14943
10844
19858
18377
4233
8344
4016
15791
21524
5249
5952
3431
19146
5463
9379
3174
14242
8990
17367
10191
19423
9491
23498
6596
17903
23331
15986
531
8547
23245
16999
17397
12944
10544
22871
13892
7050
22468
20640
21271
22456
2080
18107
24306
14200
17028
13943
15281
19549
10282
397
6876
21337
12054
3740
18876
19518
19886
20949
5532
20120
21020
24659
22389
22708
14142
11650
4056
8905
11759
23067
915
10762
2513
1584
11111
16524
5866
288
11772
18059
19315
6942
4027
1417
8805
6926
24470
13746
14758
15226
6316
18938
5252
3166
4981
14955
3670
11267
9905
24540
1244
7115
837
5273
16291
5638
6571
18555
116
9380
1544
8536
19829
18614
4231
2900
13184
1364
23177
4478
1596
20304
10945
2769
773
21066
16168
3363
4258
15919
22457
3119
3106
22475
9897
8161
13403
14113
1727
10850
9324
4398
24925
24190
3183
12257
3027
5985
7814
24360
16067
22907
17673
4071
10241
18653
18728
3737
8312
24371
10407
17683
7832
18761
13987
1946
4438
70
17329
6387
4587
12593
16122
4324
5298
10909
330
22796
11992
11704
1944
5774
20948
9468
24046
13799
13754
863
21631
23354
13634
4329
9960
15212
6086
15815
3799
10679
7389
2958
17900
8494
20662
22957
3451
12886
17723
13202
9166
13377
4957
11978
3243
20974
23157
4699
14977
22220
7384
12746
11063
1181
2528
301
1911
23068
15926
2630
23292
16239
2912
4166
16817
22120
14099
5739
14414
7878
12073
1939
13450
16653
969
10386
14291
9597
18907
21428
5501
6461
22413
22099
6770
17740
9921
20556
8446
6202
9360
17999
1226
1175
16913
22214
16635
5588
19005
10472
11155
10136
24611
4466
22422
4540
16689
15878
18038
5550
23490
19285
18853
18524
15976
5365
14985
13992
12857
22837
10569
1119
6188
16356
19645
11904
7282
19120
1650
12991
12018
13793
22781
4326
385
23621
13421
8054
10756
804
10607
4436
1692
20378
5723
2403
9172
14177
3205
17736
2684
13881
16383
15388
10279
13778
14951
5593
14076
9726
11526
23591
13090
12709
14056
23994
2644
8915
13769
5179
4281
12231
7477
11272
18619
22470
6653
13821
10172
3028
23400
3747
8680
9746
14888
14578
12609
15360
6734
19681
6702
19010
335
7850
5812
1051
16029
7214
1193
9084
11710
15082
20397
13446
12893
15397
16548
20793
18472
13653
12990
9834
23712
2897
6304
6831
5619
756
11090
17501
24463
15896
318
2663
10831
8512
7715
2333
8618
11734
21243
6333
12786
4552
51
24605
22061
5855
494
14896
22934
16349
22515
1446
21626
4320
23426
8845
9454
9988
4200
22903
10007
7669
832
1822
1858
21771
10838
17692
2248
5882
13105
18312
13161
6218
9633
13324
18734
5618
16816
5720
13811
10848
7361
5534
82
20553
13204
6363
8281
7068
14696
19393
15591
15933
6723
20634
9872
22523
17141
5640
4366
13555
14199
16253
17923
17554
20299
17860
23562
16963
7785
24320
11728
4517
5083
21884
20261
24824
7091
1016
20117
16466
17250
17534
6119
24473
6035
23526
10322
15644
14590
7245
12980
7153
9540
18918
17849
20277
580
23543
891
2240
4019
6116
10091
11256
2772
12420
14384
2638
9806
5448
21101
11509
18260
23530
14939
2264
1826
4445
24736
8003
12153
2748
9141
7301
8322
17146
2930
4889
3056
12530
24290
20096
9057
15135
2986
15601
21171
3770
2662
7667
13054
20851
786
16879
24674
13903
10402
17663
19748
20645
4598
19887
23579
15178
21139
7647
289
17914
3804
3386
22326
2259
20749
7154
18914
3001
17276
18237
5171
21532
8126
6498
17529
10085
1916
15283
5311
13012
14269
22190
20591
5019
10264
23651
3682
1801
10770
9985
4508
5489
2493
19434
22219
9071
15567
23015
10435
12993
2295
9091
24205
22111
4747
12568
24424
21135
16279
13220
20617
8327
14968
16228
24585
20405
16377
11575
14508
24993
9284
23138
1187
20975
12197
22589
18365
2674
18643
22237
7706
1340
22635
24822
11224
11891
21130
21054
849
13571
2870
3940
23577
13636
8962
5654
23903
22786
12961
23541
19574
13783
19230
11952
5204
12826
8841
2619
22158
23347
12307
3474
6090
14751
10971
17231
16654
20176
15418
3416
17095
22112
10634
19740
13199
15570
24008
16694
24178
20458
12865
16645
20241
23838
2421
24256
9640
17643
2151
19558
18482
20970
2935
3246
24777
5931
15080
12615
19528
10326
16281
13649
14558
11674
6354
19816
10830
23926
7565
19730
1384
19093
6528
10033
15018
17788
24096
3782
14101
22212
6766
6235
19436
12631
6509
14504
16077
19565
15383
19139
15857
5939
24089
24894
12624
11821
7219
22784
1234
12566
4733
17888
14729
12061
24684
4988
24886
11085
21849
10137
2113
20410
10236
3132
22465
1347
11610
6243
3785
4697
10783
1372
11161
11850
10548
24103
14886
2067
5434
10751
22927
8044
2713
21705
19256
16897
16701
23772
22761
2369
13378
3724
18784
17612
7304
18552
4739
14850
2996
2325
5423
15464
21212
1305
10774
6240
2341
7759
22437
8578
16234
6170
24376
6557
18062
24608
13695
24451
722
7716
4830
2052
3813
17617
15849
21399
5483
1396
14820
19124
8222
107
4084
11672
13398
11880
20438
24416
13752
15025
21354
20224
12069
10452
24146
4852
16593
10299
22588
4650
1772
14981
14410
15855
8867
23515
17314
9622
2143
1067
17271
24417
21284
10428
13448
7379
6759
15284
263
19029
19130
19765
5167
21939
15966
15365
9420
11681
6825
11415
24237
24095
17891
17225
12461
1668
3149
4773
21430
10805
13918
21644
18027
12977
21239
6379
12219
3838
13257
24331
4861
19674
3203
1350
13548
9830
21777
6522
5825
18794
1273
19237
11533
14774
22861
19781
13963
7195
21910
5334
19621
23826
14787
22882
12505
23807
14272
11296
9673
4632
13305
20103
12230
15203
13882
5874
4448
11328
17681
14086
16641
14162
14439
15317
10647
1232
11808
10424
3265
6935
3795
1572
19303
8321
18043
11194
17653
6021
23379
17451
1710
8824
23615
22261
10580
3441
15054
21683
12347
24324
7808
21190
19464
11033
3624
18257
16386
15732
10670
15376
872
19350
827
16460
909
3912
21583
4996
5923
17668
3505
1488
13085
11239
7413
24615
7690
5161
19675
3563
2014
12898
20146
23796
17239
9191
15077
23071
23634
23186
16086
903
5851
16414
613
9061
10796
15668
4853
4790
19981
13029
24148
3396
14104
6988
4586
15877
11854
24716
10439
23236
18765
6085
9580
15863
16040
12594
5827
8888
9210
12402
11080
16461
5446
18721
15617
15965
18305
2216
24419
17354
12290
17543
23920
1591
13163
1379
24753
8150
4015
7212
18913
4092
24481
13461
6570
4900
23298
124
13731
20873
17210
19264
7876
2217
6521
6069
14767
15449
5051
20250
8912
4232
4636
16267
12492
2428
17525
20579
7074
14770
9912
17700
18739
19149
13150
7174
5331
9523
543
6722
22352
22081
1595
20831
2875
86
13605
17648
7000
10394
12847
12934
23834
12867
18727
14546
6798
9920
3980
13237
23723
19158
18406
4553
14195
1785
18359
9837
18753
17434
1873
19395
24465
22179
22840
23204
9948
22159
14828
7621
17351
7232
24173
12509
14317
14908
522
12279
12604
21831
7378
20271
14702
24088
2033
24577
24141
1502
410
23524
15890
3866
19820
7936
17213
10522
22484
2362
15701
17148
17228
6740
8623
24849
24303
23061
16684
20110
21022
9774
6993
2883
7148
1616
19987
17720
21115
2370
24029
6912
11618
18979
12400
17409
7577
12330
20329
7143
24354
17282
22858
15229
10776
8015
20089
22504
2960
17639
495
10368
21223
23867
20070
19983
21554
3925
23410
23012
4922
14321
7637
3816
536
10504
22167
14909
6823
19439
18499
9650
23840
465
11699
23300
4575
24156
20776
7846
15177
6923
17026
4357
20005
22218
24828
11166
17033
21562
878
10681
17817
20509
20470
19467
14858
24748
3685
14625
4529
9311
13907
9548
9280
24882
12348
14276
19261
18018
3426
14931
21787
24080
16362
10683
22395
10458
1936
13030
20062
20055
20537
3122
17574
20929
12838
22393
923
12181
19407
24392
2775
6323
22699
7321
15236
14723
19699
23202
10865
17635
19243
19460
8699
22623
3092
10981
14765
2979
23750
18327
14203
20067
11365
10075
9137
24709
6242
4631
16734
19203
17196
3571
8255
7046
8386
9800
3736
10345
14874
8316
2025
13529
8481
21753
24483
8364
3355
1070
4670
13144
3035
10510
21234
23535
12296
2562
14280
7781
1258
9121
8874
9885
13575
21727
7492
8128
477
1228
14216
589
5038
216
11878
11752
6137
17517
22131
1933
1888
24941
22546
23001
7494
10256
21488
18851
7430
1
20703
424
22791
18865
5870
7615
6313
17942
21974
7997
9282
17263
7916
23243
16609
17591
16773
24464
556
12339
24195
11048
1813
19512
6692
7836
24087
14257
16571
16545
2499
10571
15028
2455
22890
4055
16967
12936
11677
3202
13857
13440
7460
17055
22995
6567
3374
11658
13041
14245
11927
16753
15485
11793
24996
9334
4358
7918
21436
3393
11311
507
10632
11016
16933
6719
11258
1472
772
9843
13845
4083
2803
10500
8373
11588
3440
4034
8755
23079
12661
12998
15141
2097
3971
16552
2561
10296
20477
23116
499
955
18844
23652
12242
14297
9615
20874
10737
3488
15138
1538
8838
3739
19881
7743
17704
10290
22962
15760
21027
19312
19575
15017
9899
23885
222
23308
12310
23545
11096
14601
20772
784
1795
20254
83
13198
19490
10441
13473
5169
16105
24533
22069
8117
1025
9026
15256
16840
22888
12500
11809
4904
5287
4312
12271
11000
20913
22299
17804
6603
7141
12795
21289
156
24255
5791
6589
23002
4740
14437
10861
24931
19025
17194
15213
22142
10387
24025
7859
1038
11820
6619
20493
10381
23155
11262
8627
23162
502
24251
18430
23736
10071
16598
10382
3384
9253
3348
23397
5235
13638
16203
15615
16214
6121
16370
19228
21122
14772
6023
10209
24124
7096
21445
18325
9309
21599
4222
13839
11912
13216
14144
3562
24102
15315
12713
14248
9591
3752
12626
4568
6777
8482
23304
20218
24844
21090
15079
6751
15753
6836
23506
8855
15261
16097
23567
24817
15818
5134
3326
12836
21028
19016
17750
6404
3449
1561
21265
13031
8904
13942
6141
4237
17317
20673
5485
567
12049
11151
8108
16957
6806
10480
8063
9007
9753
16516
22447
7103
19462
952
8601
1775
81
7730
9227
3283
22487
19693
13551
15218
13652
3015
21885
18362
22611
23486
12818
3234
11294
3582
13676
20527
6610
21656
24720
17764
3523
10356
8365
18885
17436
24717
19757
19480
3759
18811
18316
666
5180
22545
14169
14128
23628
3420
7217
2736
22922
13436
4579
9499
11243
4525
23882
9308
19499
20184
8417
8178
17737
12958
16374
180
1968
498
22489
4831
8676
224
14132
17256
7020
18422
5818
18543
21329
15955
19865
11011
2161
19596
2747
1940
17871
557
19429
12695
9569
7076
17998
7515
7582
9477
22883
10815
6849
23505
9476
2623
19466
14675
24294
17598
16833
24497
18121
9940
21821
24090
22674
24730
9224
11438
6001
23727
19737
13899
9484
9221
612
199
8857
2246
3977
15842
3684
4239
2024
7542
10944
21126
19843
20027
24857
8460
23902
5155
12035
1031
17110
15851
7162
19656
18697
5160
8561
11983
19134
12636
6795
6374
9093
14075
460
1316
7552
10170
11816
5623
4564
1732
2443
3652
12200
12777
24691
2525
4082
3522
20147
9165
21955
19731
16445
12686
22670
16310
2654
10440
4280
5626
20870
24336
23209
1177
20521
14308
16399
7631
19150
7159
8960
19911
3826
22173
13937
12439
5199
19871
20221
7602
22920
15140
3862
12055
553
15147
24114
10951
16372
18372
10823
17580
17620
23870
12168
5000
32
6632
3991
24325
15245
16343
6314
19620
23980
17118
15196
24105
13331
16870
21431
18468
6289
17768
8477
19417
326
8688
1827
6359
7546
2519
17366
1663
883
674
423
11504
6248
2734
7617
8129
18684
15712
14576
15271
23133
1970
7465
11452
11187
10362
23670
24756
12943
18269
15202
11212
4857
20036
10748
10101
16596
12775
5194
2828
24793
16846
18533
23611
17275
12690
5309
686
24678
4271
9316
5010
19614
9025
4760
2903
24528
5729
19849
10810
13742
3140
10337
13435
15788
19660
18701
1937
19314
2117
16313
7919
17188
2993
8780
7672
1115
21603
7426
20842
24639
1684
16736
12476
202
7626
6707
2265
11251
22445
16911
22897
15040
12342
20293
11870
6129
10011
6960
24194
19559
13637
18058
14344
1311
24951
22421
11856
3640
13825
21215
12727
2839
8143
309
8743
11576
12009
1809
22327
20532
5565
22191
11291
12815
19177
6718
7399
23171
15116
5023
20765
15417
8040
17695
12634
3619
20472
22524
1711
5355
22323
9346
244
11351
23271
20315
17035
2988
18935
15004
979
22958
10059
6891
18670
17828
19973
4108
7455
22649
21166
20417
13926
724
4646
20118
5502
19017
1759
1467
15012
1481
15329
23618
5670
18577
14835
1966
22258
8091
16346
22057
6324
1552
21887
23510
4929
20896
19376
9600
23478
2454
24970
19152
3043
24444
2266
18034
24902
18157
20205
10293
17970
361
22011
22842
14117
10182
2297
9382
720
5111
18389
15167
18785
16585
12955
19694
21977
5704
14168
7233
17857
5991
6151
22887
14061
17779
22275
4491
24593
17076
21441
1808
14958
11084
17309
14847
18896
8079
16496
4835
16485
4969
16665
11249
8738
12992
8424
14207
15097
18584
24297
12902
8732
23121
21907
8598
6848
6627
16987
8029
12325
18928
984
10551
1341
20796
23707
3087
22538
13761
1577
16339
24896
22600
23720
15006
21005
17592
10453
22977
19845
15131
8486
18635
16175
16754
20570
7454
14024
12549
23291
21926
21541
22262
6015
3521
18133
17982
20881
20188
11444
15235
3268
12013
14743
8104
20281
14240
12160
241
1479
18659
17211
2591
4780
16316
3148
10833
2220
1913
17614
16002
7963
8694
22188
18501
18317
22919
16771
5332
11911
24474
21466
21002
7761
16693
7365
15887
18535
8967
16888
4975
2344
4713
13384
16869
20
17565
1363
22594
12809
18392
746
14295
7607
13989
16659
12479
18244
20774
4477
19504
22908
22459
21859
22513
819
10575
20449
7684
3636
9793
5678
19193
4427
3819
15653
14752
18075
15478
17623
9967
7901
24640
5808
12565
12105
6640
14519
21535
7948
658
23085
16639
20823
4909
9554
23532
16970
13389
24329
20260
259
14742
9417
6397
13612
14991
14877
17169
17084
24275
14796
15390
15148
3070
6814
21814
18677
19546
14604
23830
11109
23416
10801
12656
19775
13550
16871
16127
16054
23835
3478
20230
9894
6299
15098
19856
10010
5734
6901
23589
24760
7254
1613
11329
21153
10481
16448
2232
22196
22151
24862
11424
11078
24805
22481
3238
24220
13965
21571
3069
23468
3499
11460
590
23918
6536
22346
10695
19805
8337
6165
2203
8336
22686
9014
6127
66
16450
15519
18337
8046
8020
23469
5149
14267
2529
14045
11030
19182
10277
7119
10171
11313
5230
1803
19928
20332
23967
9208
2049
7772
10841
1867
3723
11117
13977
5622
2256
3686
22684
22034
14403
7161
6689
1216
13491
9332
6999
9618
20724
16558
14192
22006
348
3480
9685
4252
6049
16673
9162
17491
12176
18343
1464
5082
2381
2570
7135
8861
2694
8073
1215
16186
2974
10369
7486
11607
18226
4441
16209
21332
16391
5817
759
12621
2077
19682
20962
11869
12249
16579
19290
11965
2965
7768
13050
6468
17705
372
24991
12085
4187
1653
9318
12528
19278
11646
21210
3368
5779
11945
12097
13560
9536
21788
11485
7824
12597
22235
8827
2414
14778
8921
9398
2041
12916
3311
14433
21496
12066
9933
2842
7600
18915
5291
13478
3330
12632
18623
7291
2153
24967
12901
10295
18576
14682
10094
15194
5001
3229
18100
20497
1257
4462
22754
4359
2404
10232
24388
7613
17
12368
4979
6208
24745
9950
24498
14000
15027
12692
22369
10348
24733
3727
1268
5304
3544
11633
6973
12808
4535
18474
15221
4817
15394
16923
24258
23540
21925
1522
7415
12999
13841
20918
1509
13430
10328
18879
17688
12814
11414
1434
20292
2617
5561
18852
13352
1834
4168
9456
3428
4060
12725
23757
8242
13156
2340
19063
15575
10037
14919
20519
7883
5718
17063
22982
23182
18197
11181
11079
6956
19806
20653
21262
23107
15812
24185
10853
4998
21366
24507
2784
15085
18445
18010
1506
3872
21050
9421
14289
19629
7841
7855
22161
10215
11297
5326
13714
920
12535
9822
12618
8815
5259
9261
17496
12660
20731
17518
21387
3824
717
5080
3475
15831
2658
4039
4276
15298
17760
19898
18860
21837
17815
7558
10678
1333
20431
18546
12780
16166
5578
2183
20255
7189
21030
17531
18759
10249
155
19370
12125
12048
20809
1393
6190
4920
12850
24942
866
10687
1923
1267
4206
10954
8473
11644
24287
20656
24614
22020
15044
4330
18881
2111
20353
24825
7228
5439
7854
7238
24574
17939
3846
24377
9345
14807
7828
2187
3536
14053
18393
21313
11175
6650
19288
12895
8711
2299
22612
609
4325
19651
1982
24504
17455
23986
15452
22446
16178
16246
305
22884
22582
7969
7888
7393
11884
9958
24427
16315
1213
20247
15509
13136
20499
9971
13801
15249
4555
14720
13683
21986
7080
17997
5776
18708
2410
21617
3078
15321
23436
22876
23741
16906
10410
14560
9813
22183
15589
16425
702
6426
3927
971
13404
7899
4352
213
19907
24348
4935
4081
7409
21191
9050
17440
18106
14116
774
18063
12463
19634
22866
2346
3077
2603
5034
10659
23130
5996
24620
4155
10262
9537
13372
6429
22517
23801
6924
8412
24888
1843
328
9966
22209
9630
870
23282
18795
8538
14015
12281
17967
3492
4888
13060
1562
3706
8792
5411
14426
10321
11739
6081
22109
5951
3695
3372
21716
4795
6711
15527
22654
12272
17625
24968
13253
19680
21660
5697
16794
21941
5959
14352
1468
14989
20369
13798
4809
21962
4956
20633
18040
20866
2866
11430
10112
6181
7580
136
3344
2125
17654
16559
9794
12997
22969
13864
24869
15280
158
18796
17108
19784
17733
18736
826
21186
2813
16834
10565
15616
10643
4966
16832
23869
19803
21947
13657
10138
4045
4604
21708
11298
24508
5930
22948
23005
21244
17711
18642
21107
13002
5192
2367
17180
11947
39
24441
11532
8407
24455
19630
20829
5658
18589
22711
8441
45
18480
8089
11834
9159
5689
12694
19458
13070
1279
24539
23859
19396
20533
24405
7322
6465
16893
9173
239
5544
20287
21796
7636
14760
22009
3210
6822
14361
2994
6663
14902
22320
10637
17452
19351
14077
9445
5877
10560
20816
12521
14563
21033
6921
24035
16188
1627
9217
23390
9546
11568
1764
4209
333
16477
5397
22282
19819
15832
8922
16702
8426
2980
24688
18988
3216
17350
21125
17153
7229
21634
23306
22990
13540
17637
6370
22483
6126
12039
10077
18971
8818
7630
14186
14434
14722
21479
16720
23161
12602
13698
176
3604
69
14825
2738
579
21350
234
9880
19028
6376
1015
4151
13851
13167
1996
12313
20510
1255
7313
17456
9687
24565
21401
3278
14424
16388
959
3555
13642
3771
2808
24619
17178
2152
2889
20989
22184
21983
7406
24211
24776
14613
10213
2069
18201
11600
2157
16910
7873
15874
9381
20601
12923
11874
17523
22529
22753
1343
17477
15466
18830
17438
9665
1476
2807
11489
1549
22338
17655
3074
1033
5820
14458
5572
15961
10081
3744
10228
7968
10099
15533
16472
16652
8804
2931
20515
23969
2223
24379
20406
16988
14145
2263
3565
1357
5957
1638
4949
2327
14063
17660
23513
851
15622
7930
14440
10370
6472
15829
23265
20523
23064
12639
1835
13120
11237
13502
24389
15274
223
12978
990
15703
15477
16766
18831
7505
6210
20530
9541
19879
8944
13094
4512
16292
15572
19354
19648
13968
5897
21803
1569
12811
127
23030
2600
11755
6445
11825
13059
13870
12663
8633
5854
10051
18428
4286
3481
2547
15761
16712
18254
24368
8266
8170
10963
9439
24461
15979
11301
3716
17467
6454
14818
3318
2456
4748
7771
1455
6989
13399
23198
367
14549
15324
4136
18112
1511
21604
9859
14864
6605
4917
8164
5487
11074
21812
14738
17885
7812
8189
22036
6744
22665
5004
10134
19650
21136
16031
7267
23119
14764
21004
3540
6904
13072
3055
9274
21330
15884
21721
437
5551
6681
6182
16014
21292
24502
13897
15833
16811
10849
19571
16462
17357
20575
2355
574
8968
14311
15091
12177
10314
24399
23333
4580
23554
14597
14674
11383
22732
24743
15264
5470
9287
14194
18781
22713
15016
8319
10663
5663
16159
15608
9435
5500
10205
18569
20799
2575
23038
16837
5527
10599
4501
18404
7810
15419
19098
18284
701
18439
17025
11445
3504
21201
9835
20868
13292
8715
16196
9338
1564
19209
2737
7255
14815
9648
2660
8199
6346
7392
17041
20926
13874
18568
16213
6140
3834
10217
3638
5637
7025
23428
19561
22495
19100
4221
3041
13755
6919
1367
14947
4452
304
9750
14885
9586
19125
19653
11082
3952
6613
19692
20628
11388
21074
13631
8914
11608
2286
20065
13418
7538
4212
3067
18974
999
16160
3391
21134
10350
22619
20154
13547
23671
16896
12829
12715
23160
21253
18985
2420
11760
2146
21214
7655
16305
7266
18024
16605
7042
1935
10983
20238
23548
21835
14025
3129
6802
2790
12581
23780
24928
24040
5413
14319
14506
18361
12247
22032
21165
19837
9046
18208
5364
5655
1235
20462
16841
21451
6393
14036
23923
14347
20288
13283
3792
8404
794
5251
20674
16012
24571
4219
16283
24169
21065
4505
21474
12396
7028
8144
19533
15920
5356
3678
14395
16615
23703
7816
2758
19906
14623
5070
20280
6693
4758
7506
6695
12480
23962
20826
17508
10304
1609
16898
5254
1962
14299
7755
15345
18604
4720
23989
16379
19062
4789
19035
6800
9154
5399
2460
2489
20445
20705
23813
23710
11139
22141
17701
6827
11794
10484
18456
2225
15224
10903
11521
22278
369
15238
22193
17925
1967
15060
22571
11105
13479
16103
21158
5668
13317
10376
8115
151
2545
10401
13843
9179
12561
23010
21049
2099
13207
8193
19738
10471
9849
12734
2533
19231
22879
17533
6972
922
946
15375
9136
17195
1167
18099
16630
5828
2886
15105
18644
9970
4947
3975
20561
3583
7182
22256
14389
3814
5956
15436
6828
4303
14303
18295
5579
2419
6649
9169
5088
3343
10464
3116
5980
5328
21589
22018
18124
3981
10895
14750
24370
16221
13017
6955
14544
18550
23114
5133
15989
13234
1831
4399
2939
3037
20330
9758
7588
17659
20115
9511
4159
17294
6892
13400
1171
18190
5814
24806
13203
210
9234
8775
23739
14279
19083
12023
20494
13775
21863
4546
18606
23608
19676
24429
11597
1179
13597
17863
15940
3946
12222
23314
10118
23894
12677
13677
21449
10942
13230
7840
4101
17904
14190
15201
1641
23865
1891
10133
4367
21084
22774
19866
20143
12486
9269
1386
17067
14684
19997
2473
7320
21342
8661
11629
5451
1782
18674
11094
19904
5546
10947
18766
21655
11503
16422
7462
801
20233
22392
18390
19754
16318
2490
3852
3784
20946
21766
5769
18183
21427
7268
5486
18202
15113
12730
17260
15943
18095
20237
5018
16049
17763
13345
17173
2978
7908
5255
5026
1398
9543
19077
20524
2597
14582
17423
23596
15393
14633
10946
9450
8516
12089
20803
8667
777
4323
24596
6466
20580
22747
19136
19271
20827
7250
19710
24431
23924
454
1432
4297
240
6761
22520
11220
6679
4511
22359
1532
14342
22502
14372
10592
4705
17486
15086
5064
5925
14002
3159
17770
10310
10494
71
20995
20102
13126
13629
6675
16831
19923
15014
6841
9941
9795
17090
10744
11153
1688
14375
8585
9212
21567
21981
5519
24990
13726
24972
2539
6775
3701
12370
6582
22864
17208
7394
9074
21912
6563
13244
11253
2700
17865
7060
13097
1411
11773
14605
2817
6805
12303
18602
3180
18561
21231
3019
13641
24457
18414
2234
3767
14126
18649
4451
14223
5795
15618
11211
21259
13740
23898
10054
11756
18651
23007
10088
10035
19031
4405
4893
24741
683
20297
14425
19492
2243
18717
2429
10141
18511
24538
22929
18718
8924
22363
22565
19774
13280
21463
22401
13682
9727
6821
17889
22892
2005
5132
12354
12948
2574
14179
21585
8906
4750
11715
7678
21993
11309
3746
21579
16685
13554
5976
17390
20746
2474
838
3417
6177
15414
14014
560
12027
1521
8158
7248
10977
1654
14182
2774
23493
19746
2376
22493
7093
2851
19080
3399
7274
4118
6721
6698
7377
8782
13311
11534
9949
10092
20193
17197
6665
9752
3196
17061
11627
7500
22678
11863
7037
7977
16924
8019
14913
8380
9636
17107
23370
20227
982
23435
10122
23588
9930
16867
24244
14445
20641
5378
24381
514
7417
12384
10257
19772
13221
10226
8556
13415
4752
2540
2850
16521
727
13270
19394
3627
9441
12465
648
13904
14745
1523
400
17892
16971
13382
22646
17910
20318
12258
11932
4521
10747
17743
15985
21902
19151
9692
566
21752
6205
19725
5371
15642
11573
15031
11473
18808
8847
11594
19712
14453
19418
22017
14153
20978
12327
17738
13611
5222
22312
11302
20919
21359
17238
3063
619
11950
7887
16929
6636
15675
12659
21318
17356
3465
20858
23578
24193
19270
12205
7177
17479
22062
5476
1439
8892
21731
24432
8076
2553
11915
19433
8359
11879
9907
21439
1281
19953
4291
398
22232
19089
8564
11867
24946
694
5845
23248
18057
15850
11881
17306
3292
13609
21298
24853
23237
3004
11649
5223
22008
1315
10515
22728
13817
14357
21904
19274
7576
9236
7827
2745
1593
2632
11827
17072
18129
12956
14105
16844
1869
24216
3648
8254
13873
23076
15050
10283
4103
1275
24881
4997
14929
2380
16153
18298
15026
12894
1766
9020
4421
9497
19032
2672
24014
21045
18694
2212
15594
13347
10673
16518
19036
14756
1536
5535
4524
24155
5575
10392
17677
8514
2598
17059
24973
8940
1849
13579
1462
4469
18035
2470
21251
433
15158
9551
2382
6176
18816
9031
10168
4040
19282
23343
18346
22808
18015
10079
12625
8689
5119
9365
8626
4279
5522
4393
19491
22339
22824
7387
1172
12981
10760
6792
15199
11045
6380
5433
554
23251
1681
6276
1958
716
14370
21865
2426
12032
20396
24649
21472
2446
17403
2384
14206
10725
12063
3509
9572
419
835
11679
16085
15557
8439
10103
21233
20933
9780
4074
6331
12554
23208
713
4797
3486
17675
15049
4465
22412
15784
16481
22912
20898
2692
24612
8200
13950
24505
22749
16979
14282
14732
22348
20046
1073
13388
19893
6271
8665
15583
636
7753
9961
6928
12285
3005
19070
18234
11250
24966
4973
12275
17586
2451
19583
12020
12005
13259
20448
11285
18912
22959
11475
4454
12053
23492
1129
24027
11277
18600
6048
17151
5350
15823
1415
15370
8476
7559
2385
18398
1815
3433
21942
8826
1723
6503
3738
12525
7879
9412
20618
11005
20007
17082
13066
15144
280
8127
15737
20688
12863
312
19834
22587
23636
3167
13966
15967
11656
12359
6943
18681
975
558
24304
14930
2260
11026
6301
13878
14070
9719
9706
23972
9534
17560
150
3191
13625
17264
9395
14859
13453
10730
11634
18541
7727
2213
21291
17085
21333
22407
16856
16398
18882
24385
2959
12714
5749
20743
16009
14607
23871
3176
4851
11219
3525
7247
8358
11326
24127
3266
11840
3666
17292
1794
2467
24053
20465
3839
12518
15932
4036
6875
15389
14786
16459
22700
11860
10583
8576
13483
20623
22070
17524
18001
13196
18705
24648
416
3677
18039
21953
4331
18350
22893
15968
22525
7749
417
23534
6084
24128
6801
15715
19453
1082
21503
17155
21792
20597
10917
15584
2899
9470
5783
3905
9847
6710
17414
745
5765
4986
23997
1949
22964
1983
16839
24228
22827
3713
5105
3006
20375
12679
23389
6390
22200
3291
2148
21288
225
895
14441
15726
24750
23257
3461
503
10432
21685
13685
22318
24899
10225
14138
14783
22507
18973
15313
10965
1197
14956
12550
16864
16290
1546
12683
11496
24106
10456
11713
22738
22307
6839
24761
5631
18763
2494
16452
11441
22643
943
20683
5361
18464
11530
8159
16015
17123
4588
21774
7503
9204
7729
10543
18068
13651
24230
24361
11868
8891
1128
17581
24078
12573
190
1140
14642
6865
13359
10325
1610
22543
8607
6950
11695
15948
8822
18356
1004
8817
1625
23338
10087
2577
7699
24870
11616
2482
805
14176
18894
11435
754
4053
22820
20123
6504
14487
14401
13748
22056
12851
21010
24545
4190
8270
13846
19052
16320
7897
19667
5804
10620
8567
2707
5428
9275
14634
23365
20660
5048
2093
2503
17550
20421
10779
17218
4257
24867
5594
1492
6455
23404
22698
13215
1297
120
3835
17448
14305
752
20897
10222
9825
17184
3406
3869
4762
14717
24347
12987
14883
996
15481
623
13838
7586
7066
22177
11977
22630
15318
4730
1298
16560
307
17615
11464
17047
21741
1690
6293
8488
15185
24718
8416
12546
15088
10753
18266
5549
6019
12179
18572
13340
20112
22088
6968
1870
17297
22794
1605
4499
3290
3985
8000
10857
24400
21120
10221
1652
10881
13861
22365
16920
