23144
8062
14517
18932
17143
2590
4568
16846
24042
4548
22550
4134
9540
12400
2416
12302
19149
14403
3212
2094
7140
3509
4152
14443
19992
13651
10305
7325
16725
20322
22243
23178
14796
2397
21944
11697
4345
1188
9364
16931
10109
2474
12633
9185
19140
19023
10895
7539
6878
20657
2145
19681
12247
13769
6245
24794
14537
19373
23054
11653
15251
19161
24687
10233
5965
24157
1580
10953
20455
22160
18476
14648
18694
16734
20731
10174
21552
11698
1273
12310
1782
17868
17473
8663
11798
10473
16044
14581
3350
2568
8664
22236
19843
18676
24690
5248
20055
15193
24807
3866
722
9737
12015
5362
20989
16295
15111
7312
24565
4453
17122
18063
17520
21382
9561
19921
10754
3033
12185
21383
7875
11575
16565
406
4000
11489
1136
7701
11511
16709
14439
23664
264
1031
8835
575
9846
5668
6357
19747
6071
20274
1292
18831
24235
6216
5187
16612
20184
2356
22064
17336
2601
10555
18978
16833
8000
1997
2005
19934
3960
22989
642
1684
12378
9756
1737
17082
19869
19611
15943
13235
21105
18335
21799
9927
22241
3601
23755
3974
2058
9573
23006
6980
16696
7542
16067
2614
16841
4819
1199
11764
13313
7302
15567
2578
23624
16133
1452
10057
10310
14028
11971
4952
10567
1086
3149
7591
21117
10343
15608
9603
18229
13197
3359
5195
24073
10539
16175
14670
3147
20634
3472
22316
19387
22393
8139
10992
7281
13710
532
21529
9215
5817
16460
9453
9876
6582
14576
21417
865
23965
3073
18456
2418
7978
2975
10323
23991
6146
6737
1806
24822
18306
23396
4485
7034
11929
4742
11085
10872
9365
20235
12544
1261
15581
3600
7814
18374
19243
17833
8692
10189
22777
21173
7149
19189
1952
2497
21596
12393
6127
15579
1841
6727
6511
9915
24316
19032
6123
23380
14644
22816
15032
10780
6592
2763
881
6558
8619
23957
22689
2348
13797
20581
17524
17415
6876
5646
17262
19121
18117
18974
2332
5520
6857
13667
24062
17494
12358
8071
17945
13547
15004
10211
23130
6538
15349
21215
4202
20466
17717
20518
7098
23582
15722
19053
11209
17292
19698
15034
17689
8455
15874
8219
14007
4734
20645
3242
7148
20673
11981
18708
11449
23738
1783
7222
14353
7627
17159
9957
24019
8959
22363
21134
18797
3728
10565
5070
22212
6463
4799
17298
22133
11068
20593
8623
24698
6591
24521
780
14927
19973
3805
21364
5021
17469
9151
3677
22788
18783
14730
13774
1483
2877
4657
19950
7289
22164
18217
24867
22716
3529
12179
22583
12446
4877
485
2588
18303
3933
17023
12718
16742
4702
5406
6954
3059
1530
929
3828
12283
9314
5420
19398
9679
12759
23864
10302
16689
15306
10845
8427
5618
2863
24295
16490
9026
838
13399
11260
22435
1444
2873
9116
537
6207
714
23183
11900
19108
22593
21207
18842
10878
10049
281
24428
14231
12740
20248
9646
10753
4762
1002
13257
7244
22951
6987
24084
13751
3106
22598
17008
7516
11083
3008
3568
5647
21750
18210
22441
20282
18248
4898
10131
8853
5753
20885
20388
13490
9428
8116
18031
23945
10417
11927
2824
2046
16951
13951
12790
958
24913
8641
4665
17430
296
20916
19851
19259
349
10396
23073
12348
4060
21264
12864
11066
20110
8979
3058
24785
2804
5624
12701
18183
22471
16534
21167
16896
7054
4092
8640
11708
18081
6995
18684
5090
24513
6859
6752
19176
6006
18841
2193
7092
7593
23298
14717
19901
11801
4140
5418
14369
7840
13052
13380
5312
12771
24087
5546
15693
570
14635
5676
22468
9046
6488
22288
3927
15490
18967
9844
9229
24813
16667
6013
7585
21690
15141
16122
2526
2812
13539
2087
10002
8243
21399
14067
11958
14791
3760
16013
4710
1357
1796
12330
13353
1594
1025
13999
18211
23804
6054
18666
16097
12551
24067
20464
16131
18021
2088
11380
13126
10802
4184
22830
5411
12008
4072
34
5076
9348
18016
12657
16112
12051
11524
6749
19838
17132
14659
23242
18509
16098
4645
17526
9860
219
6716
9250
18239
24548
14677
5861
8109
10679
7301
22958
317
23269
866
24359
11748
23487
19967
12373
22664
15201
3708
18299
17618
9795
4354
20410
7483
9218
11348
24096
11100
19341
24866
13145
21633
7055
16747
6077
1798
414
1098
16824
13520
8918
8842
19395
13433
24381
15203
2699
21996
8702
14591
23283
6394
4342
14588
19833
8638
14570
4223
15469
21150
23387
20210
20691
2902
5301
6413
3690
6412
9459
19639
11779
21860
11191
10009
3711
24260
17727
7586
4135
16858
3264
19116
18713
16492
1204
16193
17837
21609
5194
1035
12919
15703
10680
23250
23205
9193
20917
5516
20578
18653
491
2599
21247
10465
2169
2619
24870
10382
6354
2064
10691
12049
21231
23985
7377
15087
17663
3756
51
13808
7485
20591
23058
13100
15492
14572
3646
20505
18386
15222
12906
16897
11902
592
10043
5282
9226
18726
4491
9770
6259
19296
17974
16497
6958
21366
15774
3468
12773
17356
23876
15282
420
10810
22966
9754
21313
6994
9688
18780
13226
14248
7200
14024
10264
5953
14773
5035
20449
21415
15214
928
13546
24615
8543
7171
1809
19543
14560
2216
8107
7527
483
12559
9717
23479
3444
173
1965
18821
18167
6758
21104
16619
3724
12877
16100
21400
5023
12342
7522
19935
12691
7459
3229
13637
3752
20703
16756
14696
15663
13195
19885
8956
14333
4465
18972
13514
13604
12066
8787
17997
21336
14053
22781
11794
20203
16803
167
22879
315
6025
15958
4526
15257
23314
38
19979
1371
20255
18165
765
2553
14958
21241
19204
22182
18050
1364
22595
6001
11536
2128
19738
19519
11256
7042
23523
7867
22205
24338
2749
11572
18792
14249
1815
21887
12021
19400
14059
24000
1409
10718
1447
6766
23923
14122
20997
24199
23977
6119
12682
11132
23658
11224
24472
20979
12100
18435
6903
24646
18603
20360
11944
3396
17357
5397
23264
2498
17613
21505
24463
14766
7743
19586
292
9071
21332
22829
17696
17013
22625
4538
22902
17501
9287
12914
8194
24696
2018
17805
376
2183
12490
22909
4723
4892
6280
13824
18677
13856
3700
21179
16409
13198
1394
23346
5932
11283
20428
17576
12416
9019
18847
12611
8911
24474
1658
24149
17596
22011
871
169
11053
11901
12395
12327
10278
12167
8650
17874
12050
628
15609
1475
20652
4348
10281
24562
14000
12055
4975
17369
23778
10806
12173
1210
19959
12670
16415
16172
23141
4367
3765
24059
17136
2029
12475
15462
16666
13217
17416
10021
17429
9556
16919
610
21123
22955
15530
3578
17145
20063
11730
6332
16403
8080
5948
3586
4679
3869
8674
2291
11347
9731
22245
24248
20798
21916
452
20540
22213
21506
1260
3609
16775
13088
2284
24500
9430
12244
7050
12381
19357
21246
7181
16675
20483
1931
10569
9598
12617
4586
3772
5043
19086
22008
10887
22178
11416
18512
23862
5236
6348
13230
11709
22327
7559
14898
8984
11293
15147
10265
22091
21647
1255
22002
19416
13962
20341
9838
14072
19633
2686
6223
4752
17757
17214
9017
18986
5396
11922
4452
19136
158
16821
21405
17595
19937
2413
21917
22110
15102
13976
18486
5073
6384
16528
1991
20721
3268
20914
13621
9164
13783
23924
16907
6583
24999
24105
523
24137
12793
19956
10678
20968
13007
703
18437
6296
840
3787
21349
4280
18524
7642
13755
19883
3604
21342
23222
1280
12806
19537
17768
20978
19871
18461
547
16727
7635
19865
12117
484
20817
24886
3648
5128
16223
3062
15364
14317
8113
12274
4896
19536
1799
4091
6621
23372
22533
13420
7319
1904
6788
9096
10579
15226
18771
2525
5458
1903
7940
18923
7453
13003
1122
13384
17990
18423
283
22331
10738
19943
20142
11020
17566
4845
17050
21410
19470
8666
10552
24341
18414
12396
17272
4537
11630
1789
10513
17010
11395
1404
10253
14434
2035
12930
12359
13656
18385
5807
5405
7727
11304
14111
11655
2567
1546
13543
8393
6567
12597
1664
16187
24918
4904
14051
4227
19861
21447
13407
3854
23495
14882
5725
16587
4284
12280
7952
13884
21432
14901
17932
23681
14468
23392
21329
5125
15918
1583
13464
22937
16758
13685
8146
344
14159
17517
17660
8182
15887
4677
7261
16278
1776
7708
18162
13809
23597
4944
8773
11028
1089
3243
2881
23799
19911
7558
15515
9768
7827
20991
13498
17776
7058
18819
8703
5925
18845
15230
22033
16202
20961
11428
2053
23819
19115
10728
619
12922
12908
14076
22766
3585
20670
17985
18825
9916
295
22320
9155
9266
12062
19056
9078
12336
15461
23801
12619
21796
1781
21093
18272
4761
16129
17641
6072
6156
10504
1396
21795
13947
8398
19467
20517
11034
20815
19946
16559
12260
8540
18037
2736
21075
1362
4446
22825
11642
18148
20339
19666
20852
8792
13574
3785
10575
13332
16003
1626
1411
15532
21395
13915
9264
581
22019
20808
19026
22899
11276
23577
1379
11634
3158
4735
5648
12647
10063
23530
17919
81
22652
24292
23952
22308
1919
13635
1848
11928
10814
15074
18973
8596
22768
13593
8504
2001
4584
15816
4073
3857
17779
8856
8774
29
4716
10623
15484
10857
24218
7105
365
831
2769
9637
8197
20195
2806
5243
12019
8950
374
14260
24630
4832
3636
11285
14474
19987
21169
18432
19471
23727
20560
15634
18024
23370
17911
1507
11437
4580
12791
4515
12233
6823
6196
1520
4437
16433
1342
10794
14706
15984
15661
19322
5103
19520
24546
5818
16144
24174
5899
18896
21876
10306
23578
9011
8985
18401
17095
20715
12187
13743
10800
9733
2915
10371
11452
22992
16445
15228
2709
23473
2627
11212
14561
4065
22884
2395
4307
4246
13521
12901
3946
10027
4217
4530
24329
9500
7973
2260
14175
7633
18118
13733
20316
12953
19804
7561
14575
7838
1963
9094
19233
6244
6779
9689
10056
4972
16336
23416
13979
18843
10910
18033
9481
6810
24220
21485
6070
11175
10153
1040
2393
11597
20564
15255
8196
24570
21697
9654
1691
21183
13554
20820
9280
23467
18025
5192
23940
14407
3404
16809
12735
18472
21649
12063
6415
12610
326
15959
4559
15613
2231
10727
20075
9398
2940
23783
16588
15797
5097
6376
15784
15583
19004
10695
12748
16720
3211
4330
3322
16786
2151
18086
21970
6826
9381
21204
24197
8141
6514
3670
20291
8818
24098
16512
23874
16261
15669
17083
16120
8957
22055
7537
14735
23112
10204
20940
22433
10387
5056
5009
14888
21678
5552
16902
20947
6882
20374
8710
10929
21657
88
1738
15286
20140
21652
9016
10000
4472
2491
23891
13559
14926
18471
2372
12627
11092
2906
13376
15287
15132
6870
23974
10427
15170
9537
17276
24852
23847
10808
18372
16227
3165
3418
15078
4879
16322
9233
7428
8609
20145
3507
10383
19907
2237
19076
11075
19955
24111
15318
8531
852
14779
6741
6221
5320
13206
13568
1162
2457
18227
17834
15848
8433
14784
23524
1126
1461
11461
13437
13712
24432
12642
22339
15677
16764
14881
1152
13259
7707
1519
22277
7277
16925
9581
16941
23556
22115
21065
14900
13676
20243
3852
17461
17598
12622
7931
14457
22642
3245
20071
8998
20107
6079
9421
6834
3943
14957
7889
17305
9166
11607
3097
10601
22677
13413
20922
21998
500
8747
16473
1790
19590
8997
23106
7905
16136
2144
9073
9924
16538
11069
7944
20602
8354
17294
19137
4970
20470
12418
15539
3174
19348
22472
8159
5530
12407
6745
13756
16364
10949
4149
22993
13039
23890
14863
18427
614
19803
1420
7357
23737
20620
13141
23971
19382
22707
22580
17632
6017
4782
18041
10790
21152
20939
8166
18579
11877
3397
22151
17586
15021
19091
22811
10626
7620
16506
17714
9757
23308
7422
19114
3022
18861
20765
17815
4097
22112
21249
13150
12676
5263
21353
14056
22944
10167
7090
18088
4023
19765
1898
7793
23889
16017
12420
21825
14917
9555
21762
18804
2852
9048
2630
5010
8960
16347
103
11306
16521
18741
23601
2727
19670
20834
13325
4063
12130
16146
8246
23714
7307
11078
13404
15292
8172
19751
20678
5568
18419
20454
21352
9518
9047
23164
9810
13489
16323
7881
14689
16343
24582
13634
12840
9941
10913
20582
14296
21995
4036
3920
22390
12711
6242
12042
14208
22080
14328
22254
18141
17796
6113
21266
10347
1629
12156
10446
7286
21212
14645
2954
9881
23962
18807
21597
171
17302
10413
2605
3114
8092
22814
7540
15656
17166
18267
6251
5862
16214
21111
17337
18739
8367
24902
20100
20601
4015
16038
3870
9647
24354
7533
19827
13394
17052
18916
14442
13892
913
8001
17379
20258
13963
22872
6584
21371
3093
8848
22553
24652
12422
3336
918
10553
18131
14376
2901
17965
2542
10995
15438
12858
11571
19183
19960
1941
16964
11975
109
24394
5866
11450
23059
17892
19852
16110
12513
369
3481
16047
7737
7297
20304
15533
8026
6846
17732
3990
12752
13748
19958
11560
12222
11584
12483
16983
2451
2838
5686
19212
6232
12547
5491
5102
24451
1187
15408
20694
19840
3832
9784
9974
15329
24304
19203
17605
12434
12816
20766
5628
13393
14658
18495
23549
15392
5162
22302
6048
3343
168
11601
14113
21323
1264
6493
2726
9681
22812
4781
13163
17572
19284
18823
528
8541
10430
13421
11042
17137
11063
1760
7738
4356
23997
9534
23029
5277
14879
9853
919
19814
24588
21523
17032
1177
19523
21723
12631
17551
24944
5275
1850
14347
17824
7048
4745
24863
5199
7892
8766
6506
5
10642
13675
23082
14765
12344
9871
18362
8082
100
9131
24345
10905
15612
5327
20787
22518
2973
14036
12261
5381
24283
15322
9866
13663
2702
5675
22317
15704
14441
20076
24721
8954
5210
11183
24497
17507
17440
6754
10554
6693
23637
16976
24911
8516
14232
14109
18128
2224
9415
10247
327
8494
18946
9625
3305
13528
99
5293
15676
11821
2198
1513
19258
7509
23789
14519
15460
5049
11863
6248
18346
15272
17750
1027
15066
2775
1186
18257
20624
5968
15994
2782
18129
8198
3683
4169
18928
14106
16257
6323
20732
20097
24414
10781
17071
2201
941
16189
16607
702
8791
12739
4650
11882
11742
24742
2115
21267
15523
1696
16938
4297
1592
16963
9412
12276
10373
21274
22868
6213
24046
12471
3804
23419
10645
7715
3391
16109
16958
4277
22616
14934
15682
7317
17121
11403
12255
2591
11030
9183
6275
17187
19234
6083
24707
11806
14458
5036
11098
13826
2337
10714
9894
7445
12166
17846
10418
18668
13091
19350
8061
19986
21153
16439
507
23942
2109
17474
14674
21771
12934
1284
3715
6109
4557
10322
4893
22801
23496
24285
19490
20756
3479
12081
7352
10510
21045
5894
24373
11231
14224
4606
22867
1648
6533
19874
10420
7932
12545
21979
22885
14826
3136
11332
11206
16713
23000
11425
14385
2729
2134
16807
11057
61
5748
21852
16180
5785
13912
10674
20279
18976
1467
14045
19143
922
19965
6355
13641
6822
22392
13035
20699
1662
23525
23406
18859
18616
6318
16422
5793
3048
22326
11956
18971
4269
18765
23097
13899
24115
11252
24969
1313
17422
14163
10491
10511
23499
640
13644
8961
21174
21386
2787
353
24027
1587
12124
21133
22946
1279
13472
23103
21661
11318
16157
8883
10325
8550
18640
23815
22752
9474
16314
10557
20021
17994
6347
9814
3078
15776
8711
22748
6416
12798
17454
8598
20435
24995
9235
20015
1698
6890
2850
24173
5344
10522
15519
12605
18933
16030
3326
22810
13234
24727
14771
1935
1381
2258
14463
15883
2506
1912
13631
20484
7948
8272
8628
24426
20106
6501
12288
8953
24020
21175
9704
11678
13110
9219
20297
1320
5784
11432
17029
7376
11370
1497
7339
9836
97
11421
14205
9787
11903
6082
6806
8407
12263
2944
1511
202
1774
18330
8405
1767
3365
23232
10731
7566
16831
19306
3403
23386
16453
7649
24494
9506
18631
23849
16280
5054
21980
4412
17462
24575
10157
17003
23391
15972
7998
12614
7911
17208
10200
1540
4738
23800
21933
12215
22467
3964
20598
8055
1072
21147
20603
23770
12020
11615
6672
17149
20931
10989
8888
21527
6153
11171
13830
5255
14722
21797
7023
7475
17545
10875
2810
21365
4300
12041
1018
18500
13080
11263
20632
16019
13511
20036
10947
20411
11814
8922
4924
21845
1995
9782
13722
23236
20281
24194
3807
19447
11014
8906
1683
14309
11002
2297
19507
4691
14736
9399
14621
13192
10792
13513
4785
13626
21727
7791
8744
6274
14841
6615
2785
10523
10172
23986
16971
4384
2022
20104
19662
9494
271
1307
13485
7288
4274
10412
23958
22314
14650
24198
17977
13162
11398
18721
24397
9277
6586
12644
23027
20156
3490
5490
6638
11383
16717
602
2411
9466
24483
23832
10898
3252
9629
8229
17056
22432
12548
17074
8073
12070
24834
10370
7740
16093
5105
14595
15174
2805
10271
11340
4996
3719
15828
17320
8435
18007
21268
17107
22366
4107
24128
6335
15503
17773
11700
10900
17543
12249
9684
14814
5428
1125
6029
7928
9055
5111
9504
2667
23152
7450
21055
13285
24825
6007
10020
23571
2320
8904
12425
24496
3125
8390
6852
21693
1622
10470
24855
21540
11761
6526
667
1761
5790
20550
20442
17117
4737
7495
395
11791
16424
18316
23373
676
5031
13014
3861
19996
17697
14475
23721
10920
22157
18059
1905
9702
15375
19770
22189
6311
9842
10115
16520
3749
15541
14306
14992
489
23797
1105
6695
7599
2234
2067
2082
3929
12650
21565
2373
12399
13936
16653
8724
23573
15838
1416
875
9023
1559
7699
3189
17861
9863
15446
155
24974
21222
4487
10972
15154
2374
429
5814
15291
5557
13920
262
14727
14897
7802
22853
1234
12608
15702
15347
5922
20704
14868
21811
3194
22054
14469
9800
11883
21318
23932
11685
774
7458
22891
10825
10081
554
2324
15451
5074
5943
19078
6466
9242
11269
7914
6702
2755
11735
548
11800
19208
21943
11232
3151
14529
8794
15393
9030
24764
9955
23356
14372
16654
17667
15547
24613
4263
19420
294
1272
21180
13601
5611
16753
92
20488
18232
10238
17476
11579
23195
8039
19589
3570
9539
7844
19227
17765
24273
10228
6379
22586
7430
17340
816
18844
21899
15227
16761
12034
5698
21224
2299
3090
12574
18674
3183
7531
18060
825
10308
7818
10221
22159
19385
22046
3587
18717
23907
10959
8802
687
10089
1498
23757
4617
1525
11308
2011
18156
447
6155
15718
21752
10550
23303
10786
14040
2586
9471
18333
11430
2893
14798
5163
5087
19080
21991
11951
21280
11005
10770
8411
24601
7130
6423
5991
8278
16910
20554
15027
8205
10206
3541
1920
15050
11609
6654
19409
10035
7432
15968
11052
17734
13958
6137
11375
6664
5510
16258
15071
2971
10096
19320
16972
22215
14039
9682
11711
20779
8081
22904
8306
23865
4747
5838
7359
22271
11434
20717
10484
21898
8400
22827
19482
9254
23226
8554
1252
7460
6786
1873
18786
8579
14020
12077
24387
12572
22985
16009
7435
1176
18820
10994
3949
19695
13582
6965
4813
3957
23748
11369
14034
12524
14626
15218
18699
8217
20226
3910
11502
24874
1721
4265
2289
24915
12628
24773
23140
8625
77
23490
23736
8970
8247
20490
3484
8096
15899
4881
23723
17161
2279
21335
17113
6482
11636
858
23413
9095
22795
23567
22998
20349
4370
22169
19993
6925
11960
18008
12700
19897
7784
1337
20275
310
8713
4964
23885
14637
20901
12632
23670
20626
13956
20091
24516
22068
72
19443
2574
15436
18630
13724
6969
7610
20237
16204
17709
2017
7393
22621
4117
23554
4793
23761
4103
5654
4311
20436
21100
12402
23086
3549
6138
2512
15435
3618
9764
21745
23064
22936
24024
18331
1111
20566
19593
6081
21360
15853
13839
670
7690
2025
24026
15068
5206
17885
5217
12832
24990
2549
13875
24282
18543
1123
2926
6316
12989
3519
20597
10874
23076
5118
6651
2287
24641
20860
8209
8148
11970
11646
5956
5314
588
5185
10223
8154
17233
19815
18764
24195
12102
11933
20920
18175
16493
9973
2618
5513
17046
18874
19005
7676
3655
1671
9855
10449
1144
5919
4220
15136
7532
24689
22452
13974
3433
21357
6303
11778
7447
22512
7020
24334
3148
23240
8423
3767
10149
21090
22735
22417
20900
11444
19809
7412
24238
2609
17434
21513
867
5900
16513
10720
7771
11957
2896
12515
16939
11829
18693
12881
4120
13111
9811
13166
22878
16290
8006
15303
2300
4340
9987
10670
9092
5401
3236
5655
2978
12579
8475
19614
15560
11213
7052
21106
19019
4018
10893
3464
20045
11436
20853
17280
10952
20683
10765
19377
19685
14828
3891
13871
16704
20017
6031
3835
9525
18506
11556
4037
21295
12536
13929
19379
6589
9882
23565
20826
662
16213
24647
12493
21807
20473
7903
16268
14783
2089
9964
21636
15766
7938
8928
12286
19061
12083
1859
3498
3345
9083
18619
9057
5123
16393
17393
24894
10685
4108
2710
8605
15824
24001
19928
4399
24530
9967
13291
20334
15033
6982
16917
3993
19690
7370
5291
19847
23827
19125
10365
12284
10334
11967
7419
17902
15327
12714
11035
3991
16593
18457
14819
1679
24346
2550
16215
13605
15960
23190
5995
6050
13659
10036
15056
14194
18714
12383
1653
21588
11964
11506
21228
23382
20481
17246
3902
14684
23102
2751
21950
11361
20170
1851
10437
2070
17862
8617
10354
15513
6084
16804
12667
16609
8879
17391
24861
12463
7013
16148
18469
20892
7826
23949
22273
21023
7399
12550
9041
7160
384
7080
3973
20215
13008
1817
9862
6736
20236
13896
19090
10244
7894
2450
10958
4943
17662
18697
3384
24664
15571
22555
8721
2562
11935
13204
13492
20332
3426
5732
15791
3501
24068
18113
11924
9905
4494
24996
7132
14531
2935
19439
20261
13960
16827
18353
8022
11093
14697
14215
604
7584
17134
19655
22466
19282
24876
11399
19084
24981
22756
2000
16934
21674
24959
20010
19978
20465
8358
20503
22084
6337
19588
1216
20642
4407
17817
7368
22119
9892
2730
15368
5527
22334
21490
11773
24635
3821
5574
7379
21177
22572
15667
6440
3762
44
20992
16651
1891
24367
6985
23133
132
23116
19825
21017
9317
9091
10693
4661
17790
10752
12688
6004
17989
22134
8982
1867
21495
17744
12074
14417
23548
24465
5955
10028
3792
18455
4713
14117
21039
1078
7761
791
5806
15501
6509
14551
18927
16589
985
877
24661
15765
16285
13666
5827
18040
6872
2750
16944
11387
18936
5584
13507
23296
13242
18833
23061
17532
8215
2027
23585
5979
757
14976
12638
10051
10600
3269
13450
7504
21285
4660
16863
10376
12767
22838
9942
21573
5393
10867
19715
21773
2233
19926
16566
17957
17059
19475
6971
22737
18698
19813
15841
20439
10899
23155
21346
18276
17005
933
17028
3627
17688
6481
21434
15084
14298
4090
22000
13990
15837
16551
6241
313
4983
8678
8916
17485
11534
2429
11832
11580
7122
5082
18044
13843
13240
17421
5003
11594
13840
9595
15898
3510
3742
9038
10394
2989
7581
9589
16677
2884
21855
22556
12258
10012
21226
12821
1646
1096
17886
16563
17811
8214
6145
20972
4875
12337
259
1981
3611
15144
16099
7868
1677
12229
6443
11321
753
21907
22342
14667
5018
12662
8874
12769
19354
1295
17060
20723
24044
2329
17675
18661
2312
6594
5910
9454
10467
10594
13167
4390
24655
4901
3
11322
21449
5569
21989
15584
15052
24141
5893
1956
16868
1661
10033
9522
10671
1576
3445
795
14171
17443
912
20811
10932
8200
13281
4840
24147
23395
4888
6265
18723
21882
2358
20118
7033
15384
1843
10566
10217
8184
16932
16674
9729
7260
18296
23100
18556
23594
13152
20329
22425
24504
13623
243
19462
3485
9828
7351
15687
20607
20356
20392
8041
17766
4409
12965
17185
11079
3736
3632
18822
490
22280
18153
18769
9913
19210
17827
12615
94
23830
24479
8780
17938
758
17589
17266
7150
7972
240
4701
1949
7186
5707
20305
1068
4950
16622
8145
5639
24804
4517
17173
1973
5750
24769
24051
6892
857
22265
21603
4483
9470
14884
15465
330
16216
22942
10715
19010
15915
24417
14063
9449
18945
13303
5830
6144
18563
16610
23199
20669
3820
22206
17313
23084
17234
23790
4296
8161
11184
17197
9465
12165
965
7338
24826
20083
11188
14712
16510
18243
3837
23606
16273
23435
13858
4772
14937
3171
13041
4471
16177
8093
18
1243
7874
22294
17483
12376
7187
2500
15389
19201
10655
3072
355
17705
5705
2136
22971
7017
15024
16002
9172
5025
4513
11065
24710
14946
23276
10044
1114
8943
6032
20996
15726
18411
1192
9616
24585
23072
1145
5072
1930
17199
12245
8191
22464
9488
7295
18230
14875
4334
6706
13790
8797
20810
10880
12601
8262
22519
16928
10736
8375
6731
6426
3047
1258
4525
1465
3705
19899
13085
1728
5505
21570
16176
13482
17
7299
10438
14358
21662
22007
1431
2740
6937
12727
2914
10546
11674
8492
19966
8833
15339
12460
6928
18654
17951
2656
11995
1706
13106
14643
4698
13848
12776
19693
12129
8610
17542
24737
24317
9604
21833
22257
3580
15293
16840
15531
14279
13277
13876
24705
19147
19743
11447
5414
13996
19167
4992
10509
6383
19041
4385
4044
23016
15449
11197
20513
11846
21895
22227
405
22418
2759
3225
17511
20031
22779
6760
7695
1445
7019
16924
17216
5124
11001
10709
20712
17544
952
1015
6334
19218
5415
14389
9061
19630
19323
22420
10357
14151
15186
4100
15113
4322
16779
2107
8409
8404
530
11396
22815
8658
3830
23529
4945
19836
2814
9171
7977
12751
18155
24226
10710
21132
3246
5419
2920
20556
861
11696
24089
18667
10073
10462
24040
24714
15280
5555
16990
4175
11799
23244
12287
3424
18343
6498
2226
16746
18850
8749
12755
7480
21221
4379
1923
17463
16111
13505
18503
20948
5728
1005
20188
6453
8704
4174
10041
17512
15549
19720
18247
14169
7966
5765
19170
23771
23307
12265
2106
24083
7798
21181
5431
7956
3860
24868
8063
18706
16645
19229
6190
4314
19303
9187
4490
8495
6784
13590
17627
21271
21164
7970
5512
5247
12326
22052
10743
13653
5239
6981
13493
12022
18905
15105
13615
10040
558
24957
16028
9809
1351
8297
17449
15439
18241
624
11355
5084
13679
23844
12777
15494
15631
20926
16235
15220
12851
10464
10980
23502
11619
20037
20006
6326
20324
12916
339
11267
8800
22216
1206
10611
631
15248
2859
11433
5801
14703
21334
812
17877
443
1895
5300
3968
6827
7655
3488
24405
4059
17908
3392
15594
9781
22210
24779
19478
19780
74
11479
21900
2533
6932
531
338
2602
24752
19150
12501
7109
14681
13239
5726
8672
690
16141
20559
19531
7877
23350
7685
17736
23443
20138
23528
17142
6799
183
13165
7155
21941
9509
646
3678
1709
7266
8789
7022
15650
6967
18636
23249
13580
10340
12887
20019
15954
17780
5644
15662
13835
11629
6913
15814
7782
16878
1266
1961
5329
14726
14624
15684
4191
15233
11349
5673
12411
19756
4838
3880
17286
1636
8396
11525
10876
3703
6918
24142
21738
9206
4006
6094
334
7717
47
4861
11670
2133
9335
16135
8045
11626
3457
6555
7823
2970
5936
1316
16816
14883
16735
13691
21798
22682
8415
11972
2421
12068
13056
8370
3416
1612
24930
15077
2485
5454
545
9864
13357
13752
19925
24330
23561
11519
9124
6835
486
19513
14462
22969
15794
3809
587
23590
197
23627
7634
23808
16598
19228
5451
21714
11578
107
10106
15672
7000
1227
11316
17077
17112
1936
2367
3878
20646
5000
5672
16137
11411
22923
20489
1446
6461
20312
14956
23124
20614
2078
11335
13550
4253
14573
16909
15411
19464
17012
20932
14312
14160
21516
5114
23587
13020
14368
7029
24057
13948
13309
17037
8401
3564
17445
11182
6689
17314
7863
10998
4995
20152
18481
656
10291
21634
23975
18323
15877
6505
5504
22557
18017
7045
9195
10300
7846
18451
11329
12874
19261
14954
19625
5848
22140
17065
4231
24651
11919
2892
11522
8564
1615
16443
20144
4922
20086
13457
17630
12412
19916
1323
10793
9740
16405
13668
276
11857
18493
3987
1641
10827
10821
22687
4692
13897
7947
1749
1948
9411
7373
4469
1726
9176
17737
9042
18166
16899
19209
11858
14363
21966
14640
23806
17388
23785
17223
21982
19390
19246
22348
10419
7535
18805
8131
20954
14400
1705
16373
24722
4816
11968
12198
17569
9623
19923
5567
22709
15143
23508
20393
729
18124
4201
8291
22344
20742
2214
19037
8799
1356
3524
24217
20912
8394
18829
15092
12145
3981
9527
5485
20150
12825
2993
8456
5638
21964
13326
24765
22230
22402
21560
5029
18747
787
11485
17455
2244
24858
16367
2535
6414
1976
2573
19182
2436
5364
8552
854
7012
2813
13015
2239
4795
11762
21301
23128
4010
13447
13360
18652
9146
9086
16613
15901
13278
3307
8049
19548
12194
3447
9069
11097
20506
21532
10429
11683
23618
329
14968
19295
15615
17870
22901
10829
6261
6972
20029
22626
2039
6997
5617
15390
24749
22437
1800
3431
5331
4427
23715
8363
1720
12498
13862
9665
1300
24121
4240
1717
16143
24797
13024
7671
22563
15935
562
18504
13476
24819
8356
24167
11818
12142
12200
1016
4908
6614
19190
278
21832
9507
23126
21040
5302
5079
11889
23671
2015
15082
7437
19760
20568
9547
2925
1913
20038
5700
14134
9025
8483
2607
5069
16209
13654
8395
22938
7594
16850
17353
3169
18917
12085
11389
6887
11270
12749
20738
19927
9602
2983
13575
17243
3723
5604
4786
21815
22732
15437
11012
10267
3487
6816
2640
24327
15324
21131
23625
23451
17601
17079
9227
20957
22806
12053
4042
12136
5975
10774
17405
8112
10771
5013
23632
12361
5469
12387
20921
15950
5272
17867
7001
21685
15273
20923
7348
6195
22232
10152
7028
13878
19414
11514
15314
21836
9275
7673
20318
19892
674
24446
14862
6038
23182
22383
18963
7904
3935
10652
11546
5656
11679
6243
11124
24039
13053
9657
15573
18302
9512
14821
10455
7440
4978
9327
230
4725
14193
7929
8687
19772
14920
24266
5917
21064
19783
3771
9541
8831
23433
4455
3688
16984
5666
16685
4674
24333
11822
13005
4118
12150
6290
5902
17904
17791
2075
21077
11040
24597
11397
4363
24411
20468
22559
21354
23934
14652
736
4787
22239
5980
18882
21060
3143
1028
1450
7192
17488
4270
33
19256
9239
10997
18906
10424
15518
22962
14853
7693
9632
14723
16936
12581
7478
1103
4708
13383
12960
7189
24602
12952
19180
20615
20876
8226
8589
7324
3489
2294
618
9065
22048
1303
21359
9519
7597
20088
14908
14196
3437
13117
2704
3905
11107
13625
19370
15767
12384
5591
1480
23090
17975
9369
21255
7723
15850
15126
20009
14176
11067
6960
13078
15614
14691
6905
12482
16282
2461
11595
2331
2030
7555
8310
12985
12486
1150
2212
3665
8169
12455
7270
3591
12153
6776
15118
19097
613
6606
7666
3544
3324
13693
23148
22558
788
7010
13364
293
18709
3140
21166
1735
13279
7238
6043
7091
4460
7946
835
10901
6867
8978
24537
10478
22496
12708
2263
19894
2086
23461
21470
14638
21289
22497
13331
2941
20166
1773
6605
1277
6385
17592
23437
12794
5529
17055
8463
17496
22957
23563
4271
6129
4405
8228
21743
10614
10564
15058
16130
10147
9243
9180
18650
2840
15556
19931
22931
6062
12289
20117
20493
5554
13398
891
5159
14206
7821
17135
3986
14139
22576
8994
18704
9495
17537
16140
24
17579
13287
