23523
19071
16035
2620
9823
22297
5444
23911
20264
17167
3023
13372
2872
16597
18308
19285
13511
11234
2671
5584
951
10536
2650
20689
1193
22052
23223
17834
11293
17281
2095
18182
5844
6177
130
14243
10786
4723
12591
21385
2405
5740
11946
8062
16392
11845
10139
21749
22901
16456
8151
1527
9022
17098
24543
6971
6100
4047
18602
5139
872
23199
15810
19172
22731
16693
8249
20098
8431
14697
11752
14569
11636
15362
20900
17174
8430
4472
9964
21615
23729
16922
11432
982
8160
11511
9275
4943
21978
17665
543
4203
24479
21312
15857
3608
12541
21140
14667
8818
4713
22760
5847
20090
5105
6029
12940
20259
5639
761
13445
12380
14020
17946
13905
16259
14773
15769
10224
2301
23781
18923
15559
23035
21222
3221
3247
8473
91
5603
6064
16865
23139
18058
24549
22118
17703
24381
14255
23967
8717
8330
9863
879
11011
8296
996
21259
4844
24616
18249
20058
15554
8058
21380
3239
2702
17797
5553
13771
12420
3828
19360
21707
5953
5250
17405
24037
9741
9351
10239
14233
11869
1073
22686
14728
11056
3909
1479
8537
4783
24165
6657
22648
10607
10077
15618
7150
20261
23555
21844
3720
5979
7107
11493
1544
24457
18765
11913
15448
24180
4787
5372
5884
18477
3951
21368
13052
8042
22451
18694
340
7337
7092
6080
7566
17750
14006
23175
17827
24036
19260
20334
6740
9213
3374
21448
22572
9293
8084
21345
5878
17240
2079
19920
9578
16658
15262
14478
9514
17920
1787
17930
12197
21108
5982
7426
4344
4135
21843
22966
9421
16819
7110
9973
5561
19065
22076
7740
6724
15416
9903
10114
8807
21405
19097
4492
23970
13224
8172
2971
24362
15035
12497
11428
21097
2503
842
12319
11527
17825
7453
4989
21260
12544
3593
12854
273
2337
5601
11252
11174
20871
1038
16833
10808
20598
17661
24080
11453
20943
13160
22527
15398
24522
3380
4190
9913
19488
21835
18582
24213
1712
22256
10948
21288
13382
18035
21207
24930
16731
13353
22549
17612
1644
17475
17192
9248
2538
13256
20150
3137
21600
23059
14809
19192
6123
14662
14640
21397
5483
21570
12873
16283
4485
18081
8604
5631
13961
23497
19149
11937
22258
18804
20680
9187
23153
11487
17119
19131
4811
4320
21366
24668
16423
6501
8647
15838
1699
19742
14449
12945
5814
18693
9252
13326
2365
17170
126
24347
18402
3872
20351
9909
23281
12917
21794
10327
3133
1486
20311
4907
4588
14772
403
22766
14156
494
14617
8191
18897
11799
8682
2127
6508
1279
16084
2122
22831
11179
10050
10959
3443
6317
9245
20051
14230
17071
11345
8758
14659
4354
14340
24202
8124
22124
3782
8767
14984
23539
19878
18273
7477
8782
2965
21356
220
11820
17425
22200
2033
15931
15458
9454
21319
10657
23346
11052
18263
24392
17911
15082
7701
3644
21801
8941
3808
1658
15516
13150
4692
21333
3663
16894
2679
23183
14480
936
4406
20109
15357
4417
18627
21284
424
17980
308
11936
18603
13463
11183
16650
12183
1565
22724
15042
23357
17595
7367
12409
11808
17381
20839
6957
20038
17048
21200
10284
18033
4846
11016
6899
2103
8144
2722
1504
11320
20042
13269
20863
24574
24538
9556
19992
18341
13944
21056
1588
21310
20822
7262
13975
19047
19418
5805
10688
1640
20783
7499
17830
16415
14212
10924
14508
18187
3076
11313
5649
5064
21630
13908
2244
11137
15604
22075
14374
11429
16
21018
4946
21070
2549
19261
18917
12542
684
4264
11915
18873
13987
10643
20820
1068
6496
22356
6704
871
1775
18017
8387
1773
22755
8590
1235
13654
18885
15966
22649
20570
18957
2022
20596
24430
10066
20420
19747
4966
6622
7663
15580
17476
21935
23849
9397
5912
2442
6122
16282
18547
6625
8048
963
12153
1437
7500
2015
10658
6661
16664
14980
7781
11200
5368
17250
6351
10873
11502
4623
3166
23949
2467
16875
14964
23827
17028
442
9631
14072
14097
23141
4985
10690
18065
24612
20305
13624
14760
10116
3436
3647
6281
17823
11982
6309
3535
9466
15484
19151
6204
7323
2092
3871
6673
14271
15206
22956
14570
11866
20275
21579
10791
13226
11853
5714
15628
3784
8099
3404
15794
22922
11603
13590
22876
5771
5651
16867
19473
12930
9656
5212
18904
16280
22044
9880
11719
5168
7297
24272
15614
4992
5326
17966
14704
20573
2806
14751
6435
16307
20654
13275
15420
18587
13480
10364
13268
16480
213
772
11708
19344
4919
323
12433
3848
8553
10155
19670
3184
19728
3317
1558
9685
4368
12358
7529
10840
1859
18770
18353
15037
9101
21122
17786
10572
7070
7433
5664
12251
19266
13932
10693
2360
23903
15437
24469
21667
16681
18338
619
5513
4706
6462
19974
753
23151
10101
12577
17508
8320
16318
7440
14433
24065
14443
19170
21943
24728
678
22803
16772
11571
10842
16328
24376
6728
20568
12897
19587
13758
21076
8386
5920
270
8594
7743
11606
21980
23120
18951
22085
19891
13090
9071
17960
13882
1675
22935
16130
777
13182
6791
3795
17699
2185
15034
23554
13157
22523
14331
18839
10067
23462
4671
2879
13342
24147
4086
17176
14891
18164
10968
19997
9488
11154
7738
22949
3973
9796
10122
255
19152
12403
579
12890
15339
14972
19436
23439
21351
8949
24395
12861
22846
20941
7498
22385
17185
15624
14774
11610
2956
2929
10259
12933
14264
23703
16472
15508
13169
480
1321
10245
9265
5307
9908
5871
24955
17957
22487
21483
274
3052
11675
8802
24237
3507
3174
7395
23538
21169
17759
1850
17802
24586
3178
654
7724
14182
16923
10412
16657
13028
17270
24150
948
10892
15884
9291
22597
4083
21213
4684
13718
5894
10109
5398
6263
19849
18720
6528
7116
17875
5107
15430
23486
11360
4845
21897
7616
4454
21673
15630
1973
14021
16915
6656
8603
11390
15334
11506
4931
22036
16359
18166
8358
63
17583
19106
16500
5838
3302
178
8736
16094
9443
2257
16273
4914
9951
15239
22206
12488
8190
10763
15553
21219
327
18039
14069
14306
22657
18567
22328
21906
5679
14692
17756
4905
16917
5491
4904
13014
16551
24352
15352
1101
6888
7125
22084
20355
12556
9877
20736
644
17714
9242
12928
16449
3310
21500
12579
16628
23098
24104
4494
20610
10293
13421
9772
20445
1950
12312
13707
10084
8550
24382
22811
10355
18412
6192
299
18299
6861
4466
5644
7731
2894
22510
21009
17511
15475
16451
12687
23869
17486
812
796
20561
16395
1183
22826
6626
17995
16329
9053
6918
6991
20858
17355
17635
22208
24595
2433
1107
13928
14787
23929
4913
802
12467
5596
19689
5856
24760
20666
23697
14985
19679
11298
17819
16482
22644
8873
7999
17708
12656
10907
18006
13066
2822
5647
3672
7901
18801
15438
11510
3528
23235
7980
24957
11133
19387
2576
13263
11421
1778
22340
13909
23771
16319
22963
19998
3730
8760
19627
11926
21683
14529
8063
219
11774
24873
8858
18815
10753
21793
12626
10035
8662
4090
5869
22877
8523
24842
14793
22380
15963
20842
10711
1977
2387
22925
1076
8602
7485
8623
8274
6518
6189
16939
12604
6659
23508
21311
21706
22703
18125
16334
3989
10691
15271
24959
3926
14888
16364
1388
20112
9777
15742
16414
5943
18010
1999
23288
23415
9799
7808
8016
10992
23061
1126
17795
9959
6919
14414
22308
2071
6707
10590
11456
7944
7694
9850
23965
22864
5193
15290
23725
24291
15789
5449
7570
16436
8657
6624
4737
9194
13417
18363
24608
1855
16774
24620
875
21301
5527
24305
14831
13440
17919
3105
18283
22652
4426
13426
19301
15748
16159
6148
23230
21563
10014
24345
6820
11396
11203
444
16958
20222
10890
11240
24105
23574
2747
23453
6733
24091
16874
8875
11805
13355
6032
10677
8303
17762
9974
8834
19828
11909
9949
23161
16730
19657
2645
14713
1296
7971
22894
12664
710
11020
3725
12460
16220
483
21866
17572
7243
19864
4752
21166
14790
10223
21512
11529
783
16619
23360
3362
3187
5863
17379
2466
4740
17070
3155
1463
19833
22753
9482
3312
2785
21052
5988
22879
14362
19548
2325
2539
4607
7666
3271
13711
2160
18364
10108
19704
22217
12934
10046
10488
14116
7921
797
22231
16709
4425
8349
6526
20336
23202
3921
12793
16800
11371
19457
22991
20059
23549
1739
8382
4446
12855
1530
21336
5187
15637
2322
84
3432
11726
15697
7827
265
15126
19393
23550
18494
10527
9393
11800
18129
114
21371
10738
15392
15351
15081
7798
3168
4852
1509
23128
11054
7589
20350
24412
10508
10209
16116
1758
12130
10914
10012
3948
478
13646
19037
11518
21506
16817
22402
2992
4508
17178
22394
1408
14118
15264
23338
8696
20816
9357
21136
1971
6398
7643
6243
13787
23510
20549
19736
2728
9479
2532
18670
13995
16766
4839
7635
12601
7462
16825
9856
2094
24939
7139
7386
21255
19039
23315
13309
11124
9159
16888
21016
11326
24982
4421
4619
19973
7993
23758
14799
20558
3283
19093
24880
7301
15738
10666
14934
5134
10814
16011
14911
2102
10724
22447
18383
22880
11122
5269
11373
22845
5545
18151
21160
11543
22098
5422
8392
14603
14893
24185
8057
21907
16012
18197
8900
21730
3038
9645
24318
1405
7251
15626
24003
7202
5231
14485
14341
8442
5860
10298
3364
2407
15607
15326
17444
10746
10060
5626
2637
5291
10703
2533
15401
18629
19936
18845
5888
21492
18248
9269
23478
12129
5885
2696
9581
17009
10709
11129
1938
17226
4525
19989
14645
7030
22338
23409
20385
13392
10604
7631
20086
15032
24360
6083
23622
17764
20539
6239
3022
10861
8867
7584
9712
2444
2451
1449
20406
13764
19043
14994
20604
1944
10024
10998
3
6653
759
16843
3881
13603
18621
7022
14740
4585
23589
19363
9725
125
15743
20210
15698
9657
22093
23218
5756
10874
12869
328
18596
11446
7315
19208
3136
3512
10243
7029
9504
22752
15146
5074
6385
4101
16795
8546
15067
5778
15130
1155
15319
2667
14743
23670
13878
15100
9138
6826
6842
22965
23987
21838
19553
16341
16510
1396
15026
16268
10397
14894
12758
23329
2600
15999
8674
6306
5898
5801
15890
22504
1630
9429
773
24813
11580
4400
18093
11736
9209
5332
16767
2523
2874
7362
9276
10971
17927
24585
6169
6396
3100
16379
3722
2012
13185
20391
23207
13092
127
4030
18702
388
12888
5956
2212
12761
4686
22321
3425
11742
14619
21335
5195
10394
12014
666
9612
17061
11522
11256
17225
5534
19343
23858
20687
16370
17720
4517
19893
23902
17035
7511
21764
14397
9399
6952
13065
4933
13137
11528
6643
11964
14432
7803
11074
2411
18180
16434
5306
20722
19441
19727
12195
9129
12996
14615
3449
15473
13835
20455
22746
20452
15386
2588
15567
14466
22114
15770
19419
578
8521
20813
17371
4339
11478
21285
7852
8704
2096
21030
825
21334
15121
16853
7450
17283
8944
13116
7807
1661
16603
10138
13917
22599
2307
16943
4120
8819
5025
18825
22844
2056
6161
2951
3683
1726
11770
2827
12572
23150
1381
16118
11828
19789
19392
8235
1444
21455
22681
21598
14370
12010
15725
719
23255
20752
16038
12858
18352
7881
369
9668
2111
14321
13527
462
4908
16010
1426
20087
11706
18167
6898
23582
21654
16309
19537
3135
14040
14100
12144
21816
19871
21439
22795
20168
5226
4226
13183
6867
3788
4372
1065
22323
8605
3724
7004
16342
9535
14287
385
16689
5941
10309
12402
5562
21747
19396
22998
21144
18404
8060
4156
23089
13208
10503
11427
17012
16627
23289
17248
12551
18222
6859
3469
21446
10323
6332
17468
6909
23701
14130
21740
18863
10509
14568
6426
14795
9333
17909
3452
8498
21084
17674
8257
15638
8202
18705
20563
3483
691
16611
204
17086
97
13167
1318
1824
15016
2042
5097
12635
14581
3002
6834
21973
13099
14044
10411
22567
15400
9652
11127
6477
18089
16834
24853
18185
8469
813
11483
5909
21954
16735
6936
14232
5317
9490
3004
3853
4753
9116
15476
15422
12383
13199
10390
5175
5335
14120
11139
14698
881
20103
21989
18453
15651
23899
16209
18297
5672
18186
19080
3402
9485
18029
16234
3958
8668
11411
13678
12607
3245
18723
9904
6753
22532
9986
11817
17427
1143
9288
4941
21489
6172
20352
14525
2558
24474
23049
18452
4022
18354
2203
19582
23571
3774
7936
4983
1112
16672
5240
6350
14293
520
2086
7491
8369
16276
15901
679
12811
2930
19858
257
18470
23568
7205
13755
449
3237
6084
3798
20274
23842
19520
5348
17840
15812
19967
703
1249
2680
17479
16326
14229
2373
20105
6836
19246
17689
23960
17129
16185
21291
4773
19051
6196
8373
22807
4371
4495
9448
1281
14573
18078
4537
15552
288
12845
19644
16520
12511
7101
11444
12346
21031
16845
14289
23296
7682
10611
24527
14262
23975
11908
10062
15763
22033
21325
7766
17050
20991
12712
14835
14811
23082
1759
6805
17803
23598
1267
3555
8942
8214
11550
8109
6358
14039
5431
10219
5686
19382
11238
18861
267
22307
5857
12608
10620
4995
16347
12750
10591
1937
15544
15784
18459
24978
1725
4130
7290
19754
11986
22309
2371
9031
19716
467
14794
12123
19741
12860
16640
16674
5722
19954
5040
7546
2328
6015
18500
16903
1225
10819
7483
10357
3067
19458
9884
3368
12833
1466
4259
540
13978
9954
4856
24924
1077
17340
16312
5135
3804
9641
19815
9353
17209
20180
23233
23841
12958
792
23982
22143
1635
2461
5654
18127
14389
9304
1338
10930
15177
11331
19623
14347
7789
21587
18419
8809
6720
19535
23737
13775
16550
24862
8262
18576
19850
6222
3974
2018
23314
22824
4267
22255
13188
17262
22902
5411
8230
11055
12332
14279
3272
7197
10467
11101
12333
21069
16405
16506
18150
14707
11639
6479
6288
9849
5493
9549
17490
16711
15568
9386
2949
24921
9948
14830
15306
24327
23922
1169
6942
17535
17106
8033
21171
19706
15196
23229
10271
19580
20436
5205
1243
23974
11038
7160
5921
1919
7723
519
2639
5565
21294
3403
22470
14217
6734
22798
22375
17353
4661
18937
16136
15952
15297
11607
9066
5851
18818
14770
7661
14759
23780
16196
18819
3363
15198
24093
14315
23898
24935
15691
6862
16886
15583
24230
9684
22313
15657
1482
821
6730
12770
13840
14515
6101
5547
24707
14124
22315
10619
4698
21344
14155
17347
8769
9789
19881
13721
24417
7825
2013
16861
8891
8683
11485
11513
2295
19485
21462
21430
21146
3955
22612
12976
21967
2455
15493
19474
13731
3745
9
10008
18971
498
10006
17600
2498
1471
23058
2048
18161
23717
1499
23276
21469
17727
19449
11441
3659
8357
2888
15328
194
8721
23803
7466
9327
10872
8716
3343
21039
18460
4364
5056
4414
17986
2927
468
12752
14422
13435
21748
24905
4125
11972
23122
6099
24961
4918
8850
4651
7127
20913
3641
2907
6238
55
10093
8444
18203
19823
13237
13086
39
767
16311
2112
5500
21313
16989
13735
9918
23882
23463
3569
3103
16205
19463
21743
17314
13648
14936
22049
12069
7754
4145
2016
18541
14613
18240
5013
20594
338
20648
1592
24413
943
4504
23764
1710
10712
7
15799
6688
20520
7357
2824
7802
10248
2010
14291
10018
3905
4434
142
18016
2057
15719
23410
16308
24948
6053
6471
21663
1660
977
15507
9172
10811
885
24490
11438
24944
20125
12816
2954
14275
2593
6495
2753
12421
13649
13958
20536
6324
18828
5908
8287
18043
18373
24087
10166
11249
864
1889
16264
1026
5494
21033
19687
11996
15731
4432
14083
15584
16757
10096
21701
3504
8869
9317
8115
16013
2605
17055
23459
15468
14038
23726
23740
17683
3806
12990
24557
14056
16613
9366
5653
4268
13194
9164
12254
6690
14113
20891
4187
8383
18544
12219
17083
18485
12125
6651
23166
10758
10022
3047
20510
16809
8165
24143
8217
12557
2591
22232
9483
11596
14329
1198
985
14366
15892
12401
1987
1901
23361
5779
1842
2972
15163
21306
15376
21134
6272
19168
12968
3198
15330
6912
5891
24796
9817
12026
23211
24045
18787
17766
14913
12391
7983
16906
1128
18974
7952
7642
20231
13307
15227
21192
2299
13311
11118
18224
9100
11375
9131
17171
15616
18593
10616
18919
20092
11035
3240
10071
13569
10353
22253
8841
8700
17462
13292
16608
6051
20993
10653
10081
20679
17277
4254
8890
3865
22636
17772
10632
2457
15127
19825
21997
9771
21718
8298
4802
2984
17619
4910
12981
3262
6186
2634
11273
21059
4159
894
23642
3821
11855
19103
21302
17761
13950
7219
23621
1510
13443
13763
15440
8486
22130
8125
16849
13653
9460
19169
8003
18609
13969
16212
24099
1465
21370
2953
585
7163
11295
11584
15235
18713
15471
18507
1440
12617
22275
22783
15368
8551
19817
12796
6343
7442
21691
14641
21733
23473
8213
14612
17407
1717
11551
22437
10640
17715
24594
1362
13887
7278
2900
22421
18342
22080
8924
9901
14425
9595
14270
7847
19012
14818
13616
8591
187
29
3611
13867
3500
11297
6262
13460
13730
2640
19636
19991
18623
22751
13904
14408
22278
19440
14720
23524
1836
16985
4384
21115
18950
22749
631
1861
20381
20987
20242
24488
18566
14121
19877
20356
24372
20872
6400
13196
6045
4990
15663
20544
4994
22553
7838
5784
24547
4265
18918
20167
15985
13155
24187
2648
6375
570
8738
19100
20290
11019
17900
3565
21552
22296
1476
2229
13611
24663
3919
16929
20748
15739
10683
15581
17690
7501
13772
12521
8308
15531
13214
13261
15599
1015
13000
334
21852
6431
9068
24439
4291
8378
16484
6692
1668
12733
2417
24173
18123
10922
21053
24240
24537
15619
20363
12678
4665
3771
20784
20569
7414
11876
18243
2721
8725
20343
14565
22359
5790
20723
3325
12710
16746
374
9719
20767
7283
2999
4258
732
17895
24847
15883
21681
14460
1259
6031
12735
2269
15236
23290
781
18546
900
6474
16514
3059
14102
23653
21952
1469
157
21066
9041
22759
20344
17971
7588
1185
9953
6882
12274
4066
8131
11873
8263
1030
10490
12376
6069
4560
16120
22252
14857
5475
2441
17959
5910
1071
0
17745
19032
7460
19676
23367
4428
15469
9604
2528
14523
2937
18673
16988
22213
18138
19067
7987
1163
22257
19855
713
3864
17077
2008
11152
16167
3288
11631
19895
17627
20460
5870
23108
24471
5282
24121
20904
21077
10564
21238
18990
13017
2273
17245
16521
18551
19787
23009
16725
10375
16996
1980
17072
20012
18030
16801
5577
7897
10781
9762
24714
17664
18512
8415
3710
19933
22580
17452
6384
472
10931
12270
7308
21640
6067
23807
15350
6078
5695
6631
8013
24851
15223
17553
13227
3617
19027
6539
8791
20575
23944
15211
20177
15193
18987
18247
7279
10070
19008
12286
15696
19030
11372
7173
20176
22863
3669
1411
1968
1810
19330
4191
8783
20315
20868
8140
14037
13742
11310
21433
12592
16260
13190
2526
19847
4279
9319
16316
24521
13870
5832
7027
1359
19508
3643
20886
23429
3461
18643
22832
3633
2416
19826
1993
12198
16978
2904
5283
5983
7334
7364
21379
17384
5302
383
21645
12738
20080
19955
1960
13399
3949
15555
10563
19677
17003
20873
7140
7438
11175
22494
20230
5237
16600
24370
19157
17968
6995
11949
5032
10756
16690
10119
780
19761
12889
6175
21867
2810
2572
6188
1754
22268
3498
24687
3684
16338
5090
12291
19949
23165
13296
17591
13186
3755
20430
15249
17680
16412
22967
17006
10351
3525
6114
12785
1386
6138
469
18656
262
15061
8314
8457
9906
1097
10186
12059
20701
19674
14988
17115
5955
4171
24577
10797
16716
8399
2161
4084
8530
1629
14355
647
14054
2296
20883
15992
2867
20070
13370
22905
23830
2828
20183
12230
13171
1286
14584
2484
12499
19966
4507
2658
4398
7221
24019
4620
14880
24874
8690
24398
17202
23371
23403
18724
11329
8785
23446
1454
6983
11267
14492
23609
4757
8446
14276
24141
4897
5590
4511
16884
6797
13272
16652
16636
95
5356
12971
12862
24556
20014
240
7746
23945
4512
5286
13502
3489
7801
2026
19438
23532
12799
20507
13195
3273
8709
15052
14853
20696
296
24572
18766
1255
8395
8276
20032
19791
13093
12956
18422
2985
7210
11385
17499
8037
8417
3585
20193
4052
8906
14922
12588
16699
10651
16565
8491
14505
4781
15703
6782
8482
15161
12623
3668
3419
9274
14587
7927
582
10578
11333
18871
7461
2141
10344
18516
14992
19287
7043
20130
1852
14682
8828
6684
14976
19220
10445
5276
5563
13676
12462
24369
5455
10953
18535
24241
13712
6922
22094
4413
3575
2060
10321
4390
6743
9462
18427
22342
5142
12216
23724
2339
11270
22679
18965
11837
4702
14546
14887
9593
7448
16086
13526
7021
2644
8074
7828
6493
9214
6420
15767
12673
8965
3087
21089
12476
15005
231
21247
20644
3916
24545
1535
11921
17111
458
24654
2124
8719
10748
13722
18888
542
20384
16701
6889
818
12553
15447
3655
5950
17437
14419
9696
19386
16637
1748
11871
1745
3289
10830
15573
11897
17334
9114
250
19489
1692
7655
7617
22414
23886
9494
9073
24649
20421
13864
20794
14076
14070
6727
2082
13760
8925
18778
23282
12340
18206
13585
2237
3208
2359
6577
11495
9027
23010
10057
21987
10433
10367
24990
22127
23961
18639
9553
11182
8175
16552
412
13198
6047
21147
15110
9231
3613
16756
2452
20704
3341
8912
5699
5810
24078
5341
23711
17014
2504
14186
24234
13338
4162
20725
8892
15321
4068
702
7056
3346
20584
21279
1148
14490
2157
12296
16707
1514
2652
6344
1682
19810
8336
16618
10648
6985
24006
18416
8243
5819
7982
15622
11408
1693
5665
24470
148
13303
12614
790
4233
5014
11364
22168
11214
15033
15910
17647
19102
7914
4074
17420
14409
15051
10790
10317
2496
14657
19358
3501
16096
382
23759
8950
23216
23423
10523
20233
19272
24696
19555
1369
14789
6775
12140
23934
10028
6215
6573
165
2262
16768
15123
2662
15942
13563
23414
22160
14599
7560
10639
8459
24358
12630
7985
4629
13490
9663
10761
13953
16970
18700
12048
1677
24297
15664
20930
10533
2773
2836
17370
9642
9401
15250
4282
19278
5586
8952
24678
5481
4314
20386
7133
22529
20881
14623
14488
22142
19628
13629
21703
21267
15185
5544
16300
11063
19424
10783
7038
22365
8220
19049
24475
1157
14732
2191
1719
12355
13284
6318
1079
8374
1285
22687
2243
9938
3981
7046
8567
8053
11707
7183
8093
20685
15899
19854
5201
8203
23675
10402
15911
23984
8496
20702
19038
21372
3075
339
19444
12825
14571
7648
12568
2941
15135
23663
10701
8126
7572
692
16936
9542
6915
5136
1639
2343
3970
1992
9435
22330
13391
19995
9162
6717
13016
17781
12416
2804
12688
7464
11021
4635
20050
24703
8211
3228
16857
13880
8742
22814
297
24695
8748
13537
18473
6792
6004
16718
24757
11302
22349
9084
18482
2621
8839
1407
5997
13025
20393
14361
8180
8412
16173
6738
17186
1844
3204
18046
14875
19447
8751
22702
21190
5111
8624
17521
4890
997
14808
18428
20220
9661
2377
23952
8572
6290
11705
13505
7384
7072
4756
12707
5834
3965
22251
18407
14215
20712
3438
6200
15453
1811
11819
10680
660
16733
23332
18816
13498
14265
15305
13518
10300
2672
18513
9158
22417
8497
13644
9074
22379
1492
3275
3085
3851
23691
5773
24864
3151
718
14494
15517
10881
19359
16869
20708
22056
18356
23798
15023
20578
15903
2685
9222
1270
11973
12532
8691
20464
9344
15174
7565
13112
16384
118
1864
23136
9681
13671
22913
15813
18088
24875
13580
8574
19547
16581
11721
2403
421
4516
14833
16416
13838
7779
8080
1487
12297
15173
8317
8019
19480
23323
1713
22293
10172
17798
19500
10773
15077
9528
19504
23682
829
17516
21656
4814
16190
20001
10512
12306
20613
13430
5471
4308
7138
21807
1346
22003
8429
4823
2849
11383
10743
17483
18555
7304
15255
6972
21245
6605
9290
7505
9202
9493
6831
23330
21810
7098
4221
93
6098
24397
12138
16740
3867
9754
8414
14725
3891
3595
16269
9122
9001
19783
19335
23706
2327
17388
3177
4154
24833
19003
22790
4958
5734
4036
17315
15975
10
6853
5445
18386
72
8598
15716
23117
16737
2366
6312
14610
5309
15556
19056
10444
6731
688
721
13520
15182
6818
18754
23155
13911
23919
13704
11757
5355
21509
22865
14993
8445
9554
9375
22070
21842
2796
15534
18329
9655
2258
21478
20743
17704
17788
7229
17390
11688
9217
15741
5323
16503
9021
15116
9869
2665
3628
2410
16722
15454
17952
9125
12999
19912
10821
11980
6464
2391
4615
16496
10015
10705
21321
21825
9501
20486
11566
5452
8786
5434
914
1815
24400
18268
11282
20681
3167
22866
3904
20304
13344
18849
15791
7840
5613
5007
12031
11010
4815
2091
15228
12064
3159
17464
606
8051
8713
17602
10123
4556
16490
23688
13659
20294
4673
14966
17985
5083
10103
5228
1473
13966
10229
21208
19506
7602
14873
6500
24617
18194
19277
9253
24513
604
20245
6458
14165
6639
15951
6275
16763
21152
22678
17814
19105
1562
23790
21178
7178
20026
17101
8981
17059
13529
7649
3837
2274
17853
16963
15020
15595
5115
2382
2590
8655
21834
11969
4779
4262
7155
24363
18913
17198
23928
19201
14160
4858
3509
24429
21419
13143
6340
10876
11370
23144
23778
20077
18996
6155
24089
5702
21666
11212
5365
24403
24267
1611
7417
1364
1230
22758
13637
18501
21565
18864
7764
17146
7218
14059
6896
21292
13925
22608
17906
22456
4803
7175
18739
24467
12977
11614
1162
711
6828
10713
13047
10192
19916
7957
6760
24541
19469
24336
18641
4220
16486
3433
19153
18622
15864
3218
13808
10866
10032
12397
5503
6645
3434
11367
4573
16803
20661
23880
12394
23563
8316
12212
16933
23053
6046
1320
21944
6038
14660
13201
9167
14528
15045
15845
9635
17964
12258
3602
2230
13797
16956
11272
2386
17567
13639
21539
17447
14608
16807
17698
15074
18655
19280
12223
16462
17236
4871
1531
1569
18578
24805
6017
7902
14518
18642
22928
7956
371
4597
10399
14047
22623
3015
23667
22120
5720
19805
2080
10204
15840
1684
14226
10496
3716
21299
14807
22688
24263
11284
7184
393
11940
20639
15335
1760
7389
4719
16671
8136
630
14583
18490
23908
22025
14129
14777
12944
18650
10700
14851
22947
16986
20870
22929
9925
15402
19585
11534
24455
14018
3097
14814
12354
10954
23613
12245
10792
6905
10788
4763
5277
17527
24461
24486
11450
20192
5812
11917
3029
12506
20262
5251
11406
9980
16390
6467
5068
7696
3503
12915
6212
15041
12685
13931
4410
16534
20089
16382
11572
18812
18926
21377
17742
839
13162
11794
9184
10463
12645
19416
1153
14767
13048
6233
16214
19356
3907
3576
17193
7986
11452
24159
13497
851
3427
13988
23500
24139
5484
14012
5300
7524
12643
15520
6276
23190
11403
21597
22872
3556
12772
21482
21647
23206
15331
12527
3031
1774
8237
820
13104
24449
7870
24755
19651
9700
24699
17331
2350
1860
10100
12704
4878
12865
18915
9857
8996
10719
23475
19880
23979
6837
8035
20878
454
24570
15594
22714
8005
17811
4545
12606
6514
5733
13521
12447
3207
3030
19025
11229
230
9181
15679
20047
3448
16975
16890
6597
21303
18511
19142
11789
20793
22431
648
3175
891
10146
9881
6852
9109
19655
12902
2945
6982
5989
24061
2186
5729
23835
958
23748
16152
6294
20429
17001
7354
9743
3941
3610
17454
169
17956
6305
16066
4521
8380
20100
24228
3739
24223
24746
19095
18607
3868
22042
22162
6149
21664
20241
17062
3890
354
15338
19911
22079
18280
22107
7625
5859
2045
19678
21996
22319
203
12674
614
11172
13051
15222
17939
10113
17529
22804
16873
2199
16760
12794
24321
8462
8260
15058
11157
13553
7208
16114
23384
3170
14314
14082
4209
23913
12461
2659
2221
23350
15538
24129
11306
15015
12493
13741
9383
2625
757
13964
5604
24092
20276
22468
13600
19079
19061
15259
17439
8797
16902
16402
21179
4374
1959
18899
22664
8483
23309
21549
15632
6043
1648
21229
8823
2037
21287
3430
2990
20379
10320
15643
19257
5853
21734
18647
16453
13156
6529
34
24256
6819
20806
1477
23251
20033
15151
2837
11084
13369
11864
1871
8868
16433
6266
2803
23587
3995
22598
443
18390
20358
19001
8464
1572
3590
14592
5292
9702
4981
209
16112
10199
13788
3413
21804
5242
4595
21074
2993
7996
15091
7385
10178
14173
14816
8364
6436
7820
22951
20373
2580
7734
2465
16872
19921
20169
3445
17166
13407
6115
9582
22057
4248
13383
18238
924
7862
6741
24754
21054
12149
8645
18410
15367
876
11431
14701
24081
17333
2315
18311
6560
1377
11613
15038
18927
3477
2471
2044
13986
2950
22615
24431
12764
435
15756
3653
24137
17790
23362
5638
38
9765
9249
23435
18295
14960
708
3129
1199
10609
19863
19423
9517
12204
15874
15434
21249
12191
20859
5616
13418
2216
201
14373
4014
9400
16362
3082
2511
441
21833
6423
23471
1339
473
21232
14572
17321
4423
19091
3375
249
18807
4631
11679
18327
18226
11709
8333
6432
6498
18858
15724
3234
13658
263
23399
16630
15478
17412
20611
873
22416
12754
20705
11975
22236
23231
21221
16601
15179
3110
22815
4954
3760
20688
15677
16044
10153
8887
9225
20023
8582
3431
13747
1341
8963
9438
4402
12372
22211
21982
13633
21205
19598
21100
19229
7119
4848
3146
14354
14824
8177
24562
11950
76
18168
7270
11108
24390
12176
24277
7172
13970
22666
18685
24732
20652
7761
13793
19595
9806
2069
14672
2305
22629
10107
7841
10251
6125
21752
16048
24637
3392
8052
6451
4649
3702
21296
17844
15886
10354
22220
8212
1179
9377
13436
16914
8838
6917
21795
22757
5986
12381
12807
7152
6223
3393
254
7319
2363
9264
20812
24713
16928
15356
5619
13378
1475
21360
1229
22887
17421
11002
6777
11242
14075
8411
16050
12275
2766
289
16199
12829
908
19606
5164
13465
5656
22377
10379
3223
9677
12047
13921
15117
4106
9721
4902
161
18124
4212
19362
9207
15705
8304
13802
6593
4396
10645
5081
15865
19194
16842
17705
10238
17990
4682
222
10234
5578
16696
1360
20884
3196
1421
229
14372
1456
24496
24472
8780
17542
14381
4232
17074
5318
10191
17386
8097
16178
23491
5821
3285
18838
16498
22053
28
14889
20225
18745
24048
11673
20104
9897
915
13943
1716
18758
22797
7690
20157
3194
24525
20380
15913
13020
16229
4381
24650
19127
17566
2342
15641
18942
23075
24584
19528
12972
11222
13243
13588
19592
19188
16222
10106
22453
9254
22034
6537
10147
4180
5854
20407
15474
24715
17080
19866
979
423
23067
196
16408
9161
12022
15674
11988
11147
4643
12655
15802
2943
4879
13598
12337
23437
1310
12660
13111
20398
2666
4666
20120
4906
12422
4216
18579
364
17117
11609
23896
11586
14892
1340
23303
10642
1175
24073
18626
5222
22466
13716
6555
13216
9013
19165
24509
16216
10716
1106
17391
5178
22655
3707
11309
14005
23048
13962
933
19174
8064
24353
7995
22173
5969
20548
17168
22931
10497
18821
1594
11226
23997
24582
18391
18968
24872
18214
24602
22445
17954
14954
7231
10557
19493
15659
11755
19568
12005
1834
9028
24601
3001
13723
9076
11058
3624
878
22491
20733
10859
12007
2384
8703
14338
21611
13285
3994
22555
