18771
3517
4307
1679
21498
8006
23100
11717
12410
111
9732
4327
10666
24988
23692
18919
18459
10601
19884
5633
1394
16436
4630
21287
22721
24829
12397
8383
14234
21924
327
16132
14422
10287
14584
15628
18380
13791
2433
704
370
13075
16376
15053
9294
5238
1754
13862
18308
9257
563
7397
6879
11735
9987
13679
17593
9826
341
7467
7499
4370
7741
8031
8077
15623
13619
17547
3669
21868
6200
17222
13865
5045
2439
13406
15551
1804
2906
597
21270
6611
18309
3843
16617
21208
21053
22576
18044
13343
3285
4147
12385
22870
19640
3444
7039
8224
20996
8453
18964
10375
19813
19127
20729
15433
14598
8602
2890
1337
9898
10527
18082
1776
3339
5108
6548
3656
8133
5972
14952
21898
9198
505
12970
11127
11709
1336
22195
22033
2437
23461
11566
4292
6496
15126
2074
18940
548
12768
2227
6367
23448
5975
6450
316
38
8351
23614
14667
16406
18609
7833
14221
18849
748
14574
366
7435
512
16713
3675
1719
9258
21957
22264
4660
2535
10629
16373
19064
17312
20031
11640
10794
4390
20903
10746
19946
4813
4801
2253
15446
10324
2874
22533
19371
11637
9996
1163
16843
4658
24145
3658
8631
23199
21360
8871
11049
22755
15749
931
1134
22371
18142
4707
15129
12086
20753
4919
15639
16728
8632
3907
22621
9145
4099
9974
24635
23342
12918
6105
10433
3107
21785
21580
17031
6697
5955
9528
1774
13662
9658
7290
2767
21959
3341
22175
8305
19335
24953
16842
9070
8674
10936
11067
19299
23253
14336
8625
13533
3722
1352
7083
7137
24472
1722
23728
6052
6167
21961
8976
6425
3356
20284
1064
8169
19838
21555
4401
13719
20777
2047
21051
6905
12544
12884
14599
12030
3277
19610
5543
807
18617
20700
18819
6886
22798
11716
13741
20121
14387
20467
8786
18826
8101
10902
12473
21493
22693
15453
17526
19677
3508
8907
2725
9184
9611
11766
23040
21619
21254
16118
15237
14419
11159
10937
19758
8328
14285
2159
22170
21847
21602
4722
12606
21220
1102
13396
20030
15128
9533
21724
13332
2848
10388
6784
3175
9969
16612
451
7166
24013
21341
18620
3809
5676
23350
24418
9695
6541
23368
108
2280
5703
7915
15114
10638
11034
3138
12697
8636
17307
4819
24151
3812
11064
19463
11102
24281
13602
12909
1040
5730
15597
8622
1084
14612
19933
5647
4480
15994
422
15398
18323
5442
19649
13490
780
4003
20649
13598
17086
3100
20178
581
459
5829
4938
22940
7709
10525
10649
22567
14178
9644
148
24308
5630
3959
20441
11995
9839
3958
2487
12437
8760
14335
1585
3676
22663
16675
13168
17105
9362
13484
5376
24572
24950
4336
6259
18725
24830
1510
19913
23163
10499
21543
8729
12903
3543
3448
18407
18509
21266
5933
17079
11160
23572
23174
2715
9724
17661
2450
15693
23950
924
6383
21152
18173
584
14971
14648
24104
3533
2937
4022
18779
6530
8052
11345
21131
18104
11780
20424
3111
8610
20717
16257
8458
104
22123
20820
21808
24909
8114
19591
9877
5792
4467
15974
19979
16464
24603
12974
12366
18558
1778
19643
9913
16543
23766
20054
9033
350
1366
7196
19830
11089
1594
2646
476
18016
4384
16375
18579
17380
12126
22384
21834
7683
24152
6103
15676
22859
24168
23109
6861
8484
7983
20747
10802
10276
20681
14536
14038
1223
1050
22254
18096
383
2718
9250
12006
22385
24746
14804
21321
28
12429
7445
14051
4623
942
17298
5246
8695
19455
13286
6262
16547
4196
9560
22079
15263
9519
14943
143
2255
7611
17606
8142
4233
22652
11605
14479
17913
5946
15791
9219
19403
15062
24847
5849
1724
19091
14148
8705
4719
9264
1026
6900
1185
105
5952
9426
8422
19345
8508
1390
8642
3431
5463
12868
3174
6416
9809
21936
10512
1842
21586
3779
12599
6338
1855
9620
23963
1236
12358
21504
7726
9993
17758
8800
24532
531
6592
2527
1705
8198
23281
22246
5011
11958
10544
6981
9851
22410
18280
18025
12390
7622
10511
16502
19883
19087
10984
3944
15680
4987
21180
18360
3629
11120
15568
14200
7164
13943
20295
4515
19549
397
24692
9118
15906
3054
12054
20419
21515
24182
15970
21826
21383
12588
20172
4776
7497
20949
8571
23919
11384
5722
1630
3914
5532
24726
7789
19382
10415
9447
1636
17579
22389
6281
2981
11252
24346
24848
6696
20910
10622
13650
4056
3281
9430
13469
21647
15862
20302
19416
16992
9388
915
8425
11111
10824
9288
12294
11772
19143
20106
19315
6942
16528
11199
1819
4433
20605
24949
13855
5596
14643
24120
8985
6966
14461
2062
15055
15297
8805
20423
6
13375
6926
17010
22063
13833
2402
8212
24065
13746
5252
19426
19188
14955
3670
22932
18094
24358
15011
1244
387
7115
837
6571
9380
21894
18521
24960
24020
22382
7360
15764
19926
18614
569
6749
15396
13351
22455
17530
6238
22930
20546
4231
3039
3150
4926
9994
5375
2799
8109
14898
18592
24915
773
21066
9132
10925
1342
5212
3363
20170
7742
3119
3106
3286
2669
13403
9432
17934
10850
9324
16130
7006
354
7235
3183
8413
1793
3178
7734
23367
6277
2133
10696
12418
4201
16718
5597
9313
3109
3587
8312
1729
24371
4749
9397
10132
6343
6647
23031
22294
70
17329
22164
4283
6339
8032
22937
19921
23270
20190
21609
446
4767
13767
20948
8916
9468
24046
15783
10031
11553
12854
13233
19632
13921
6880
352
22297
5468
13634
23310
22785
23131
10685
15815
14940
8162
7389
2958
10341
17900
8494
3590
24443
24160
22957
21600
23480
23672
20478
22650
23612
5865
13616
24165
23164
24926
21106
4284
22238
17295
3095
3778
4446
20723
13202
16484
9166
13377
4858
504
11978
11115
24592
20763
13910
15667
24546
18457
4559
23157
6139
4002
23846
14977
8640
6493
12746
3534
21719
5601
1181
1647
5046
15039
1911
15926
2630
15816
7951
15215
17848
6153
16817
3978
3902
12510
16274
17952
2951
21206
24466
23259
6713
22120
10143
14099
15643
14921
23765
24672
18719
19346
14414
17810
21143
7878
24625
14724
1673
9866
2251
23539
4380
969
10386
2083
5402
20845
13307
24292
10083
18907
9355
5501
15506
17740
9337
6407
16722
24210
10714
14966
8446
4072
9360
1226
1175
16913
18631
10978
15361
17304
19988
5404
5588
6608
22625
11155
6937
20607
24611
24022
8186
11138
4729
21344
22422
4540
10493
16689
9691
7544
15878
19963
319
22978
7168
656
15247
10361
1445
11028
9069
23450
1504
10723
5380
6017
339
15976
20682
9823
2795
17036
593
10569
23021
17924
1611
18113
6188
12830
12122
7282
24480
18074
12018
4774
2940
7522
23621
18132
3099
8469
8054
10128
10374
10756
15938
1910
13293
804
10607
17485
10476
7688
4764
10540
12329
2363
4436
5651
9545
2403
9172
21889
10906
22572
2907
3205
2684
16403
20737
9593
16975
24187
16383
9394
15388
8472
13778
521
11946
9804
2415
4992
2952
7875
8023
10795
14088
10877
14076
20245
2320
9726
24558
24142
23591
11883
17432
5069
4031
17204
4175
23994
6337
16038
12202
1225
10461
24599
15590
7890
22003
7477
16307
23642
11272
22470
1186
16733
8643
3747
8680
20644
9034
12609
20384
4058
2485
3320
6702
14125
7850
20366
15289
9717
24181
14868
18324
4675
12853
9304
14920
22854
4560
7649
14577
16029
7214
16161
2972
12127
2836
18417
6502
11790
15082
22618
13446
9552
21415
17782
5396
20718
1469
6486
1231
17662
13653
23712
1291
6304
23708
13187
24463
18783
2663
7152
6970
10831
3470
1926
7715
2333
7898
53
15391
8618
907
17721
10108
11734
17074
7633
23669
8929
10234
3566
9120
23681
18755
5855
6840
3802
14896
16349
12414
16799
3472
9452
24804
2132
8334
4320
24808
17844
10597
14477
3935
9443
22903
6607
10961
18993
832
22949
14154
1858
3801
17692
5882
12406
8604
5113
4880
20892
22689
6420
1101
6260
4690
18312
13161
6658
23860
13125
4216
3881
2087
16882
23880
23344
18734
5618
16816
5720
5203
10848
19318
17122
12975
2805
21923
82
9796
16114
20553
13204
13159
4004
6363
8709
19885
14904
6439
9507
20520
6723
4784
17783
17556
12994
11176
2091
13262
10139
2022
2568
11479
1807
20985
1487
5607
13555
14199
20032
8848
20308
18626
4100
19548
17860
13628
23039
7317
12781
22606
1922
23753
24744
22311
22583
7785
12721
15344
1116
17576
11728
4517
23878
8638
20507
12769
23760
19108
22002
7355
11694
3245
16060
17250
4746
15063
9959
20016
733
10966
24473
6551
6389
2242
23388
24345
5611
24248
10710
2763
277
6035
23526
10322
11065
6219
14816
21540
16497
6063
7245
18934
6392
7176
1482
14226
3591
9578
8974
9540
13829
12688
20277
8357
16708
580
5218
10261
6537
24525
16382
18825
891
8878
23246
21726
2827
17814
24647
2992
19894
7861
4959
8483
18479
13541
4418
20771
19169
20452
12420
9215
17466
15654
15754
21101
17327
23530
22608
1826
4445
23887
19826
2559
12153
2748
17245
11270
19982
18410
1438
11791
18374
2930
1395
4889
24290
20096
11056
12375
9057
4836
3770
11350
18320
2662
16936
8452
2666
13054
24241
2582
7482
24674
13903
15692
4896
5907
9957
20645
8345
22636
13709
11330
19184
16590
24094
13438
17381
6031
7947
22287
5057
7647
18797
10175
20180
17914
2588
2259
18914
24428
297
5171
23841
8126
19359
22509
11370
3911
6532
17529
21680
10085
24697
15283
3188
10782
13012
14957
13439
2107
5110
1607
15984
9954
3731
14048
24696
9207
3012
5019
8965
6145
23375
17431
23651
9539
1581
13394
1801
16200
4508
5489
5756
9242
24536
4163
24069
21434
19409
5427
22219
9071
194
753
11231
645
405
12937
12172
23866
7191
22522
10435
14759
12993
2295
9091
15808
10444
14380
2914
21135
24579
16892
16943
21864
5796
16279
8787
15492
8327
16228
21475
8503
19961
21991
672
15860
12362
20857
20405
11575
11132
14508
19514
22991
2028
21819
9284
12305
5924
20975
12197
10490
24425
18365
2674
13098
1340
22635
2307
11224
8227
10772
13744
18772
17382
14754
11891
16835
849
18510
2870
17971
4251
3673
23577
13636
7223
3882
12320
13416
9240
15347
8962
10121
19268
22786
7215
6518
2317
5173
5177
76
19322
19574
9496
18186
24184
11952
11747
12826
23347
2078
22972
19554
19686
3474
6090
21738
10971
17231
12562
17430
392
20176
11642
11719
15418
7693
17095
22315
21917
24916
3213
15570
20415
3034
16645
8273
21306
2421
14937
23564
14446
17643
332
18482
2872
5682
20970
7779
18815
20945
14385
4932
24777
5691
535
22726
1943
19597
8911
15338
21322
10628
7517
23522
19528
2480
16317
13982
17528
23463
13649
6833
11674
24380
13201
7760
6664
19816
10830
20631
12228
21448
5072
8972
17132
4908
11360
7565
24219
19824
19730
4600
21576
11398
1384
11310
21235
4924
6014
14539
5462
12643
21476
13925
8172
5936
8579
14180
3782
16557
8268
10612
15000
16412
4621
22295
12631
18282
1830
11647
1975
6322
4420
2198
5686
14934
19565
17956
13376
11104
7390
881
10498
728
24089
2391
8447
11821
23316
7366
20598
20840
12316
7219
10574
4066
637
1218
22083
17888
13568
9246
5322
24684
20181
12289
21418
22501
21858
10932
13367
17616
6422
22676
23734
19224
3086
23261
16011
11100
918
17212
20862
22696
1372
19317
9364
9023
23500
4030
24923
10548
2067
18155
16233
9135
15960
5856
22536
9684
21705
16823
20194
19276
24017
22761
3957
7051
22556
13378
15041
18784
8555
9730
20568
11340
19842
2325
1068
22613
1461
23829
17412
1425
14094
7677
1952
9778
7285
15464
21212
4065
9642
22437
16234
2019
10672
6170
24911
24773
16433
23047
6557
6131
13243
20689
462
11910
24608
23516
5276
12537
24451
3500
22508
427
7758
2052
5750
1602
9720
9409
7140
324
5483
17583
20733
1396
24725
11968
107
17954
10639
10038
9492
3432
19358
14515
12474
23294
23065
20139
21948
19850
12754
15025
11564
21354
19067
24146
11363
2114
4650
14591
1772
21011
1452
14232
23515
5977
17314
9418
11696
14628
2143
23046
13962
22203
15214
7466
21284
3398
1988
7379
15284
10199
14007
19765
6526
7234
7819
24471
363
9420
6222
9453
23638
9489
13459
432
24095
11818
5187
13385
3485
2537
20042
732
13686
17225
4125
16622
13422
21846
18294
757
10876
275
13127
23845
396
21644
7952
7063
1440
11981
13414
17321
23322
9672
10166
5918
16731
12611
12219
3838
10095
6976
21491
23996
8002
19674
1399
4213
788
22300
24191
15385
3837
8902
18117
13548
7996
9830
21777
17134
14852
6522
22644
4504
1273
15465
8933
1000
13319
21879
19621
7470
2291
23826
13670
14787
21314
6714
21026
18858
15813
24386
6142
18037
9766
5609
13019
11225
766
3220
13770
21998
23488
4613
13264
20179
11449
3059
22391
16770
23533
260
20129
14654
16486
21393
13745
957
6267
16942
8217
6577
12360
3050
21145
550
7230
14465
3260
10617
19102
6403
24613
21068
7401
21073
20017
20362
11808
22408
18892
23847
16796
12184
11149
13241
3795
3889
8321
18043
4978
11051
12431
19055
11274
5210
21614
4078
15781
5481
25
23758
24944
16658
10580
21226
15054
17075
2902
15672
22776
21683
19956
13997
11300
16189
24324
1750
21190
14849
22865
15408
15239
2229
17130
20721
15732
14735
8261
16108
24541
10670
877
15376
16179
13847
872
19713
17062
23966
1841
18442
827
11685
8969
16507
12869
15101
23289
8954
4996
18634
639
4275
3505
12024
24478
4536
5099
7413
7690
5161
6079
4696
12681
18206
18786
2706
8088
8187
8055
14457
6215
3563
12898
7994
8959
20463
6113
8879
9459
20727
15171
139
7589
5407
23634
19196
14499
421
15997
6902
16414
613
17410
17946
22662
7628
11236
2101
12630
19069
24549
179
61
10450
16890
17802
12613
19981
1230
22836
10333
19888
6941
11787
2442
14104
6988
4586
8932
20573
15877
4266
5157
23236
19702
16324
15685
6085
20843
4709
16040
12594
9327
2292
6566
5446
15532
106
21229
14481
22568
18305
4120
660
21423
16752
24447
7422
3857
17543
22449
9582
3169
267
7469
11688
8150
10334
14476
11287
7240
4092
21677
684
21067
17490
13768
18747
2771
20815
11542
3071
9621
4900
13640
24445
20873
16124
17210
2702
23858
19264
4982
21111
21188
24139
8121
7876
2217
2780
13133
13532
23352
17597
23629
16207
3225
6069
18434
18307
23056
4075
18648
4347
8912
9404
1760
11412
5510
4301
20894
4035
18716
12492
13023
4641
24212
10892
24333
473
3507
16976
12478
12881
3930
8920
19149
2463
2911
15706
543
18838
22352
10636
19079
22081
13780
16878
14670
7961
2875
4664
17864
5559
21845
7211
13605
21857
8209
23580
17648
19700
4318
16959
10394
10732
18267
23914
493
12867
15430
7560
18727
14546
4606
19192
18406
172
1256
1057
8205
23973
21400
8519
19395
24465
22179
11956
14980
20635
18845
19398
20311
10043
9314
11988
22687
7780
9783
10953
15975
23916
14085
13134
15787
6186
21275
11657
11499
8511
12604
20271
10004
12706
7661
72
19867
2033
4482
14555
24141
15306
2336
11982
9161
2362
21934
11439
23325
2406
18405
8623
10707
20142
6895
24568
24807
20110
20695
23715
24149
10390
11208
20093
12284
17996
4487
4332
16626
7148
19468
19987
21452
1513
21115
12748
8764
3321
23673
2370
18713
7577
12330
10880
14102
1882
7934
3222
13386
8024
12747
13254
8022
2678
17279
2075
11322
1566
1703
19891
17282
22858
15229
880
11798
10919
20145
20089
16361
2898
24492
5941
18931
3375
1400
495
23258
23867
760
24597
5027
20496
3925
4714
8591
17234
7953
8457
14909
19439
7353
2579
6302
17955
15609
9650
10449
23840
15081
18921
465
12983
21256
16962
23300
4575
20394
16033
7846
17001
24827
14334
22944
24318
13984
22344
6375
6473
20569
11847
20581
8389
11486
10572
403
17026
14296
8414
24783
10194
15019
8323
11166
21562
4005
14034
878
10681
12605
12078
20509
10642
21486
13917
11107
5505
3165
14213
20321
8221
14858
1938
22638
22405
10123
3830
8247
10114
21346
15918
9548
9677
13998
12000
4907
7388
2991
3410
12348
8880
23041
9739
16055
2538
5599
19261
8829
7424
2064
21787
21636
23556
10884
16362
11433
10458
2205
21159
5285
22727
8463
5277
20062
20055
10105
4513
9879
16836
22029
8340
24548
12062
8744
7718
11556
12239
16939
19366
20427
4964
5770
923
10624
2469
742
13549
21056
22108
7321
15236
17278
22491
19720
5176
19539
3091
18292
17635
1597
15333
18119
861
7030
16508
9455
5553
20987
2979
20469
16438
19555
19204
6899
2218
11365
17087
19817
9137
19627
15179
24709
16216
14255
15378
21523
14376
1707
19203
17196
2294
22631
5075
16165
4127
7286
18791
1582
23658
14874
13366
2025
3052
13654
8369
13529
5097
24483
13805
1070
4670
24409
14082
7293
21234
10106
13720
21394
16410
24834
7612
1258
3594
14463
12678
19037
21429
5755
21890
8874
7464
16237
9885
13069
10908
4204
1308
8919
14030
14486
509
21596
18400
1228
16592
13381
8306
12137
24048
24695
20058
216
15507
15684
13016
9577
6060
20596
3879
22131
20675
1888
16855
14616
20026
21513
1773
3264
1769
2070
12911
10970
2332
20876
19250
19965
10988
9818
14281
19357
11668
18851
7430
1
13618
5456
16884
10641
22791
17029
3917
11428
5870
16190
18198
4826
7261
13174
13249
14589
8558
24706
23243
19617
13284
1266
14916
486
22387
3994
21017
1955
17591
24464
13091
24293
2231
22760
4625
6029
24642
803
18371
6308
4335
1300
23815
1199
17253
8147
24087
3909
4471
9799
1845
23217
5189
6688
1942
14095
15028
2455
22890
11872
4055
1531
2328
22735
11677
513
13857
17236
6428
13027
17055
6567
11658
16749
18334
7895
14245
16155
15485
1779
7332
14490
19454
6716
3393
10513
24288
5201
3300
14181
2945
21744
16599
16242
1472
23557
9843
8734
4846
10488
10058
22434
4083
7012
8303
19902
23529
16586
22060
15992
13079
18224
18532
8342
8373
4310
292
3404
23339
22620
6424
12661
14451
12998
8474
20895
2097
20122
3971
5667
5089
3989
538
12682
11008
16348
16135
464
5748
23652
12242
14297
9615
3259
3705
7324
15138
14714
14862
16075
2599
22021
18588
9300
8838
20646
22217
20428
20732
3739
15384
17487
1921
20716
22962
11832
18523
12158
15760
20652
9185
8702
21027
12440
14092
3974
6791
15017
24575
21643
9899
12369
19014
13894
10879
21273
871
18242
9148
21795
18322
24245
18319
4594
22878
3748
7860
20772
7570
11957
1795
20911
11784
9448
22742
10441
22163
9596
13473
13147
24533
15759
8117
7185
23194
14679
8190
14325
22521
2413
13209
8220
10817
14217
1491
11809
6789
18790
21693
21965
20356
6772
4312
14941
10703
20411
6687
220
11366
6962
24922
18055
17912
14603
7670
14777
9607
5791
10669
1263
10363
7764
4740
7167
10700
17194
14157
23783
24003
8431
10192
11820
8964
5353
18204
12797
14055
8627
1713
14211
10412
23928
576
5848
24251
18430
2156
21911
24147
18906
20859
10071
17299
21979
10526
23146
9253
1919
6985
18749
24917
23397
8087
16620
5235
9011
17822
15438
23058
4226
2966
24259
24708
16214
14165
18657
5512
4197
11399
20782
5400
12106
455
9757
16370
10973
444
14650
17948
21007
22322
13622
14772
11792
18942
12910
14914
8346
11317
10209
7096
21694
14498
23431
18325
14478
14239
2003
14256
3962
4222
11110
23773
16198
15632
16526
11698
13216
20971
765
4557
3562
24102
23093
12713
18036
2144
9245
21409
16482
24628
14586
10546
7603
7047
21964
6757
14307
3752
11595
6944
17083
16915
15782
19909
6777
19810
5352
16690
23304
24798
8278
6830
22364
646
22574
4224
20694
19705
24844
6751
5445
2135
20585
1974
11845
19493
21901
14241
6039
1402
14912
24685
22748
9175
165
5914
10323
13723
8279
16097
15776
6245
24817
15727
24866
16862
24234
15818
628
12836
18930
19016
22244
20567
2188
6404
3449
430
1561
21265
16288
22497
17317
19526
5485
10564
12596
12049
18072
6870
7103
7487
14698
3655
18702
23883
9227
3283
4891
17262
19693
10798
16887
3333
21390
9488
168
22611
6107
1292
3234
8103
1765
6903
4
15455
1356
3582
11535
17809
7949
19552
9302
13725
426
10111
4423
13360
24260
6080
20124
6192
24436
20264
21867
23786
13454
17666
13157
13102
12957
12419
2063
13299
22624
11180
19220
2425
24717
21760
18526
12712
19951
19103
19757
21522
19568
2861
20342
23188
888
12268
16556
508
1359
13916
15771
954
10084
18248
9709
18613
24727
666
11106
16225
23777
17320
18019
20930
12334
3494
15380
16747
22974
12450
20676
15314
7650
24770
4579
10266
4954
15580
690
19592
8112
15411
22372
13721
17918
18115
20414
4010
22914
15320
6983
11232
1565
12833
23793
15021
9864
23103
180
498
7003
4899
10761
21367
22945
13734
14132
18090
3090
16258
7572
5787
11206
12996
3694
3757
5307
23785
24158
10301
4037
14129
21329
14813
9984
11011
16177
2161
2747
4272
23648
10021
5316
17871
21281
21151
11241
1360
18668
1329
13391
3514
16273
10768
6451
8562
21100
812
24816
9477
8021
5494
14368
18345
6788
22883
10815
5509
16309
4321
11560
17313
11190
20386
24355
7070
14328
24294
17598
8771
13081
9639
9940
16724
21950
1254
16280
17807
14049
20835
17861
23396
16624
13967
14356
4876
18890
7300
20584
3079
23727
17158
18821
904
13899
15721
11899
9105
9248
199
9067
7350
8736
20811
22604
17007
12610
5488
10378
3684
4239
21620
8331
7542
24081
15429
24398
18396
8460
4656
2261
22145
18030
9223
16978
17285
22284
9391
21196
3599
8287
6885
18697
21185
18489
8561
2092
21874
1524
6374
24422
19506
7552
2054
317
8552
5969
11470
23418
10359
4564
1732
11377
3652
12200
8308
10835
12777
15977
9095
3522
22642
16443
5560
6446
15334
8105
12686
14689
14158
19768
24650
21044
4870
22670
10440
15233
11405
14191
20870
17135
1229
23209
19586
6206
20880
23775
1162
19262
14308
18363
21701
13766
12471
13702
7631
5263
19150
7159
8960
17050
22173
5158
5405
1979
11751
16958
7602
5424
19957
7200
18383
20166
23073
3862
23921
7932
20004
18463
12055
1941
471
6863
18850
15147
20200
545
21790
16499
16772
10924
19942
10951
1169
18372
6464
1240
17378
14354
930
12301
17605
5358
12946
6632
23754
3991
4869
21473
12985
8910
10623
21987
24325
3732
15245
21144
13705
16343
2208
23980
20543
15196
24105
16870
22951
21431
8274
13655
7719
18114
1072
24286
20268
19212
6128
18468
698
23318
1123
18089
13129
13162
5267
4294
14891
10692
6417
18137
14489
24934
674
423
6248
9307
14033
6990
258
8251
22881
15149
7894
6618
2782
7334
23975
15271
7900
15748
23211
1812
19342
21481
17335
22335
11162
17368
631
15096
16334
5127
6463
6398
11380
18990
24514
19040
7465
1299
11187
10362
12107
22488
11921
3297
15202
23391
8086
20036
2601
10748
12775
4154
5194
23219
24793
7207
18533
1174
18909
17275
24516
8479
13458
7142
11507
18270
686
24001
24678
19577
20208
9025
4293
4397
19736
2903
3466
1110
19849
14392
6228
18277
13742
3140
2134
19183
8098
10337
12080
15788
6329
9700
7253
10711
19660
2196
18701
2298
3239
12067
23791
2993
7574
11494
14006
21309
8780
7672
1431
21603
7426
20842
1684
11154
19249
15046
12703
13441
6707
2265
16911
22897
15040
12314
23218
23267
21549
10273
8280
5224
21194
22759
11870
19585
7363
24766
6960
24194
7421
19559
18227
23481
7549
3610
843
20877
3806
1311
23408
11856
4133
18505
15755
3640
17957
21215
16498
2610
309
8743
16812
24789
6073
22327
19777
5565
12317
9029
7689
24305
2270
19177
11775
14468
23525
23165
10129
17408
19222
5023
15417
6963
2815
20472
14353
22340
15697
22524
1711
16604
244
349
6657
10053
20315
24981
2751
21364
2335
12861
17322
22814
21769
11163
1603
5621
7284
16131
11292
13837
23329
2656
16138
20274
8202
20160
23822
2479
16140
8111
11456
11191
1733
20751
15522
1349
13499
21236
3527
5974
4646
16043
4184
2625
5117
16351
24936
19017
11431
7263
14755
15012
12700
8597
15329
12265
9968
18577
8868
14835
17103
17288
2507
13205
17097
22843
8091
16346
22172
11853
17319
1288
20994
1552
21887
547
23550
7451
9547
9374
22816
12001
14496
2555
3551
9887
22855
19215
23478
2454
21624
6878
3043
13420
17182
18034
24902
933
20205
9669
18238
14455
6678
10293
20684
11748
14041
361
5013
17607
23814
14117
2297
24362
2040
9382
1044
11935
3939
18785
12888
11103
16585
18299
21499
16515
14550
2760
19694
13011
21977
24063
7972
20855
98
13103
6408
3690
13604
4407
18381
14880
5687
5652
22015
5426
21379
24593
22530
4169
13692
17076
8400
13371
5902
14304
16759
12076
10064
14847
22004
23592
12438
3032
18052
16419
24812
822
10822
17112
17785
20185
16496
4835
24270
4059
16393
16665
20785
9255
12872
23049
19767
3257
14207
15097
11498
4193
15392
12902
362
12583
21907
8598
8783
16899
23110
17512
3800
12148
24814
23891
10741
18503
5981
16982
15949
7442
7089
11953
10551
6146
2042
22538
14482
17958
2453
4429
15550
21371
13485
1577
3018
2211
14789
15192
23745
10468
4840
21512
24652
9461
20164
949
2901
19361
23383
23817
6511
5695
5973
19697
18098
21591
23694
10347
10130
15373
10453
9505
9811
5061
18635
5440
16175
16754
11959
14024
13281
23876
24581
3692
7516
23632
19608
4732
12743
1283
21508
7757
21323
604
18537
18133
10135
12469
16996
24629
12874
19922
242
2688
5374
21679
3556
3268
7871
20281
14240
12160
241
1479
137
11429
3915
17211
22844
18726
13413
24667
10061
7524
12890
6106
7436
12789
16316
8900
10979
4802
18485
19041
3714
20964
17115
19156
17478
15163
13561
14741
2576
13114
18501
7686
12928
13482
2788
2879
20404
16771
2740
5332
22289
22496
1280
8737
2650
22005
18022
4805
16293
18692
1768
9209
16134
23511
11046
3751
7206
9306
11861
7365
23156
16888
4975
17555
10041
5840
10154
16869
15448
16017
1423
1700
16709
17226
1363
11812
12809
24091
16494
13179
9358
746
5738
7607
20787
18864
7351
11341
15689
13989
18745
13480
1221
21283
21338
4333
19504
22140
3397
5915
6452
18706
17149
16350
13757
16671
19811
10076
9638
21859
16926
7125
15495
3641
3073
7349
4023
2953
5850
7684
365
2300
10292
5678
17156
19193
20359
16706
4427
2290
11991
799
15653
18075
15478
17623
18053
12133
20244
12105
16353
14407
20059
18866
9075
3825
20860
2140
7084
658
14483
14974
16564
14527
16488
20823
157
21646
7703
15183
935
6516
4138
20758
21813
22602
17632
22394
24329
797
259
11676
13320
2316
1748
7704
9417
6397
7295
23573
7806
11758
24229
2060
668
17265
24275
24054
15390
20525
6099
11215
21814
6882
12812
15904
14604
15937
13214
11109
17080
10252
23416
14624
18278
3478
7762
14110
18441
11518
4702
18004
15098
6949
4506
21121
4048
21748
20514
19541
469
20672
13256
6736
15802
7254
11329
12353
15925
1005
22510
10481
23459
16448
15022
9331
8348
3854
9035
2232
22196
15083
16700
15780
2776
12821
6449
15090
7532
16764
24337
18131
4551
2110
6204
8183
12645
40
19333
17257
16244
8
1120
18936
24567
20908
3069
3499
11460
24903
4652
22679
23918
22645
21848
17483
9926
3125
10608
10360
2697
10549
7766
15935
21972
13658
22075
2203
1156
22686
15645
9014
6127
88
16450
15519
21608
17545
7627
8046
21612
11142
13712
14267
4921
17096
23831
10869
16027
6184
23297
5685
3231
2013
7119
10171
22027
17021
13623
23967
11077
19500
21484
18628
12114
23958
18397
2049
23732
20602
7772
10841
14949
1867
1466
33
24529
23678
16019
3014
12584
8742
12379
10019
5916
22034
17561
9510
22377
19852
2843
7161
6689
9332
13005
9680
18792
13426
16558
24201
348
10915
3480
20240
9685
14788
4375
12293
7333
18433
23180
605
21878
24021
23717
6049
10157
9419
23220
20211
16983
5082
18176
2876
8720
7135
20322
2694
16053
3639
5604
21639
2974
7362
8391
1527
18226
15125
8749
16209
2801
13590
16391
1790
19482
12820
912
4306
10587
6668
21521
20879
14775
18154
20962
12249
16579
22482
2965
8341
7768
13050
670
4827
7129
13779
1653
17575
14120
23371
19278
2471
11646
12098
23984
12095
15901
16390
15627
19899
20360
22376
9102
8986
10797
15386
12447
7404
21447
11485
7824
12597
12241
14364
15814
7821
8921
24005
1762
12916
12472
24769
708
7120
9387
5266
2852
900
9933
24740
2842
23321
5469
14193
18915
10860
15223
3031
13478
3330
4984
16201
20504
5645
9652
3964
2153
22559
1697
8382
9698
24967
16113
10295
23568
5861
20395
1189
11278
15194
8835
4282
5174
5001
18100
23323
8930
253
1257
11836
22754
4359
8230
3573
10232
408
2862
17
10281
680
19527
5880
9256
1403
23952
24498
2081
8298
12879
22369
19551
8384
6159
20490
21082
22383
9139
18435
7216
5042
1268
20693
2541
13608
11633
23475
2398
3346
7656
1253
3995
2833
15221
9259
11817
1368
18220
2276
22832
21167
5453
12959
21702
19000
8028
2961
13841
1509
16037
10198
18597
8249
10328
4593
22330
23705
17038
3625
1434
11615
13042
2169
6024
1978
9788
511
17032
6630
18255
14655
13978
15293
24136
800
5767
20592
3581
4968
14610
2155
13352
11463
21783
2929
9456
3428
20350
20906
12045
8510
12725
23977
15355
8242
14811
18385
19210
12698
2340
24987
621
18516
5283
14919
9076
21906
11813
17039
3951
10550
17063
18557
19949
22982
8739
103
16908
13674
4639
325
14469
7809
11725
19806
2364
20653
13844
21262
5386
1914
24185
13358
22126
14330
22305
10702
5115
16629
24507
21605
2784
5078
21654
19244
4615
15085
1506
10901
23704
790
5712
14289
10939
20615
19254
9096
10254
10215
14803
14185
19449
2230
11362
13714
21578
4300
5921
15358
21102
4843
16286
24459
4736
5259
15431
11406
22514
1578
16314
4205
12660
7992
14340
9662
20731
10414
13261
14115
3824
14693
997
717
14369
6803
18513
8866
2293
2
18860
21837
12622
4383
17815
7558
18179
20431
54
18402
830
20706
5087
18603
23853
16166
5578
20429
21798
11205
1501
19498
13824
5024
22234
17531
272
18759
23881
10249
4879
19324
3953
8445
16883
2722
4382
3468
4920
2710
14581
16254
12607
24942
866
14393
20738
17102
1923
19309
5945
10954
21023
8473
2865
9841
1892
16311
15099
1656
19194
17811
13272
14146
7228
19967
19349
7238
19636
12189
17630
24377
14807
2915
7828
2187
10650
18440
24682
23272
2029
7108
12208
4415
2330
12895
8799
7698
8711
4649
16715
2299
22225
1525
7539
9485
10573
2571
10894
17455
7309
264
8590
16813
305
17696
12070
5881
6071
12835
14676
14992
3051
2524
18194
16527
19799
13315
9082
20461
9958
22967
13911
3200
13136
22810
14167
9932
5701
5659
209
1620
21914
21421
5677
13683
2824
17997
4373
13553
6296
4246
18708
20002
21617
19721
19457
2516
7410
18823
15574
13877
21303
12586
3805
8058
14197
13048
22183
3650
21615
14606
4611
16425
248
302
173
702
22370
21649
4678
8368
23224
6419
16553
16319
8740
12351
10263
11572
3983
18180
24268
2275
12945
16277
213
10340
8788
3924
6685
11894
8134
4935
4868
10856
21191
8011
3923
9050
18707
10890
11216
18982
6275
20769
6098
17221
2145
7839
5471
19903
23172
23752
2346
19338
15491
21175
19049
10455
10659
16025
5996
12822
4601
19833
20451
10262
13818
9537
16751
17916
11183
16863
13913
328
2633
7275
8611
13498
2027
9630
12720
20934
583
20482
870
23282
13057
3492
2957
2873
18240
174
3539
5411
14426
10469
7881
15524
11531
472
21780
16451
14870
22147
14516
3695
3372
2985
20225
3421
22144
19367
23897
21550
15527
9265
12272
17527
7928
102
10479
3745
6094
21660
21941
19929
5959
17168
14989
17258
16780
13798
17953
20633
18145
24503
19969
10656
9772
20866
14046
7036
22499
1868
2834
23285
10997
8754
22458
6181
12526
7580
136
21880
4562
12674
12312
11050
18622
2652
21351
7452
8371
12997
22969
7331
24869
11004
4648
1456
16640
158
18796
20594
6857
1781
15270
3880
13000
16059
20739
6022
6409
24511
10864
10643
18904
19803
3273
11513
24634
19790
24840
9816
8763
10665
7578
7606
11298
16093
11764
1007
22615
8253
23706
18483
24508
2287
5377
16650
12569
23150
21162
13182
8110
1637
5552
8603
2301
18642
187
13208
10288
13245
23872
8297
5192
20817
18980
18873
6000
6492
19400
3275
11606
20829
23240
5658
20381
18589
12220
4403
6221
23538
22544
5928
16202
8441
2615
8089
93
10473
22135
200
4694
2510
17227
14924
5689
6776
11799
12694
6844
18249
24539
6977
13409
19396
20533
1606
24176
18275
6465
13713
2549
16893
17388
239
21038
16146
20287
21796
9568
785
3515
10501
201
14760
3210
24933
6822
14361
902
1984
485
9764
6560
14902
22320
10637
5877
15172
18251
18205
21209
20816
5245
2440
14563
8733
20077
11352
18767
8893
21033
3979
24035
9217
19960
21718
5090
9273
12908
13009
4209
6959
3988
12729
333
19494
7523
1146
4951
20025
5743
20434
5858
3362
22494
15832
16420
12791
20133
19934
11091
2980
17405
3184
4862
18988
12738
2714
19863
18638
16478
21125
7229
16651
12037
21634
13410
12136
24792
8033
9972
20028
15136
6370
17024
22483
21057
16163
10077
20169
4457
18971
12772
18156
21081
14186
19379
17587
16169
20965
16050
8908
6294
21479
14485
16720
13698
5154
7416
1976
24984
21350
17513
16095
234
3574
19028
13137
6376
4151
21370
9609
3672
2995
21221
12921
1249
7104
7313
1886
12309
3278
20418
16098
15942
14424
5058
1908
18253
21822
13642
8475
16885
1992
11343
171
17178
5624
10496
23993
2152
19507
9686
12123
3603
3369
21983
19572
11123
5999
7406
12979
19214
24913
9584
7289
4199
8009
22347
12684
17753
15579
12164
13341
13022
13753
14416
15874
10195
20601
17152
17523
8853
19105
12864
24742
3545
18599
1343
21477
3937
21093
17765
15466
154
653
4925
10980
17338
2787
7553
1476
496
1304
2807
14808
976
1549
4334
7008
1076
11738
1033
7109
678
4872
15961
19144
14709
14315
11158
7968
9072
23086
10020
7371
20921
13537
16472
14841
12131
13672
8804
24407
233
2931
1701
20515
8821
2223
24379
8983
8721
20406
21597
5724
16565
20001
17984
1866
16256
4866
9263
20018
21687
4949
2327
1814
3858
24033
12947
2794
20363
9785
17383
7740
6552
7930
10793
5759
22831
10370
4785
13831
3233
15829
9146
20006
5333
10411
19931
8544
677
13492
1897
4645
21565
9517
14057
22980
3787
13613
7203
14671
1490
13120
24389
15686
16489
19683
3986
20256
14411
633
23709
15990
11299
11290
24390
2121
9832
4149
896
15703
4167
8548
15477
16766
1117
5421
13295
14
16568
8762
1458
22581
24669
20541
24795
6152
2502
20530
24689
24167
9541
19879
20273
5163
19273
7149
11706
13562
11333
16292
5106
15572
6768
19935
7907
13968
7246
24873
5897
12422
1205
12647
18578
1505
2822
17339
8942
19611
6896
23030
16495
19112
9808
4867
13803
8633
23544
22863
16364
4754
14349
10051
3982
20285
12052
14762
5508
164
10913
2547
11628
16699
15761
7443
18254
6216
6513
23181
1746
8876
9439
12068
24519
2254
5461
3708
14611
11527
11301
8949
3249
17303
2653
2456
19072
6961
6307
7498
3463
4503
13905
10631
12287
13985
6989
4443
4227
1567
2001
1511
8803
21604
9859
22450
6804
20712
16416
6605
14522
8806
8164
22356
10285
5487
14542
21249
16347
8471
14738
7328
8459
5004
1153
4130
14428
23027
252
23576
18258
15809
19650
15658
12967
19483
5403
13928
2313
22715
17475
14617
23119
10806
163
6523
3055
13026
20901
23230
10156
15875
3598
12800
16786
18358
10698
6681
19340
6182
4971
18274
7391
42
24502
13897
3115
16811
13267
19099
17890
2976
2007
1429
16462
17357
3808
15554
4192
1498
7595
23105
18171
11031
19943
15091
14420
8438
7314
12177
19678
24948
20398
10854
2496
24399
9019
6456
10995
24752
11437
19624
9181
23554
19135
12363
14674
6056
4882
17230
13176
21697
8883
19038
20326
23429
3445
8660
5470
15205
18781
1108
15016
15922
10663
2640
6312
24569
16159
9435
21103
14421
10584
18569
22247
16837
23910
23207
13558
23606
9279
2821
8569
16191
18284
15679
18123
701
14009
16710
17375
10358
12173
4315
17177
13924
14592
19964
12425
22851
15681
14040
23751
21207
19129
9835
18774
3313
20868
18387
5067
12111
11802
8715
11592
16196
5903
13124
9338
1271
24111
4671
7255
21960
24133
7763
9648
6171
24657
8199
4793
7392
10155
18568
7545
16213
4299
6140
1327
685
22752
22924
23428
8716
7528
12195
7813
24676
11635
22617
13145
19561
14431
15119
4638
9750
14885
9586
19125
3952
13521
6613
9024
20628
19508
11388
12075
5086
2286
10330
15151
6818
21919
14570
17447
22428
22647
23309
18961
8839
4093
10459
2112
6388
23369
9006
8419
14254
3067
5958
12984
18974
5168
3391
16232
18116
2926
3145
13835
20917
20517
17974
6927
20154
17657
13547
663
13610
4260
16765
20936
9194
11320
9478
16028
17791
8083
20400
6614
21253
13807
9408
21682
8843
2146
12025
21214
15319
20587
18024
17641
4388
13171
6027
16193
4278
13428
22575
23476
20238
13777
4674
5130
15758
3841
17536
12016
16003
7853
24107
3129
15790
2790
12581
21610
23780
3477
11218
9625
14164
11095
16272
19092
22797
15181
6987
6265
21980
13212
18875
12866
4124
6872
1852
17777
19760
20063
12516
8262
18361
13460
15702
3856
10150
16269
3134
23852
9765
10837
20991
5662
6908
21970
8036
9046
18208
18608
16078
14253
12295
3710
11882
6793
14141
15515
23140
6448
9160
8757
10237
9289
14036
1786
12497
13283
20071
14871
22658
16116
21725
16032
24064
5251
8213
20674
21148
24571
16283
9696
1106
13047
18910
9786
21065
6881
16985
7028
24066
2350
3678
14395
4676
8014
5465
12508
18646
20033
22101
9542
7339
17629
19698
16815
5070
16463
5646
19019
21674
9278
4758
8010
6695
13819
23962
11683
12877
20826
16964
17508
12403
12328
23044
10304
11777
3118
13939
12542
9174
7562
2552
14042
12427
20050
14715
3008
21505
4235
1609
19211
5254
5244
13158
20529
15345
13318
161
10773
18604
4720
22938
23989
825
9614
5351
4789
16587
19035
12965
2595
1745
2460
20445
2430
22448
23813
16208
15435
20669
11139
11271
17701
6827
4057
10484
7971
16977
19854
2225
3718
731
24924
18945
369
19266
15244
13871
17827
31
19995
1967
15060
15683
15619
18822
17947
21248
3160
21158
14680
5838
16227
4728
6489
15786
947
15275
22388
8115
15291
9833
14316
22080
1995
10401
22519
13843
9179
20818
12982
9190
23010
23032
15796
9112
479
4856
22205
20863
12192
5600
20197
11712
19078
10471
11378
192
15445
12734
5437
3700
24588
19231
9659
6332
17899
23169
792
23698
6727
1912
1731
10047
17052
922
1214
12482
1686
5258
4497
3219
9197
11966
9729
16630
14028
11165
21875
19841
4947
11227
16115
20561
7844
15349
4428
3583
17761
35
22256
4145
14322
13112
5956
6386
5884
11315
8376
4076
15061
2705
596
4885
3343
3161
5328
12460
12056
22790
18124
21195
6922
21213
10389
18077
11852
16221
24189
13017
14544
19521
1414
18550
1096
21789
4597
10074
6864
22178
17972
7242
8568
13395
24855
23242
7724
19253
21237
20812
21088
4399
13603
6824
24677
6587
7767
16099
1640
11890
2147
20330
285
7218
10245
8506
8584
18583
7588
3532
3578
20115
6651
4895
16195
13400
23909
16149
7015
13121
15483
18542
22427
13203
12664
9234
20511
9315
7307
14306
7102
4745
20092
7856
15227
6936
4744
17714
9978
5830
21863
22923
11722
1383
18606
23608
24429
650
17385
11597
3859
17246
23035
18625
4342
18820
2252
19229
14779
18049
19408
23314
15166
10586
15944
12174
905
21449
3528
22240
17585
14067
22904
4101
17904
20986
17756
18682
18559
1641
15071
833
8993
4367
22774
24721
19866
12486
1386
17067
22239
2267
11376
22547
21342
2721
18488
14726
1782
12843
18927
16676
7521
15578
9494
5388
4245
23856
15094
20233
20714
21061
6059
2648
7976
2490
11805
13222
13633
21766
8191
23676
10230
13251
7798
4109
6436
18202
17510
17260
18095
9573
19300
7723
13849
5314
24387
20544
3815
5482
21274
16262
13345
16365
18976
23158
2103
15518
24509
10657
23458
3659
17896
7002
8408
19331
7754
5026
19523
4052
8403
2182
15691
18742
23098
23738
18217
2597
17423
13443
13678
14633
3584
10946
16674
9450
12089
20269
10442
24383
777
14528
24596
4942
2673
7793
6466
21480
3970
8752
8863
7250
9032
12146
23924
454
10582
4297
290
240
12878
18675
10619
14497
22520
3388
20941
4511
22359
12577
14342
8282
5452
21886
7086
7874
7981
14372
18376
11471
20191
5862
6953
18476
14718
23312
23129
13337
1239
4705
13141
3061
13095
17825
20022
20848
23302
8030
14494
14002
1851
447
10310
13227
24496
12453
16849
3644
13425
11648
6752
11126
9924
15014
2971
14378
13056
22067
18730
23460
9795
10691
9239
24861
16536
12391
2716
12493
17090
10593
12666
14659
18991
11153
20228
1688
294
14375
9743
18184
13313
24782
483
5836
24479
9170
21567
20828
5519
19081
1302
6008
10113
16854
24972
17895
12370
4494
15473
1085
17208
7394
12286
2896
17343
15907
13354
3498
6631
22342
8784
7034
17865
16505
12736
3567
23951
4585
22695
4468
4029
24958
3767
18649
2942
3798
1755
15618
3586
11211
19529
13632
7567
13740
10054
2274
7904
19948
1931
10035
3836
6646
669
14425
8996
5484
6897
2739
19425
19492
17726
10141
18511
19919
24557
2643
16264
6066
8924
5321
13280
24887
7986
11843
16338
1907
10090
18172
22503
4371
24262
24997
10159
22051
2818
2602
3844
20286
12326
1777
23229
20603
12948
2574
17870
8906
7420
7302
18522
22539
9129
9531
17077
17854
19122
1237
897
7411
21579
16685
7040
11886
20867
23955
2474
838
3417
5896
13055
19235
1382
6556
23028
24897
12527
5530
14399
22133
14014
15820
560
12027
20084
17757
6412
17886
17906
18570
2800
1751
23493
10006
24701
22493
12629
24435
2851
15250
10267
10566
8379
14792
15454
23714
5664
6721
15902
10247
24052
7377
13311
1736
11534
9949
20193
6327
24711
16732
17197
6665
1721
3068
170
13298
11627
14669
6037
11863
21296
12150
7977
24223
16924
14913
8380
3934
22064
23370
3741
10910
982
16741
5327
3329
23026
1430
6558
5299
14445
6117
5378
24381
2128
2109
2882
1045
24101
10384
7417
18970
9576
4804
18810
12784
22746
13415
8056
18291
20734
2409
1310
11099
24299
20259
23102
13270
15343
8973
14948
14341
6764
8995
11358
9441
12465
6683
15073
1523
4775
17892
16971
13382
24927
2904
22646
7496
12092
10196
254
17799
9909
19047
20390
20318
16909
12258
11932
2580
10747
1077
20324
11022
15985
20487
9692
3164
781
20387
19794
14740
19725
8794
15642
23472
11573
18981
2197
3776
23948
21222
16300
7364
12399
10151
14153
20354
20978
12327
18110
20407
20334
16387
21443
13592
24491
21362
20927
21871
12899
16036
11476
5222
19057
6684
20051
12130
20919
14945
21359
5705
24595
11443
3683
23324
6911
11944
22994
945
2609
2845
13738
3025
18581
3276
17291
12029
19974
3020
3279
22154
6347
21918
18898
20222
17356
20781
18008
24403
20223
3465
8844
12205
22360
8090
18302
9902
17821
15565
17207
8401
9108
17893
18093
21731
24432
8180
4322
8465
2565
17254
5556
8359
622
24028
11879
21001
17164
2302
16881
9907
6357
11019
8277
13218
23078
6421
18151
20137
8616
15467
7728
15020
22194
19089
23084
21525
8564
18538
14001
12669
11867
24946
11800
694
18057
18228
10391
19084
13417
7547
4013
20559
1075
13077
3292
13609
8455
3004
23646
740
21489
21302
15939
20856
22008
12144
24374
22728
2506
16954
4787
23358
17324
3409
14535
1960
19274
19732
7576
16509
6280
2189
20189
21754
13922
18013
8203
23059
18129
8566
12956
22076
10846
5740
24179
24216
9128
3648
10715
3201
8254
18338
15050
16051
1275
4997
16183
20801
18571
6774
3892
2531
7222
5944
2271
20988
12894
1139
1766
3828
9925
15036
7069
20412
19874
12194
4653
3662
19082
9716
2314
7446
2672
24014
22829
2204
2606
13596
4348
11680
21045
4599
13462
18694
2212
13347
14973
6191
5684
3992
21900
14756
22236
24932
1890
11524
13130
15731
1536
8938
23000
7225
5535
3547
13472
8767
1154
18812
17171
17677
9267
4269
24973
17699
11711
24174
1849
5639
10227
22998
5587
12733
18035
2470
16769
18333
21251
15158
22181
9551
2382
10886
4259
3282
9031
23406
10168
13941
9298
10231
13694
6576
22872
4350
707
3818
12600
22808
16788
18015
17498
19869
7635
1365
23756
21652
12939
21903
9365
5191
17161
6062
8626
7354
1651
20038
4393
19491
1259
12434
15536
15553
24690
6508
23631
12523
15093
9860
10372
19260
15143
7583
382
6144
3143
11174
4449
2072
11692
13508
15845
20267
10514
16997
869
775
7278
14532
24526
716
18229
20814
14370
9472
12900
2426
24467
24649
22242
15
17403
6877
20217
2448
4596
2891
22207
16117
9320
8747
8577
10725
4244
14583
18554
3509
16479
18997
9572
24500
20008
22657
5116
15139
835
23445
10063
24587
10763
232
24666
13021
2158
15341
10750
16182
4510
6934
1987
16719
7792
13247
21233
9780
4025
4074
6331
21737
15108
13507
13511
11152
22767
6932
22947
2729
18773
23208
7067
24044
14079
10351
15252
15187
17675
14298
4465
11714
7032
4268
8347
22912
5005
24612
2401
13486
8533
11210
23842
19927
22749
1990
13388
19893
6271
8665
18409
7510
18953
9013
12079
15078
13116
18148
16746
3021
11086
7753
22250
17776
23398
5120
3864
1507
12285
3005
18070
19070
18234
11250
14484
17101
24966
5474
4973
24523
12008
17500
20439
17586
19056
16336
1442
5419
22044
14630
18175
14386
20852
11285
8776
15982
24662
11475
336
17944
13192
7243
1453
15882
1985
17424
13880
22553
15823
2712
1415
15370
16914
5196
8476
23349
7559
19238
1815
858
7725
11209
8826
4786
6503
6975
21588
1397
21908
7599
10017
17664
23173
9363
15868
13066
3635
280
23660
44
17393
20688
15559
13587
24747
2699
862
12452
14895
23636
9741
9863
24865
22078
18214
12433
23602
17549
13966
19199
7308
10648
16511
1823
17013
13594
11396
19061
10497
9737
11656
14456
5280
23627
12466
16325
8181
14609
7151
24304
4137
14930
8621
15156
13526
23405
19704
17142
7561
4520
9706
23972
3139
20536
4021
23925
6355
2057
17560
6462
15903
16066
1541
21015
13625
12873
13364
5747
9395
23225
17992
13453
11634
21012
24357
5240
9937
18541
14205
7727
21
20343
7495
18704
16762
5696
8207
4229
5533
4344
12855
18882
4572
18508
13465
20743
10338
5780
11044
14607
19696
5570
15739
811
13876
4049
3525
24406
16857
16
10626
10163
3904
450
5227
8208
7858
11326
19313
24127
2095
12014
14273
10240
24786
15525
3047
17113
182
15752
9997
15145
1170
1409
18475
11548
247
20893
17719
12211
1155
19444
17293
14786
9295
16459
4122
3865
21116
19878
14023
5893
19328
24715
7964
8381
12096
19280
10142
19525
2526
16743
4162
1093
20838
10162
21827
17507
24648
5761
11726
16838
15756
18536
110
12224
10329
6070
22065
18290
13014
22893
9768
15968
16238
17098
417
6083
15600
2178
9344
2585
17909
15715
13229
6361
9040
21503
17155
9047
15331
11855
17521
13500
9617
3905
23662
18800
745
1949
9201
12237
19890
12002
23249
14705
20061
12737
16079
5492
24637
6484
5049
19560
23389
8176
19598
2405
6390
67
10705
1238
23353
9710
2315
20505
17128
11488
6694
3291
22288
225
4046
431
10300
265
22733
11319
21611
503
2796
10432
21685
20333
13226
23482
1568
15607
24884
10225
14783
17784
14713
7123
12214
23684
15313
10965
20044
14819
14956
3845
7651
14681
16864
24809
12538
19562
24106
11713
22738
9934
5211
24761
17505
4890
4923
24328
18763
2494
20624
3762
13858
13149
13357
152
22691
8159
24977
4588
15560
18256
7503
18966
10697
13235
21402
19980
390
10543
18068
23839
13013
21989
14664
16725
6790
24230
1447
15824
16826
19
16809
6843
12324
6574
1128
8509
15708
9467
18840
18737
17482
2339
19402
19065
190
1140
22839
23381
19392
24811
6865
23808
8599
1079
2185
1610
15476
13854
7298
9479
20577
24067
16299
1405
14212
3185
4883
14683
19157
1148
1312
1027
1001
8822
6032
8248
17879
21574
12120
19348
22965
15588
6572
346
1680
24547
7699
1178
17203
24475
21669
5297
2482
16298
14176
12322
10766
15819
5876
18894
8168
10706
8801
4053
1421
8436
11204
8518
13300
7826
16121
9896
24905
16677
22056
8825
7551
16215
1789
21010
8434
4659
7917
4190
17553
16320
5835
9628
7440
22248
6272
6135
19667
11673
19051
13263
10096
19673
2707
20915
7548
18458
22182
11425
1191
16421
21225
2093
12110
22906
24710
21584
218
21623
19920
810
5213
23066
8639
8470
1492
19119
15696
6615
23404
15451
24276
11723
7145
11042
8713
9629
1297
19443
8649
5270
6341
9825
13083
2690
17184
3123
3406
19818
9509
6025
13274
18379
22374
19410
24763
12761
22722
12987
13242
7066
22177
5757
8812
3236
20130
7299
5308
15725
19623
12619
24038
22630
8171
14464
15318
22723
467
12759
19339
16560
23598
21241
307
15927
17615
17735
7896
17963
3382
10668
2424
24670
5764
19536
8416
14204
16778
19534
7837
18977
12179
13340
12372
12487
12443
8496
4128
19590
4820
523
22088
19759
17371
15400
16965
15899
6968
5927
20611
10023
7128
8402
18874
8132
17290
17297
4499
23167
15543
8000
24400
16392
1598
100
23095
22031
22607
1652
8748
15110
3496
16920
