23657
8062
521
12221
22763
18761
17818
16550
21935
4305
7199
22550
14790
12073
9540
1526
22686
22873
13426
15514
12302
7714
12170
2998
15511
1036
23456
1346
2094
16260
12645
20294
4152
14443
10305
2487
6194
23963
18112
21765
23178
13555
4295
4041
7314
12250
24780
1934
11974
19866
10109
21718
17720
19659
20443
11611
2623
23414
10479
13296
3334
21021
19681
11385
3750
20794
12558
5502
12944
9098
12247
3239
21822
20060
7434
3304
24794
20469
15251
23131
2251
5151
5086
6111
5965
24168
24157
1580
6910
163
6572
20903
24398
10482
11526
391
9299
5311
8281
14648
21367
23586
20941
18694
16625
1434
15480
13329
6761
3294
18443
1273
1382
17933
7323
23820
14581
4863
9965
11577
18624
13616
5551
10816
16236
11838
3941
2100
13059
9043
18132
15871
15790
8664
1928
17721
15995
8372
18264
13851
16118
2230
20870
2754
20055
15346
11686
16023
722
17584
20437
5500
23154
8126
11323
3478
21741
3624
12015
3790
10485
5113
11581
1200
23837
22538
14188
13116
24488
4453
1080
15108
804
2872
24747
20872
3017
16448
19145
2934
17122
14210
18063
8236
11062
10754
16823
20875
6943
22436
24762
7875
22605
57
11575
17887
18892
18663
5564
10
8366
21651
22099
16297
14437
4377
10374
11489
1136
16650
11511
24037
17338
16709
5706
5186
737
14983
15067
1143
7912
3931
22150
14876
9213
1031
8835
7268
12039
575
9846
11852
21590
19293
5249
5858
10064
7770
6357
20274
3815
1292
12717
24235
14641
8685
15412
5187
2076
10890
2347
21190
22064
11178
17336
2601
24976
3177
14812
13972
8697
8431
5944
18978
8661
16833
1574
8181
15365
16060
22989
12378
4457
15957
4464
12031
1737
4127
16670
6014
19062
13026
17995
7083
20252
7790
15943
5616
22026
13235
15756
15211
21105
6076
13572
21160
1729
22241
10450
1322
19779
21302
19175
3220
8726
17976
7152
7248
2733
623
13882
8926
990
5480
9573
23006
6980
20217
18582
13177
4159
13931
2596
14984
12011
7758
10057
20904
1251
12546
22658
4005
19684
23385
10310
4952
16387
16321
1710
10567
105
6058
3149
4902
13776
17092
21117
21218
24542
24348
9485
12126
5153
13197
15575
3387
21469
24836
3359
23484
16402
24625
11632
19154
13746
22741
3499
10539
24431
810
2319
5839
10863
20634
3472
21081
10617
10361
14905
20081
1775
21770
24830
2177
19387
22393
8139
10992
2484
21451
11473
16687
4196
15665
9215
16460
8679
14262
18273
17564
20365
5028
6377
19399
9370
11482
7577
24480
21417
18345
20604
18188
18436
865
924
8803
6829
24031
19070
23965
848
9824
4633
6104
3871
3073
3843
1358
11673
2975
21478
23991
22673
5816
7326
23396
22774
23520
11866
10681
20519
3385
17851
9642
6862
1253
10773
22861
21239
560
20235
2271
7005
6180
3215
2939
14484
8692
6035
10189
22777
16673
21173
24054
11044
1952
2908
24616
19718
1137
5130
1023
24435
9435
2765
11136
21857
24857
19576
9414
22060
12764
24408
9915
13456
5071
20580
10897
8900
5375
21319
6780
16430
19528
19032
6088
11469
10260
18077
2180
2990
18332
23380
20137
22816
15035
15231
12772
20414
5565
14240
10927
17581
13570
12538
20581
10191
17524
971
7182
16712
18172
24278
12282
6044
8292
23241
4764
18117
6795
1209
11617
18974
13544
12629
15868
5520
9378
20525
4620
20843
22723
24539
14742
15562
4129
3894
12358
5740
3676
17009
23420
13308
13076
6538
13510
19157
22081
9288
2517
12176
11663
17717
2185
4582
9344
21421
2420
19241
6438
22521
7098
1563
15722
10983
17873
6523
19698
20338
15034
7267
5470
8127
8949
13780
2091
23390
18830
8219
11664
23652
2515
22858
22111
7148
350
19920
8813
7049
11071
2116
19285
23738
1783
24885
23008
22778
21872
4500
14353
4155
7627
15382
17395
16286
24551
17519
21134
18675
19427
22171
16244
19163
22990
23612
8885
22133
6179
24829
14209
17301
10732
6596
8114
5895
17713
8623
10139
9210
19418
9514
19159
7623
24521
3696
24300
4359
14074
9484
14008
14477
23675
20200
7044
14011
11772
5483
22818
5021
13038
19199
14108
7172
4638
3677
9945
2111
3982
9793
14730
12531
13889
14865
1483
11887
2877
9520
7289
23634
117
22369
9584
7449
3529
15517
23145
4877
2588
19268
5548
6036
18303
3864
16396
15328
16311
1485
22532
5100
8910
16742
12171
43
24917
2083
17250
19466
18410
3059
68
22591
3839
7375
24700
10795
9314
2747
16087
3781
23088
23175
3353
13940
16646
22637
6002
23864
6690
19716
16139
24382
2048
8059
10845
12866
1496
14352
10999
18737
21913
9302
22530
18216
21612
20132
16852
10497
11856
3442
11260
22435
2543
2262
626
10675
9116
11177
4626
4312
20661
21622
8775
124
6641
11900
1681
6053
21207
17992
23746
19584
10878
953
4766
24428
19949
14231
5335
1389
21617
12065
19133
17901
9646
3552
2370
1002
807
13257
8880
20424
15928
24084
2734
13751
22598
6388
21954
4477
6199
17008
16421
6724
12058
832
17916
9433
3008
19758
4017
16184
18210
7327
1221
6157
18248
23662
4248
8536
10131
21362
20885
10224
22918
1276
3370
1228
6134
1763
15243
23987
7391
18031
9658
24509
11943
12878
9576
20040
5896
2061
6059
10417
6279
5140
15022
21232
9067
24628
22670
21358
21165
2824
2046
16778
16951
9311
21931
3725
5559
1463
20458
3662
13370
23878
11003
14460
8086
58
19025
11608
6056
17430
20916
19394
23031
5883
24454
6237
2741
17466
10906
8103
17190
9361
24143
21264
10180
828
21237
6573
17413
2598
14070
3058
24956
22321
549
21454
23692
11258
22146
12394
22528
16470
1983
557
21587
21167
16020
11605
16896
21076
8675
9409
8640
21809
17109
260
22745
24657
5090
7700
14510
12115
19176
6006
8095
5276
9553
23172
6873
12227
12665
18841
10683
3098
2193
7593
23298
19901
23574
5601
4474
11801
15750
15884
20747
20350
15433
1971
10075
41
14369
14164
7337
8781
4765
15520
13380
12771
22066
8796
17177
2286
23852
20749
16901
21497
6618
19832
19766
5676
148
21202
22468
11494
12138
16024
6488
24444
5177
3927
12112
11353
13251
3955
9229
24813
20805
17819
6013
7585
17899
9808
15141
17649
9222
19404
1173
7047
9483
17925
9718
9309
14228
6407
456
8243
3178
20956
21399
14067
9977
824
21986
1076
2693
6774
16855
13187
10431
13424
17785
17816
16759
5976
8894
1594
1025
13565
18211
19855
4516
1718
13105
12869
16636
11787
1344
24691
24982
16131
2088
920
23081
8850
682
1057
13914
15510
22830
10708
18884
12008
4072
19904
9348
8756
18016
4911
5325
11631
11524
4693
6749
19838
3629
7094
5080
23242
14349
16800
219
3565
9250
15300
15934
17125
12875
19283
3450
7735
5861
8109
12693
9961
10679
14815
22958
20702
1688
17156
9056
9417
10677
23487
11505
8999
2040
4672
12373
13657
18299
10534
13073
17611
17556
22424
4644
21775
17618
2407
22248
10074
15587
18685
126
12038
15028
10435
21072
2288
24096
11207
19341
10583
12216
154
10344
11295
21633
6077
1798
414
23497
1098
13520
21476
8918
10525
8842
4768
8965
21293
64
24381
21996
24012
8702
1826
20825
4750
24402
3004
21398
3543
23283
4342
12092
3120
3145
17599
6126
3714
3560
11780
10391
19697
20745
19579
9869
23229
19343
11392
23596
14127
20621
19944
4223
14150
14679
23340
14577
18058
85
14734
15427
12983
22087
17361
4598
4395
20210
1157
19002
15325
21952
5301
21700
13286
6413
11391
6891
12406
6422
11338
6412
9459
19639
18715
3077
22821
10198
10009
15862
2856
22458
19924
23564
20303
9310
14656
12045
19607
3419
7586
6165
6061
18558
16287
17563
4135
21029
19116
21654
10518
21901
4468
23938
16492
19860
15833
1204
9106
707
15863
4828
24681
19165
5252
718
22916
7310
10760
13428
13044
5881
15278
19784
23293
13403
20917
18625
4852
4749
367
21247
13888
7253
10465
5444
14891
5033
5052
17648
1369
10649
4744
23562
4864
15332
4164
11503
3530
504
2460
14816
20176
10436
19435
12155
20042
5264
21819
11366
4754
17663
15993
51
16693
24251
5514
5929
17762
556
7485
20591
23058
2255
1174
15492
12473
3646
15222
24854
16192
20587
20498
7075
15208
20445
14880
24331
9770
6178
19605
2055
16101
24777
18487
17974
8830
14559
2844
7705
3042
5307
21366
23108
12273
11588
21438
3482
15774
1787
20754
1045
7358
3517
15282
13004
10810
8944
23418
7772
21313
7845
6994
12445
21780
16259
21314
24053
3834
24263
19701
17026
4619
14773
18602
14558
10072
18042
3061
20664
23038
928
21956
24615
8543
14183
1270
2853
1492
18571
16729
16432
5791
20791
15338
13137
3051
14290
3874
24856
8344
10977
12559
17710
7980
12293
23479
20223
6921
3444
4122
16893
24457
17829
5820
19516
22719
12492
11989
18867
20253
16619
12877
18174
14052
21946
7229
4461
19393
14904
3428
24970
14700
13637
3752
3997
9687
21038
9020
14696
24225
7366
14280
6659
15621
13514
10225
21337
12066
13775
22781
11794
12374
17390
21656
22426
17030
22525
22802
23353
15135
1870
5032
9503
16657
13211
4526
11570
120
22481
677
12954
5284
23948
3233
15096
17700
24898
19979
20255
3911
11792
10013
6521
1692
18588
4035
19204
22182
8945
20728
9925
18528
21238
23278
14890
11536
24007
18793
19738
12937
22358
10964
20777
13556
17998
23823
3368
5353
11426
16
22205
19141
24338
19317
17852
9388
16638
3219
14249
6359
23326
23518
10425
18192
12496
16883
6545
1447
19186
20557
20997
14554
7420
15063
4388
1215
7833
11719
19290
1875
6536
24472
22079
16406
11847
1819
23197
18603
24392
11944
6003
14277
6906
13096
5684
19356
8523
21460
24897
15404
17613
6252
7773
7233
5683
6411
5441
2435
22829
6668
1437
17013
15978
1602
8089
15937
14682
22902
2465
17501
2268
4260
22056
23291
4492
2760
15982
24563
5489
24696
24275
15157
20636
376
7609
2481
22398
23371
19617
16324
23580
6670
12380
2183
12490
11089
22701
4892
9150
10367
17426
9748
16494
3825
16832
14775
21380
8293
20407
3700
11752
22400
21179
18930
2401
19773
13992
23320
6063
3746
22974
20428
12416
21108
1565
22145
17594
12611
6732
21139
17002
3082
2632
9307
19854
16839
14255
19915
13293
24149
22449
2446
7902
4637
23436
20476
23417
18964
5560
5017
23376
20720
21976
8149
16517
19003
8522
12237
9137
17364
6458
9997
12048
5845
17582
10338
14719
12055
13647
11675
5137
1210
5040
18463
12670
12271
20198
944
15010
7621
23141
19623
17793
2376
18919
12475
14947
5377
18534
999
18569
18104
9556
9477
23857
5652
610
17041
6015
21123
22955
15047
20212
17145
15060
13772
16621
15311
12266
6332
16482
844
20959
9513
21861
16403
24495
23341
12064
22318
5948
10963
16048
1060
11591
4062
437
6075
20523
18393
13966
18940
22036
3562
11423
24106
13089
22730
24279
6434
15803
9464
10199
2148
13373
23609
1260
13088
2284
21409
17377
6875
12746
23289
15728
11227
6840
7050
12852
19357
17920
21246
11081
3892
5973
19055
20483
7890
18670
19712
9598
15026
17437
3827
10329
23522
22325
13665
10711
3772
21881
3414
3281
22008
22178
8485
2026
10082
8723
14711
15443
11864
21830
21615
18512
1387
16892
4561
23862
9158
11146
1609
8115
20216
14420
2468
1996
18291
18961
12319
5129
6348
11916
2008
11709
6396
2891
14898
1863
22590
749
24532
23439
20845
2862
19416
13962
151
20341
12995
9838
17477
14072
13553
3272
8691
2191
3675
22097
1055
15239
8442
1993
10971
2687
2063
21993
23020
7503
11922
5547
14970
4452
5371
6344
4831
21660
6154
16304
17711
158
19913
14840
2176
3369
258
18860
2413
1605
16052
18486
24735
16889
19188
14299
7082
6191
16277
20721
2538
3268
20914
4230
12756
15741
5710
24094
22609
17806
5711
8825
17366
11946
6583
12624
22661
21113
24999
24105
24924
9289
19371
17875
2898
6646
13412
13689
3643
3520
3867
12793
22156
12850
13359
13294
19555
8088
9990
1840
6296
24567
11017
16752
5588
15589
1479
11756
22013
19883
21342
23431
7003
23222
11126
12508
19537
17768
22129
12056
2584
11009
19340
18461
547
17522
7635
19865
20211
5128
19368
23462
15364
13701
1517
23057
17103
17309
12274
4032
6021
2516
20776
4896
15568
17140
4021
6621
14429
10548
23372
843
4299
18473
13420
10213
617
10722
24526
16050
10855
11478
16069
3800
8526
24734
10862
18771
22984
1325
11486
1903
6166
15396
1122
15908
13461
7520
23377
165
11867
17990
18423
8690
12438
17100
283
15062
14500
17715
22331
9600
15847
8972
17050
22603
14813
19839
2492
11993
10552
11553
1488
6016
7088
19963
10513
9313
7582
7305
2318
10253
2035
12930
12359
21736
5807
14902
13640
4540
1219
5077
8249
5923
24438
13543
3156
19456
17209
6567
6069
979
9169
23570
6392
13525
4904
14051
23628
19075
14229
10144
24544
21447
15721
577
1208
20789
23743
3770
9480
13905
9291
21754
15749
8903
3896
820
13642
10457
15413
3050
22416
2712
14901
9357
23681
14468
9677
24994
24718
10222
4564
5515
638
14508
5125
227
12052
15545
24379
4825
17491
17129
22937
24524
9693
10918
16758
1715
9790
6949
10877
6325
3883
17517
8182
15887
18802
11741
10560
4667
7261
11288
698
16603
305
8591
12328
18238
6576
7708
226
18206
14254
15913
7164
5779
23597
8773
14213
12609
22691
21709
22851
5739
22379
6929
13115
16505
15963
1946
9768
7827
13498
18827
9498
18845
20024
21689
11886
8676
2595
890
1402
23697
11082
17378
8240
21955
11428
23819
1151
16063
21283
18453
3579
8500
6345
15851
9968
15916
18825
9916
15403
11727
11590
422
19056
892
9078
15455
12336
23801
21796
1781
21093
3567
18272
8021
15456
15264
4028
16057
5815
21235
16134
7654
8338
6820
6156
21795
4008
8398
1557
18548
7674
23457
20517
16559
22184
12365
9933
22430
7907
19168
21022
16484
8540
15924
20666
5842
22135
9060
2187
19601
21075
1362
22338
10117
1331
5920
6065
9142
19107
23202
21873
13574
7779
20113
17508
13781
23611
8768
2052
19818
4534
16003
23491
2621
9909
23219
11363
14379
10622
9264
19632
12208
694
12225
22627
5225
10280
9698
22019
19106
17607
18256
13108
24517
24805
16398
19702
8057
23685
19777
10692
9461
7762
23225
11634
19426
6045
7063
3158
11153
16503
282
12647
20726
18851
18938
10707
6535
2306
22652
24292
8828
22308
1848
7308
12159
16643
18973
9940
10289
9774
16477
257
8714
4584
18629
15716
19583
3857
11180
12108
7112
17779
13795
29
8322
15566
20866
398
18960
23860
13371
22096
16345
9457
9312
831
17789
24366
8473
12502
3279
14172
14012
9637
18350
8680
24626
16199
18286
12019
2023
374
16956
8079
24036
14260
21124
7830
20238
22864
11834
15537
14474
17274
14147
540
21169
14587
2195
1180
5250
12690
52
14676
23727
1421
9590
5477
5280
10521
12883
6566
21838
2129
18024
9972
14423
23483
4789
3918
12106
23370
23137
7512
12791
15606
4515
11150
24129
12770
2066
6196
20191
6543
19930
14125
17941
22769
4437
8167
11501
9040
20023
5376
15984
21688
9066
22429
17999
19322
20335
13118
16144
7457
22761
17969
24843
7065
2624
21698
4420
13632
6620
7951
14326
3166
11119
2208
7234
9122
8616
24429
13743
10800
14672
6797
8315
13312
4320
8135
24514
8350
23557
7474
11452
7468
23290
23636
16445
10746
22078
9712
2709
23473
22502
777
11212
5191
14842
21392
14561
10842
20748
11196
22884
19705
11517
280
22852
7765
3946
10027
4217
19278
16757
7669
8699
12316
5874
12660
21491
9500
180
2260
15730
24608
18621
16350
2081
12296
12953
19804
7561
18098
14575
6244
3922
6590
13608
8534
6779
10056
23357
319
9199
16647
16336
19316
5075
12643
5117
24557
5464
21485
11175
2393
951
3289
19334
10888
6295
21697
21252
2270
21183
9342
9407
1074
9191
23684
9280
21722
18142
22343
18025
7168
18036
8174
16809
12735
16697
39
18903
21649
21885
2794
18049
19951
3021
24093
15959
4559
17414
3039
647
2818
23742
2231
8261
1630
14538
19425
7775
19862
6713
15784
17653
5408
5971
8569
859
11876
20353
9676
20733
16720
13216
16786
17828
15351
12029
23405
22604
3581
2151
1106
1349
2572
14418
19618
3642
21970
7850
13813
9201
1141
12902
200
5372
19083
12757
14557
21204
6297
6718
17854
900
6514
9383
9297
1505
7442
8818
16995
16512
10917
15669
17083
21245
23089
13189
9947
5467
14964
2530
24160
4822
20394
11669
14982
3817
15457
19856
13178
19941
23112
20767
9079
23608
21957
15267
14167
10387
21558
4473
8871
12959
18644
14313
20947
123
18482
22461
3223
7388
9425
88
10150
18622
10205
11324
4328
19569
1932
21053
14082
1099
2491
23127
17196
20784
992
18471
11092
15289
22692
15132
23260
14311
23974
6378
9926
9537
24852
12567
22148
23847
925
23331
87
10808
1224
20130
5751
17359
11147
10107
6770
8966
10664
12506
721
16322
19752
24923
7428
11049
5445
4109
4804
20145
22602
5742
19099
5149
7455
20074
4211
13860
20682
14023
8389
23644
19563
3393
13220
21948
16253
23909
418
22439
13419
15674
19460
2265
11467
1091
21035
14465
6587
11373
24111
19873
7524
16010
8531
22809
4753
6741
19991
8914
23445
6312
17033
6142
23772
2457
18157
10031
12415
17834
12183
7936
19870
8778
3170
704
21425
608
23179
14784
18030
14252
6655
17610
16357
1967
1126
17880
20653
5606
5503
3091
4414
24432
11955
17590
2799
4597
14808
15677
16764
3390
15697
24783
727
17119
13259
7707
15992
20549
9707
23330
22277
3707
15846
10058
10725
5846
23892
9010
23931
18258
15341
4046
5835
24009
22115
14900
13676
17461
13271
17598
9418
21923
15119
17698
22194
14893
15481
7853
12622
22063
23111
18234
12040
3245
8078
22765
15626
22098
8998
21524
8392
23811
8168
14030
18772
1001
9998
3943
14957
7889
19863
5674
11607
17639
2552
5496
16084
19287
22677
23536
7103
24561
13413
23384
18398
11302
9252
16473
1790
10761
17539
3717
937
5531
16136
5682
16472
13454
3154
9014
20500
9073
9924
23854
14861
6738
4979
822
3679
24531
12109
24833
21422
16071
3174
9908
19348
15670
13452
23035
11022
16125
12262
19406
12407
20148
11743
13756
8940
22085
2463
9634
22993
11769
2458
7943
8804
23737
14553
10666
13141
4583
19382
22707
22404
24905
4607
13529
5610
18643
4592
7398
10704
7681
6017
1032
14607
21694
20640
12448
12188
6880
17752
8166
8076
16401
18579
21729
19091
2772
7620
11707
15053
17665
23308
18358
7422
18861
5602
22112
18046
4368
1754
13150
13918
21963
13766
16065
22944
10167
7090
20133
4929
5563
4023
18609
19765
1898
18626
13203
16222
16017
8866
19793
14917
21762
15415
13532
2852
8602
19262
1042
14611
21992
19237
9902
5010
21291
3838
7448
11087
11460
16247
22010
22336
103
9332
18741
5189
23601
3980
18231
19776
19670
19521
10532
15216
24269
13612
23913
4969
17971
7307
12885
4860
19119
18618
5836
11078
10815
10186
8172
12655
8030
17991
17004
622
5755
1262
11843
5568
18419
3094
668
13000
10232
7643
6807
24206
3205
21352
19364
10255
8510
21191
4404
7284
23659
2660
13489
3306
11947
7881
4309
16343
24851
22554
6185
13634
20224
20667
9873
20718
10990
21850
12840
14569
9941
3138
20582
14296
3620
7508
4036
3920
12896
21464
23593
5542
12042
14208
14060
22254
6023
10347
20265
15238
9472
4666
18766
4662
13046
21212
14645
13422
16201
6901
7431
12232
16965
15354
8732
3663
22629
17302
2422
10413
22377
20844
396
4080
3332
17374
14716
18660
6024
6251
14513
16214
20328
9569
3402
17337
22725
16985
18739
21600
11774
423
2777
14152
16038
7496
9647
8242
20927
4987
13989
24354
15739
11476
19827
10181
479
17052
24903
4961
5066
6459
13892
19616
20258
8476
3794
22553
24652
1142
3196
3336
918
16051
10553
5595
17981
10818
14916
18131
4160
9129
11645
23616
4454
18292
7663
21042
342
22009
17151
2542
24491
10995
1359
21659
12858
11571
8955
21914
20806
10240
24997
19960
11215
16964
23566
12911
7378
15422
16601
1390
17084
23059
10605
19224
17892
7213
16110
13043
14710
3672
2175
19238
19514
1218
12589
3908
23649
2267
15088
16047
14961
8237
21575
888
8607
6915
1043
20304
4387
18119
11523
6846
18110
15344
12752
13748
4639
4614
19958
217
4980
16042
17299
1644
11325
11567
12222
20486
16820
16224
2845
3331
9850
16716
13395
5957
21602
5116
15452
10861
11475
24753
1022
9501
22531
5491
5102
20741
3534
24451
16300
1187
15408
15872
7836
17039
23648
926
11236
9784
255
13147
11123
1318
19663
18466
95
22053
11740
6260
13393
19664
14658
1343
3816
7212
5162
22568
7227
5999
3343
24161
21921
11601
14113
8440
21323
1264
22460
6908
1333
2726
16695
17903
24728
10775
12687
22812
16392
4781
13163
16252
22037
15844
2447
23703
12556
6064
3660
13812
8509
16728
1033
18514
17548
23041
82
14642
8541
10430
20269
17492
10621
2679
19545
11063
1760
24286
10702
2594
3592
76
8444
16412
7331
23029
10443
24253
1548
10592
3799
9853
23710
12213
11084
8761
1968
13866
8592
12087
15692
7545
17922
23254
24654
24276
18617
14401
3388
10864
12631
9149
17551
24944
9554
12569
20882
19184
21145
13937
8069
14016
12939
15420
17487
263
2680
19011
14347
17915
17824
24863
16342
14772
66
6506
17606
4581
14631
18995
14933
13675
8764
9322
14765
22372
6775
9209
16573
9871
24711
23223
18492
5345
18109
9131
9261
10905
16128
24390
15612
21889
14778
9735
8238
9371
20204
22854
18102
22983
19739
14036
23138
2095
15486
16283
14132
897
5381
6169
24363
9866
24640
12905
13663
2114
11333
11839
1417
15704
24748
21791
13745
18734
467
11908
597
2317
3622
5880
2069
22615
10398
5015
23917
3109
6792
346
21747
18254
14049
23794
16976
9648
5258
8329
24989
5905
5271
964
15854
4258
6869
22076
2224
16691
20655
9645
15281
3377
19179
21794
21788
13136
14133
4699
14606
99
6528
10129
372
15676
5983
2198
3959
5951
17312
15712
11863
16515
19063
17750
23856
12004
8557
3652
15822
21457
15823
15994
23880
5939
22648
16532
12841
18928
16257
6323
1230
11359
15812
24414
3525
2879
16975
17071
941
19774
16189
19397
12739
3649
4650
21869
2636
5688
12306
16121
496
20310
10005
11320
7631
16564
19110
6989
14896
16164
15523
4371
12988
16938
4168
16053
13599
24459
9412
24165
477
18941
21251
6213
24046
23419
22370
10967
1477
15262
20605
7194
14720
1440
15979
23442
13425
1818
11810
11623
2431
16606
8301
18221
3475
17328
684
2163
3685
4496
40
1823
20459
20656
19642
19680
16423
3768
16591
20823
3453
6275
17187
7667
12843
19234
6083
24707
8665
11806
17452
8496
19565
23807
24954
5036
10714
9894
12166
713
10304
17836
10336
12389
24801
4539
11358
13462
21153
968
1900
5409
3202
14801
18959
22798
17474
9368
20090
700
13833
5508
2171
21270
21771
2904
3715
12190
5337
7345
13346
6109
24107
137
20618
11851
17755
5534
2519
16597
4893
22801
24347
20242
14476
23496
11301
17666
14506
23464
19319
15155
7953
15723
17567
3479
1689
6477
20514
12081
23348
22988
9954
1901
21045
24373
4382
1533
1918
11984
23493
23447
19835
10686
17897
21823
9444
3358
14892
23147
21979
22885
20069
10275
14826
24288
12886
24612
11465
14608
12561
11168
5139
1771
12072
10603
6306
1713
12733
2729
14089
4523
14145
16807
160
61
4522
7870
16558
13416
20284
12704
872
15340
20279
9395
7899
19965
6355
6822
5954
6436
17807
22771
17876
6923
12977
8939
21756
1662
5347
23406
23002
19355
1831
23833
19952
22866
6318
13758
16422
12862
5793
20099
1193
8882
4269
12069
18765
6963
23097
15007
17087
6936
24115
23023
22740
1313
6397
3575
3065
19327
20908
12313
8117
16739
9661
9490
5712
2469
23499
3349
14799
10979
13934
21396
21046
22088
5550
19982
18249
9058
1667
21026
10787
21133
22946
1279
14497
13472
10259
14732
8883
20795
21763
12279
3906
4183
18996
7570
6679
5064
5237
23815
18057
23788
22752
10933
20769
8282
15369
16865
24676
20021
3631
8208
3078
16116
15776
20219
8711
15620
8537
11633
19058
14204
20089
2556
20883
7303
6416
18339
5882
10819
23454
20417
14393
14257
13355
11963
11554
20435
11417
9235
4512
1698
19567
22234
4595
12047
19619
5278
5448
12080
11277
21673
697
10522
14678
18173
9832
16688
24922
3326
3619
17428
13677
15284
17723
3644
13234
2310
24727
11157
1207
1381
15355
24124
2258
15976
23207
15883
3881
2506
15909
23134
15189
22166
16793
14793
7948
6331
8628
23332
24426
20106
6501
959
8953
1166
19592
176
14327
3173
8424
7401
8464
16320
2357
6283
5729
22551
13191
1320
22641
6188
5784
15699
10364
23916
19396
12154
18600
15188
20453
1319
11370
9127
1497
7781
2537
945
21052
9384
7891
9836
6027
285
11421
14205
10733
2735
1441
14593
22545
19517
12263
18576
17706
20838
11307
1511
202
1774
17888
18330
1767
22500
20230
7530
4588
9577
6856
16831
475
19306
1132
16309
10619
20761
3621
17062
22494
14931
24510
24494
22695
22447
4170
3117
1041
23849
1127
23434
24116
162
3630
24575
12307
12043
20985
22880
15217
18731
4738
6420
21933
18824
21091
12215
2719
18177
13978
19380
11326
8055
5240
3035
20558
11530
23770
11615
15288
1084
20302
13832
2157
14018
1643
4268
18988
10989
8888
19515
11245
744
12443
18561
20326
22221
11746
7475
19546
876
14085
306
2810
14367
11921
12480
22489
634
4300
18447
21467
2443
7963
13080
8574
15245
16019
18360
13511
22910
20036
10384
14496
20411
15778
1039
11814
13534
17741
4653
11662
4924
12697
18521
21845
22597
24662
21720
12910
2950
20281
22800
20120
20431
9651
19447
11014
8906
14309
5416
11002
19542
11111
2297
9783
14504
3112
18518
15313
16615
10025
22881
4691
21784
14736
13192
2426
5304
10261
13513
9460
11352
21727
7791
23068
12774
23745
22108
8744
19463
13408
14782
6615
23173
2785
23043
21284
22183
11142
8558
5996
18083
10817
14601
6402
14951
16822
7755
6046
2022
16251
363
14182
18475
21616
18363
21493
271
1307
13485
4355
7288
5266
22314
24198
13907
15922
13245
3030
2673
8239
13162
24534
24377
465
10377
11266
18405
9692
17849
6638
11383
16717
602
6976
7250
3252
11474
12565
16641
7390
2343
6086
19321
3743
22432
12548
17722
366
13247
2634
10463
18635
20299
14501
12243
5026
20344
5317
3965
5970
10145
14595
16562
21728
2887
10271
11340
16770
22513
15828
18587
4913
16194
17107
24695
9380
13138
15030
24128
24786
13927
5024
6502
17773
2752
10900
21067
19792
2200
12140
23954
22385
13540
6229
8741
2697
17400
17447
19969
4422
6649
16767
17172
10229
15138
5196
9055
5111
17218
14426
1220
3421
21055
24404
6007
10020
23571
1547
8904
7984
23595
20026
7481
6852
1289
14546
15493
2652
5265
10209
7913
1622
2062
6524
7607
24855
12827
18502
3695
10220
15826
23282
22092
5533
11761
8927
6526
1766
14746
1761
21712
20442
23946
4737
10122
18577
9959
7495
22045
2161
11791
12441
6161
2079
18000
1501
1178
676
8257
9382
16117
15637
4226
303
2361
23404
12949
13351
17344
18181
19996
14475
9120
5143
24385
10805
23721
10920
22157
1905
21953
20308
9702
8488
16772
12715
22189
220
23579
582
9773
20395
15386
23886
16264
16680
19929
9842
6548
8098
6637
21668
3749
2275
12651
14306
14992
778
1105
1617
6695
21605
1751
11528
13890
24536
2234
4116
12650
21565
2373
12449
4991
13936
19301
773
8457
19007
11854
3645
9492
17593
16653
24272
22246
9248
3085
24751
1416
3425
1559
23168
4524
8783
2843
9863
4057
19247
24937
18688
4957
155
22090
15252
15842
9777
1044
16305
23018
4487
429
14836
15334
7819
15291
4510
12992
3470
4038
14069
8646
8995
19298
1234
5583
16880
24665
9607
12608
14547
23976
17940
9582
10393
14702
4973
4165
1647
15224
6744
3194
24906
11883
2350
21536
21318
14488
18763
60
774
8345
21768
15451
5943
546
19078
16522
6466
20571
7861
9242
24120
7914
6702
19564
7732
19162
4365
13324
9009
19622
10828
16086
934
20000
8083
7698
19953
5357
4613
11800
21943
7807
11232
3151
12552
24512
11230
14990
20172
6513
14985
5612
4681
4628
22319
9006
17667
21032
17503
6896
13243
17332
4263
10956
673
10533
20737
9029
22352
5611
21083
92
18232
10238
17476
15153
20214
10331
3412
8039
9167
19291
3570
6767
24977
22474
3775
17765
9694
16806
8359
10194
17128
6809
20293
21389
11603
18844
21049
19109
683
5698
2963
12626
3090
12574
17739
3381
3183
22754
22890
16185
4659
18634
12778
16738
9549
7661
7818
10221
19342
16885
5518
17845
24485
19385
15938
21707
3064
18717
12354
11339
12413
8802
20278
3885
16092
23757
4848
1525
9613
13338
24415
18525
5222
9502
2947
18156
15508
6155
2132
533
15718
23817
1336
17617
18191
22893
19033
14383
14065
16853
19498
24342
22120
23303
10786
2586
13107
9471
17204
6439
10316
2246
12163
10378
11430
11763
7971
23087
14798
10015
13837
5163
18752
18080
5731
12796
6863
323
8408
2786
1864
5087
21814
21632
345
24146
21658
298
20651
13538
15858
18226
24644
3716
11319
21103
8278
8357
18313
17006
3978
3726
7721
19769
15259
15027
3541
1920
15050
20526
18672
19332
19975
7402
11797
214
24621
1407
20346
15968
13958
6137
15591
3638
5510
16230
5443
15071
18632
11480
10121
19320
6825
22215
19704
19465
11616
8081
6682
14395
13512
4747
2377
24921
24560
19985
2649
3198
23589
10484
13690
15630
12716
17179
9044
14223
15043
19009
5763
9254
10783
15757
11613
1637
22121
12468
7460
19102
4056
10045
6786
273
5747
22739
17894
13504
18786
4249
16847
2486
14020
17147
12077
5068
653
20648
1259
9542
12572
5038
10903
12127
21871
19144
23677
380
18760
23607
24985
13582
21404
22405
6965
12447
7127
8754
2009
18730
11311
22856
1733
11148
7175
2721
18665
10294
4180
15218
8217
7612
7027
23125
18594
18137
3037
15808
19573
1401
4265
2289
9899
24860
19790
24550
23036
24773
7076
11842
8970
19735
8247
22180
16437
18019
2962
20490
4900
20116
23056
14322
16504
23329
9099
3582
24442
23816
2919
21309
5635
3574
6112
6575
12729
16649
22233
6753
4261
7011
7293
11636
16407
20115
18849
22415
13515
23413
17869
5433
23119
23070
3282
9851
20349
1518
24384
6925
11960
15910
19338
18840
2238
2830
22305
3548
5241
17075
7784
10729
18224
18154
310
8713
4870
2985
12639
10751
23885
16106
23358
20901
6660
5679
12534
19487
9028
12929
20091
16866
21864
15359
5065
20007
19443
24824
7237
22410
15436
24352
13923
18085
13724
8279
6969
18163
3779
15336
20237
5308
20400
13362
3200
21275
11533
7924
17775
7393
3389
18519
10270
20569
13430
7296
24733
23761
2388
7687
4103
15889
14386
10007
9515
20436
8275
17365
22736
10201
11873
11656
23086
11620
16018
1021
2676
21745
402
24024
18331
4421
21162
16554
23013
1111
3926
19088
15544
18352
6081
16465
1788
10599
20175
12355
11753
15732
24293
2025
2392
1347
22444
17885
12832
2549
961
17091
4234
16921
658
24425
20101
18543
10112
1123
13911
8502
2540
2646
6991
13986
20597
24239
11513
14046
24674
3222
10644
13713
18383
13571
3038
15295
23076
23062
20427
7354
19472
14530
17153
11646
4242
5956
988
17943
588
10223
5482
8154
7541
10330
18942
2028
18200
18764
8325
21971
19372
11933
7688
22897
16791
17490
6934
9973
16188
24118
15861
9732
13620
14110
9446
12656
2137
23729
17986
7676
19857
164
1671
9855
21703
5442
335
14910
22261
1144
5919
9763
14236
2994
11651
22357
15381
10750
20610
13440
19673
1674
8461
17794
1304
22452
13974
3433
20171
1198
24144
11778
23285
22588
3443
8644
20491
7020
24334
8684
9497
12197
8570
22399
23903
8423
16248
6270
8538
21090
17896
22417
11407
20900
2532
7858
10682
16081
12971
8559
20283
20739
1242
18858
7412
24484
1573
2609
19138
17434
15463
19428
2425
13417
23302
20861
6909
16644
14846
2802
17232
5398
18749
1378
5224
19510
15055
7771
3589
18756
2896
5267
19768
11161
7353
12515
13491
2817
14158
7179
12881
24351
1862
22450
14586
14512
23113
5915
15303
22285
2102
2404
2103
14461
7479
9611
10670
19402
21679
21213
11702
9092
19791
21847
5401
5319
20313
5170
7144
21512
19767
8854
24802
12579
12795
23044
19614
16836
23012
4252
14190
5787
7052
21930
21106
9885
10385
20944
23022
16721
12275
11436
14627
1073
20993
4402
20853
13973
22186
6798
17280
14270
14708
6630
19377
19685
4089
14828
2283
13871
2569
6817
21494
6031
23542
8877
10528
2346
18506
2691
11556
11368
7746
23968
13929
19379
14612
5773
17202
23099
17265
11273
4153
13779
11531
6096
3263
19755
21619
23393
8546
18852
5942
11509
14783
152
17014
9597
22662
13225
13002
15825
6254
21584
8539
2138
7938
8928
5720
12286
2521
3992
11786
12083
15698
20890
3847
18619
11988
16393
4241
24894
8124
6399
20758
1116
5802
4108
13984
15179
2710
15824
593
6900
24001
20127
7216
1410
13291
21233
18803
6982
236
8270
620
982
22041
22575
15199
22249
6093
17499
3545
20399
23047
1570
19847
15330
9797
13952
21216
20936
14966
18890
19405
24271
1793
10365
12398
12284
4715
17157
4505
24815
6544
12714
11751
12811
11035
18496
16344
4088
6136
14310
22006
1992
16593
22071
19280
1679
24346
1051
14263
22843
16215
3659
22567
11050
10791
6529
15561
11334
12432
6508
14102
7342
13261
13980
10036
6581
21441
2992
1704
18186
6437
8005
14194
2483
21588
11964
11506
11940
23438
2776
4451
3902
11117
471
22755
17684
2751
21950
2987
8256
10437
24380
5641
2070
17862
14316
6617
2213
1822
6084
5034
19884
636
17283
3654
20858
12667
18479
24189
2948
9626
4801
23569
16609
2642
17391
14536
24861
19634
1171
11643
20892
9293
7826
23949
21023
13358
6278
7399
19905
14749
9041
22833
9282
14545
9691
23822
1456
2235
9877
9907
23009
4579
2424
23091
6722
806
18697
5101
19122
20364
20804
7587
8647
13549
23709
20759
712
21748
18003
2097
11203
17855
10037
11935
8450
12347
20241
16232
16062
5781
20848
11110
12202
23951
5390
10713
22208
21739
16107
20332
11704
4189
18921
24600
5890
10368
19000
607
18113
20355
3856
23259
24996
13913
21157
17058
1059
14531
7336
22862
2935
15999
12507
14738
24983
3357
16819
19732
18488
9747
16890
18185
14788
8498
14215
7584
4697
5664
14178
11699
1464
5256
17575
19217
8324
19655
12364
20966
1921
733
19282
11953
1197
24876
22035
9624
2828
10923
6627
5800
2000
18308
5341
1474
23132
22445
24959
4007
16929
19978
13318
11045
21154
8358
13402
21433
15301
19588
22837
19294
24375
20642
15425
18836
5914
22242
17817
17987
22119
23270
368
9356
2730
1882
23136
8909
5527
2767
16417
4906
11773
24590
19098
21177
7061
14565
22653
15642
1160
15667
3762
22173
16724
18895
15130
2911
20772
23133
2839
4418
2227
12320
5400
8782
20298
10968
20068
18048
7170
21394
3011
11823
21017
6302
11250
18365
13411
1061
12175
8669
11133
9091
18293
10693
22589
12612
146
23901
4569
10969
21988
18287
12519
16922
15064
21391
8153
13481
19172
21036
6004
20078
8982
2327
12317
19609
17744
14417
15315
10060
13267
5955
4971
22333
19413
23922
14300
4336
4198
21039
23726
21462
20345
5806
19074
3363
14597
1237
1484
9290
23215
24230
877
6705
16285
22584
18106
2945
7350
19872
8760
5827
2647
9574
16560
5824
8715
5045
16944
20617
15198
19629
22712
2669
10423
10945
12775
21321
9727
20819
24800
20197
4981
516
14137
8215
22635
18554
17718
16149
16991
6696
24071
17587
3269
8091
13120
12812
11371
15128
20801
4660
20416
16863
2648
4094
8897
11599
15882
7805
23695
9942
21801
22089
2657
14284
18580
2430
4669
21573
56
4556
21773
1740
8235
15477
13706
8352
16469
12625
55
7443
2555
17957
22498
12964
719
19475
18698
10097
19813
13771
24908
23361
8323
1811
22921
11225
4086
6309
5438
21403
10899
5871
10950
16155
17005
933
470
5461
17688
20965
6481
24136
12349
21155
17480
11116
12555
5879
14298
270
19974
1290
19040
4090
16068
6433
10572
12641
8678
8916
10812
3311
15521
1459
16203
17486
11534
17027
4439
14980
6756
11594
1987
24958
19620
10414
19255
15898
2811
15200
21607
2104
24839
4917
10134
8248
17514
15079
11041
7865
9175
21370
1828
16677
11820
3989
24869
9334
21140
12637
10012
21226
5794
474
13396
15387
1007
16563
3833
4145
20972
16049
259
80
23838
7318
2378
13367
22976
4292
14967
16794
21445
10342
9601
22624
16464
975
6443
23861
2004
15965
21907
22342
12254
21628
5018
24934
22395
13175
15648
6616
20674
24706
21259
21240
17562
24044
21343
20709
20925
18661
9826
7285
9456
12747
1058
21094
18671
20849
8361
571
20755
4390
11372
2866
3684
11019
22101
11322
16292
18490
15584
615
5893
1956
8008
1661
6854
10671
425
16368
23507
3713
10932
17291
20696
20065
16903
4143
24147
36
12002
14998
935
8615
8790
24927
9305
7033
14450
15384
9786
18189
17853
10217
7704
18296
3250
14470
20408
12025
7335
902
898
18556
3002
6759
23594
13152
24761
7787
10498
23235
6518
1929
4575
747
4895
23656
243
14019
996
23661
3485
5843
8682
9828
9619
16461
15687
69
20607
8988
3207
20356
3829
529
4409
19708
15253
4132
18056
15114
24702
17436
7871
17185
2266
839
20112
4651
20596
22349
18822
19703
6504
24256
24349
24362
16904
16008
18153
9015
24739
24893
7961
17339
16782
21054
9985
17918
22139
4479
13083
18607
12615
24479
16208
17938
3793
2241
7330
14055
758
8403
815
13153
11086
15927
185
9320
24368
9848
17266
7150
23877
1355
7664
10069
269
1949
20251
7186
3513
8413
8251
22526
15885
4950
14168
19112
8374
5156
11831
21572
3228
12762
20935
3415
24804
15418
15402
17749
8458
21945
10104
22927
18001
1257
20371
24769
2757
24051
8480
12147
6892
13643
5027
10459
15902
18285
586
11717
6550
3296
1837
4052
4483
10090
21510
7999
2797
16848
8563
1697
22996
13872
15294
13649
19988
18396
11973
16391
5459
4858
16698
15380
15915
3013
5099
1124
6442
24417
9449
10237
14278
20004
17457
9018
9251
4562
19731
18315
7619
48
23199
19346
23407
3820
19124
9531
19691
12721
21269
13048
24023
24376
9742
15577
17234
20707
24075
11238
336
4296
9802
5783
8161
1415
17583
9326
10182
22477
18800
17197
22964
17570
23021
16455
1365
20083
781
8795
23452
11188
19365
13782
419
24082
11521
16510
13253
3192
22684
23606
6317
6371
16590
6273
23435
8807
21148
19612
20149
2666
5421
23034
18664
21663
13716
24694
4476
17972
5853
6151
3171
6106
8827
4471
9769
5543
22789
11235
5257
13955
6486
1243
5935
492
22294
13009
12376
17375
12540
10655
17104
6310
19410
7747
15085
17705
8331
118
3801
22971
10516
3836
11693
16002
9172
18716
20894
473
12533
17614
13477
12184
7501
10667
6791
14657
5253
14946
10659
24162
12957
18707
11039
10476
7519
1114
8528
9294
17956
15726
3395
22949
9179
15023
14953
11948
8207
11602
10192
17323
6669
11861
13864
24229
19505
17199
12245
6933
22464
16169
3231
21968
9488
732
5273
18230
5869
10624
10490
12600
4229
22669
4470
6706
2561
4255
17906
1742
22136
21818
24460
8797
14422
20810
3330
24080
17402
15914
12768
16246
8262
11415
5898
20635
10736
3764
17608
3936
12457
3047
11158
3705
8599
13085
21059
22456
5505
20096
13268
13482
3547
10136
11246
974
7299
24592
8507
24755
11327
18491
14358
3521
9920
16245
21662
10561
15391
20245
21865
4016
1159
16326
22025
2740
19374
21290
426
14514
10596
11674
14511
4177
4128
1100
15339
12267
10169
6743
17863
17951
20719
11809
821
1112
11995
1812
24760
13106
17679
16769
7864
1075
12826
20
12776
8986
13027
19253
2257
17542
11200
15554
12587
24317
7471
21833
4916
2559
5231
10048
15293
17254
6603
6661
15686
22389
22733
16840
16857
2434
6763
14279
23868
8337
11870
15407
13876
19231
21929
7670
21672
20583
17650
3664
19562
19239
5414
7360
5363
13996
24675
23845
19726
5286
9245
15210
17410
23016
15449
2417
11197
16710
10837
159
20513
671
17760
9874
20162
21407
7077
5259
3789
21468
20153
3225
17511
4251
11343
1109
7411
7106
16502
2073
1334
6760
3043
3341
7695
18379
18079
19213
6973
23338
20974
8143
17800
14389
12152
4960
1101
13622
480
11108
23328
4308
4200
15186
12888
2080
2494
12884
2339
24245
3623
21043
7255
8409
8404
2682
7279
22397
13791
11396
4759
24685
5727
4425
10628
1756
11853
17585
17858
14962
6772
12527
7977
11745
1590
21132
63
23614
5419
16154
16912
6674
9530
20277
7879
14811
24461
11696
18449
7852
24089
4050
8002
10073
1293
24714
13610
15280
4456
11021
4123
12030
20018
16640
16990
11799
10098
12780
1678
6464
7668
15426
11216
24416
18343
6498
16240
18850
8749
22986
12755
13501
20330
17253
13449
18690
9350
18498
21033
20387
741
23004
1083
11018
6485
20633
7118
18657
19830
3244
18494
4966
13708
19529
5093
22649
13596
8704
6888
11784
10041
2382
22049
14169
7966
18428
4558
17310
18966
7811
12789
3635
23307
8793
2815
7798
1955
22875
10439
8132
18706
13094
4314
7856
4490
5067
8495
6784
21164
19811
10946
505
16586
16330
18300
5903
1883
3321
24430
23015
13921
3527
5671
5590
12241
12766
4821
14456
19494
16095
12467
6588
7796
8479
13615
6327
4396
11292
23583
558
7328
24901
14250
11202
6400
1351
410
15529
5160
22634
22787
3107
18426
17603
16351
5084
15494
20926
6095
7544
2672
6419
10698
15367
22907
1591
18856
23502
16168
21388
11619
3448
18925
12658
22487
24658
12810
24571
8753
14217
339
9082
16553
1804
1206
10397
10611
19844
4142
24744
3086
1779
18965
2859
3637
3495
4949
9324
9039
5801
14703
7125
17072
11217
3853
812
443
16690
5300
17070
9734
3455
13479
15744
8296
19512
7655
19896
566
18407
4430
10741
2391
14068
17536
7573
24405
22564
8852
3392
2557
5288
22210
11384
18680
19478
21176
20572
22179
13579
11479
5062
21900
2533
23478
338
12861
8632
2602
9643
20859
22455
14409
19535
8603
5685
4925
19983
5726
18355
228
22900
8819
11454
5498
2228
895
7877
18553
7685
9785
23443
20138
18755
15546
6799
12104
22380
13165
5430
17451
23122
7155
8634
8683
646
24015
7709
12753
4656
3678
14820
7266
15054
15398
9363
11181
12763
5539
10340
15926
9423
2606
18429
8983
9208
9035
19604
436
15860
3313
22577
7782
13569
12325
18070
1961
18261
21699
976
5329
1909
6324
966
15233
12741
16242
13734
17213
17240
11286
911
5673
12411
14991
3880
2611
10580
20814
4126
11173
672
17286
1829
14869
19318
13749
7383
15256
23252
16837
3105
13049
3744
17459
16276
8012
21429
22780
20231
10114
23221
20415
18628
11525
3699
8839
3044
24142
8386
8231
4544
16161
15535
6094
17801
11670
13869
12421
6215
5855
16135
3457
16231
12264
1810
6555
16817
3702
12854
24811
2738
2472
12765
11388
2628
18094
16735
6942
22682
5713
2186
2099
22219
14268
13740
13056
1612
24525
2381
15900
21258
18727
5832
9387
4577
6163
8912
13752
19925
17363
23561
1824
15770
24171
7491
392
493
8138
5042
954
19513
15020
20119
14596
3774
16410
15015
16811
4498
468
15794
2042
19939
23590
197
10576
21643
12461
23627
7634
8122
9996
13778
4440
22269
4652
5451
14939
17319
18066
9609
11578
11300
23884
11952
15672
1227
3602
22106
17077
4700
3661
17112
20778
9823
181
15139
7002
13194
11298
5643
21227
8694
14490
22200
20489
6471
15685
21253
11112
9104
24882
3375
8769
2770
8469
14486
4253
1069
20967
3680
24122
17012
20932
18924
24170
3435
11836
17311
21516
8837
23245
5114
18818
7221
16040
14037
13970
20863
2551
17445
6689
7863
6851
4982
3773
14186
17300
4179
14402
19411
7230
17318
413
18323
5504
15304
22557
18159
18017
23646
13965
7045
7846
18740
11329
16352
24980
12874
18288
1600
3515
11237
1568
20786
3593
10630
22143
21539
20390
19625
21428
18613
6562
22140
17065
15782
23345
17362
24838
14212
18570
14622
10411
2892
11522
8085
11875
2353
17330
15254
6578
4922
22828
20086
17042
2215
15524
13457
18421
19916
18394
115
20271
3913
1323
14195
2209
11341
1638
2641
22141
9740
24150
9649
7309
22804
23074
9690
22493
21412
21089
13352
23826
84
12488
12603
1641
20516
15091
10821
4692
5721
17284
7947
22628
11408
7652
1749
7415
3855
9803
2885
17021
11871
15149
13429
9042
6037
14084
837
1553
16899
14556
14363
21966
11291
11163
10441
17546
17223
1966
7825
24900
1438
5891
21604
6574
7121
21577
9570
1537
23
16799
20981
14400
3000
16373
21300
16239
194
4816
18497
2937
19580
12198
14518
17569
9623
13583
6977
15290
22610
22709
21896
7806
13587
21406
4201
11872
12562
22344
2214
7355
19384
8799
1356
2874
6340
13170
23092
15836
21810
20111
22463
21356
8144
9527
239
14305
17659
17725
1397
11985
17346
13266
18754
18815
21348
8456
16959
18633
23448
639
10093
10249
22230
21560
2931
8670
1107
2865
2706
5029
18747
787
2074
17455
15990
2244
9605
1324
24724
21623
16034
8846
2505
6039
13983
1642
9447
7163
7680
17268
854
23568
9562
12084
14318
10185
2239
21008
14366
1849
21301
23128
23875
15145
7754
13360
16456
24984
20824
21401
13846
9389
16613
15400
13687
13278
6777
3307
21969
8452
9767
19548
12194
13737
3447
22396
2822
13160
21532
19822
119
24846
15615
7264
11129
22901
10829
24340
15013
20029
22626
6382
13552
22747
15390
15297
24441
13256
8688
17890
14843
13784
4427
24365
9496
1768
7780
13611
11722
6019
10616
13862
1524
9665
9140
9113
1300
10218
18728
4240
14398
5299
3285
15917
24309
8893
24475
16046
22310
9628
24797
5536
9719
16668
13024
18791
7630
893
11755
21828
75
19043
13244
18417
8356
24167
19216
11818
12200
1016
8755
8765
8031
23109
13215
19190
17308
11226
20879
17398
20929
13759
9507
12575
24569
10499
5302
1168
15190
23671
11504
9711
7437
7156
21276
19760
2925
6131
19891
5471
11038
18606
16546
1913
4997
20038
23120
19653
5700
20123
22295
6675
23758
4935
19476
9025
21665
12945
16209
12372
17353
3169
23623
7711
6887
11270
11007
590
20584
12195
16419
12749
19134
23829
9602
1003
5246
17243
7097
3723
17448
11241
6473
17401
21721
1495
18784
24614
18074
9963
22732
19008
11012
190
13208
2564
3487
7416
13295
6441
19745
16173
16617
21610
7461
14173
6047
4493
21198
10101
5840
12541
1196
664
18018
17601
20957
2490
22806
16708
7571
10774
7799
17405
18795
11627
10771
5013
23632
21195
20082
17049
21740
18140
15553
15950
5272
7001
15273
20923
11080
22469
15172
2119
9216
3747
10039
18545
6714
7028
8624
23647
17015
4136
21638
6210
20139
19257
19694
17900
8244
7287
20318
24788
22912
23268
20888
23943
19879
19248
5095
22442
318
463
11770
674
23488
6038
9373
18614
14154
2933
4643
23674
3596
10652
10871
14002
12781
5656
21626
15939
17642
3961
2900
9868
12272
17691
22235
3709
12512
18302
5924
19782
4668
12110
24862
16950
4978
13537
9327
230
15555
7929
12028
19772
24266
7169
17782
3248
14162
24778
15881
18785
5917
9837
21064
24947
14781
23617
23301
4687
15618
20943
16578
19783
17259
24223
21761
3506
11939
8831
6922
18876
4455
14396
20918
21764
15496
5666
16299
21256
9021
24159
1741
11931
19381
4674
24333
9318
3300
18209
8439
12436
11640
18573
798
18125
1608
16056
6838
7511
7656
12223
21776
18274
3465
14144
2888
21959
2075
16370
2032
21767
17244
1185
20049
4993
5322
1156
10529
466
5952
24663
11397
23749
5614
24411
3382
7
3722
9328
8735
20468
21891
22660
23934
18375
21185
16004
22187
17747
2362
8260
5980
21060
19853
3143
11023
21144
24594
20590
16686
17978
4689
5949
5474
253
4228
17488
16631
8759
12577
22757
7538
19947
19256
23753
20376
22030
10997
24895
18906
15894
20263
4856
19802
3763
7693
7372
7726
19763
14247
14174
1115
18908
7478
15131
2520
10137
20760
7189
10068
8226
1504
2402
24580
3710
3172
15159
731
6328
2142
9065
11894
1303
8767
21248
20753
21377
15046
19948
13255
20379
17018
11721
17384
3237
12384
18009
17329
6040
5591
7014
2369
20342
4543
9369
24291
21255
15635
11477
15580
23673
15850
13717
7792
18720
386
8508
4029
8870
2184
7604
15759
15527
5771
18180
5577
6905
16282
24371
4573
2331
3634
12924
23228
16119
9027
9588
24391
11804
16527
12122
18138
585
2072
17150
2160
3286
7270
1986
2833
22808
24878
21874
4926
19785
4763
1240
20003
21156
23148
6353
11442
22558
13310
13364
18709
4375
14351
3140
14912
21166
23795
13567
22548
23049
8385
10865
4460
7946
9102
4389
14600
13699
7137
13516
21808
10901
14292
5972
711
6867
20541
14026
24537
4847
9147
18574
19142
19128
4012
16337
14638
21289
23213
12107
19706
6811
9533
2941
21967
16900
6916
24482
15373
12408
5897
12514
4209
11923
6285
23563
4271
708
6129
8228
14724
9240
4
18255
24030
21973
22982
21351
2158
15525
24343
13928
15058
10147
9180
16569
2783
2384
2840
22671
3917
23118
19931
8380
24677
770
1820
19845
5201
20493
5159
20309
14206
7821
2205
1493
22917
18218
23515
7968
1275
2688
16416
11404
3462
18704
11000
10940
18034
882
9893
14718
22681
21163
17579
