12612
6273
8012
3893
24248
9120
14437
2244
23293
11407
7935
12993
19486
3544
2887
18313
17955
14444
19435
19903
1129
4600
5958
13319
4486
22087
19173
12922
9921
16195
6358
10455
14619
13662
13432
13956
7499
21651
5294
1595
11986
20284
2659
9370
2559
23715
19586
20528
19160
17500
7046
7570
5116
12780
8144
2133
23933
22692
15921
5339
16464
6692
2398
22191
13719
7399
8730
24223
22119
8707
900
9306
10810
12802
22232
21217
17106
20127
23695
2291
2289
6302
4195
20711
17469
6428
1660
9782
6773
23281
8854
5919
15840
17791
1039
5524
18228
13772
13021
3939
10594
8211
14958
16069
24057
3132
6803
2542
20724
7594
5552
7258
15291
18777
15967
23171
1330
4931
18801
12952
17011
18390
5979
16533
17289
8951
19113
1326
1092
9073
13314
16647
12404
13870
21012
13192
2072
17526
21266
20886
3811
1408
19938
4017
16815
13765
17436
2969
24583
1306
4450
22926
4210
24900
22083
22409
8025
1428
8003
4691
7318
1308
2390
18641
6822
3935
24721
1871
10277
7937
13382
7840
24503
21286
1622
23953
21133
3922
17523
8647
8430
15790
3231
8479
10170
18960
14327
15002
8024
3980
18647
12592
14920
9297
4882
17343
2119
22225
14477
9944
9872
10785
1226
13227
11657
11815
21806
24874
11155
22678
19789
22893
8294
2270
3014
9171
10327
5450
10106
4426
20479
16248
10838
847
19847
21321
19688
15301
23292
21751
1117
6620
9068
10914
17433
8163
7946
940
24770
17419
8525
21222
19027
6081
8063
2932
23593
14202
22134
8141
24993
12886
3496
3817
15923
22221
22013
13510
9387
15269
24438
20252
21804
13820
16152
11421
21989
1115
978
5100
3652
11328
20409
16489
4956
1815
16593
22018
3151
22306
1177
16474
21506
12506
12679
9813
14472
10940
20604
13898
21200
23137
20580
11546
720
3369
1285
13451
505
1509
6883
5842
19167
21381
17764
21370
9645
3180
13827
6177
9366
11450
10300
16128
20659
12129
9186
448
8721
5356
6849
15966
11603
5886
6044
13944
19081
13828
6296
18120
22904
13378
7905
24732
17578
14156
3461
22368
19395
15231
13441
658
9531
18308
19578
21182
16066
4008
8224
6957
187
6125
17368
8758
991
8917
19371
22709
2496
18725
16323
9945
2640
2912
3323
13727
1700
22910
20393
756
13661
10211
1666
11067
24281
13819
37
6917
6650
2752
4352
23020
5084
8703
3987
14967
4607
14564
7291
7285
12923
11761
9328
7842
17092
6688
12510
17125
14545
13879
13302
2173
4909
1731
12743
18620
3324
10030
6985
14317
23214
16333
6703
23949
5432
4054
14941
15859
17225
19846
12929
9622
10592
8911
8307
12721
23962
9473
24547
23322
21753
4246
24266
7141
24578
21312
22333
11768
17654
22169
22107
8866
15536
8619
12314
11016
6945
2382
17530
15341
14494
9559
4273
22880
15712
23860
2731
3700
13057
10264
17508
11818
23166
19961
6964
8334
7084
9136
5358
3831
5603
12132
14761
7335
18537
11148
12435
23713
15245
3587
21586
18786
12689
15317
22210
5996
15136
12609
22304
13628
22023
7072
11102
13565
3398
17982
8920
10826
21450
9443
10493
16649
16397
23582
12452
23465
21706
15093
20770
9829
8747
16309
5824
11254
24934
7461
255
9858
4721
10947
8296
758
690
17685
11752
16159
14527
20717
1231
1911
6931
23202
21291
2959
19354
19448
20687
18828
3837
18289
2681
2837
2891
18445
4396
22459
3457
18122
11507
22550
11666
17169
2299
19663
23130
5713
8633
14452
160
16463
14766
23245
24917
6413
249
3181
13707
4758
269
17468
8969
14247
10237
9914
18455
494
12640
3093
4254
19205
1454
10342
7494
20618
7612
4960
9064
20349
15953
3165
7524
4584
5808
21936
24999
14206
18155
10683
9894
18835
23287
14991
17907
18328
9721
628
5700
7120
5171
15327
1312
18857
17259
420
21070
4312
6323
16922
6661
11911
179
12162
17870
7602
4399
17191
12545
15339
7292
589
17453
2985
4690
7814
11686
4952
23483
16092
13574
18106
19247
19626
12600
15842
4916
5022
12997
18291
2043
24819
15783
2212
5361
4007
1691
6958
1958
9769
20814
16770
17752
9632
18918
9554
3895
6956
9792
7003
66
1131
16694
18270
3933
16886
1089
12217
13423
13635
22256
6034
19556
18731
1756
1200
5667
22436
16192
23464
23843
24124
10981
8357
6678
917
12489
19782
3865
2417
15829
13516
1814
1771
5849
12486
6937
21067
16602
9959
8204
18894
13422
23270
23982
12120
9276
693
9733
19209
21566
4622
4018
8130
23183
14986
14474
13390
17394
19692
2384
5167
9618
9901
6646
12812
15883
2606
13237
12010
15997
18583
4044
23990
15904
906
20954
10460
1372
1281
7887
24171
3497
21049
22282
6111
12172
14646
9421
12040
9675
936
15976
18159
10573
2376
22020
9010
22316
7729
24639
6598
21654
12259
15161
5313
24237
5973
21229
21212
16319
2749
12874
14674
15785
4754
4846
677
6190
15483
21328
21110
1896
15837
16459
22588
9435
10446
16547
5049
7249
18660
5483
12534
17738
17942
15234
19025
14599
2929
18578
2277
15138
16984
3456
2846
15952
13817
19887
23588
15021
20545
1421
11481
8395
17224
22710
3861
21080
10987
231
13475
7813
7543
11161
15173
14562
22908
14086
20033
7557
24752
24573
18144
17571
10130
16660
17222
23162
1703
9871
1221
3894
8659
8229
11583
16592
19856
22947
15052
14736
9022
6470
20690
7586
23420
21632
14985
1988
13047
24740
19300
14809
2444
8658
8065
18265
3285
4755
6015
4985
15792
12898
22606
21810
4738
15263
9584
3205
3963
11833
11306
4359
9347
11033
9415
18331
24872
182
21392
11759
15014
10544
21596
2610
13995
13127
8586
18342
20978
306
9016
24693
23969
11424
18568
2597
7159
19612
23241
20676
19368
17829
17503
23086
12896
18644
24258
7096
23423
13053
10982
18114
6607
22085
151
7857
13934
14847
7803
4149
3409
12680
5988
15163
12839
13351
5289
9809
50
8592
14318
10335
20658
16613
18252
17243
23973
11755
3213
11380
357
7900
12622
4194
1539
17122
18381
3226
9454
21955
2225
24337
6788
17374
9621
13844
1244
3003
21795
12068
5702
13812
1898
14632
22713
12934
6698
7309
10414
9700
18352
10437
6372
24122
5306
5961
17060
11780
12380
46
16847
24929
4958
5251
20019
5817
22668
2777
21333
21097
19750
19257
3786
6864
17248
9840
24198
1494
9969
22962
2698
16737
7175
14998
5285
17608
13437
291
10755
8621
3445
12006
9282
3864
18930
1677
60
18757
12327
818
7695
18272
4121
6093
21550
6729
18015
10180
914
19467
19143
19745
621
12235
10521
16412
23867
8608
11810
11017
18065
723
6102
14025
23559
21388
9775
1260
12108
11506
715
8214
6902
9209
8859
12266
15604
18045
24247
21046
21130
1453
22572
4521
11736
16481
2564
18727
7040
19097
13050
14875
2020
2771
17680
17146
21539
17710
21622
3810
394
10017
16284
23673
4290
15934
4185
9216
23273
7697
10836
21828
378
8583
5679
8013
10813
4747
17118
18815
20576
7438
23556
14536
7718
3978
6733
15439
20286
13052
24938
22878
1648
6345
14979
21167
19511
747
14133
11625
19005
21908
21015
12188
12909
18397
6392
16480
7060
10745
19061
22089
18976
18062
12672
23712
15821
24014
24594
15295
3385
17026
2505
2661
8668
1288
4639
19424
19628
3370
6085
18371
16870
9793
14411
431
4786
22823
13027
5048
18823
8383
10192
15879
23688
8275
9124
23608
7355
217
7085
14710
1676
3567
20883
12887
6928
9742
4743
3967
17884
21442
542
5955
8759
17461
21663
10906
7307
22952
3843
18916
15521
17499
23419
13541
11348
11704
16920
4675
23587
13216
14483
16136
21310
12631
9493
15373
6904
7878
13256
3041
17830
6899
11074
2332
11730
23967
15318
10700
8736
8405
12286
7196
6359
7086
23029
15196
24799
3382
22563
8113
8241
228
8116
22090
6991
3056
12115
19117
12888
2394
11613
13773
6895
17974
23960
18784
3901
16526
10036
15397
6505
7223
12726
24987
22427
23998
4077
5145
1472
24510
4744
16638
14662
10401
6054
10625
13152
17292
17065
15046
7151
7501
19776
7061
5060
24334
9669
1674
8551
4661
18370
22000
12427
18441
7544
15520
6400
24301
18172
5921
13184
23752
9896
15406
19898
23276
19386
22251
20649
23875
294
11731
16190
16299
9532
1173
19047
21961
1941
10119
14336
12546
22502
4304
7636
11868
22069
17460
20829
2638
23
13255
17977
20204
17527
16743
10482
8937
2488
4146
9434
13139
129
16556
8400
11176
7245
2152
17902
5430
2963
9009
16051
22260
20536
11596
1438
23471
6921
8022
19874
8081
6119
2864
12644
6072
20278
23452
14617
4320
10112
10028
4096
15616
10576
8339
17599
1569
13501
3792
20696
18868
7945
18521
1451
12576
1530
18116
21996
9255
16718
20694
23710
16997
23555
21537
24169
20922
19560
15106
5869
16722
23659
15510
9534
12627
8377
9072
11277
22433
8739
11525
20414
5075
24947
8955
3916
11488
8746
15935
9539
22390
9607
14435
15838
10931
12595
18174
12777
2747
15132
4143
6568
2117
13655
16169
21603
7474
5471
10951
24925
1699
8267
7709
13203
24703
15473
6378
24115
9175
8459
4609
4409
16308
21969
53
3013
6288
1936
15556
11550
11897
5580
12995
13151
10556
22043
17969
739
22556
272
20915
12670
6417
22288
6615
9553
4262
3485
24822
17123
22851
948
9670
22285
7348
11071
20561
21548
8361
9987
3473
8216
9507
15836
1698
22939
2492
1907
2465
17396
9688
5742
16475
2279
1950
9943
13711
13099
5759
22951
21277
13081
10608
14011
17945
20470
5738
11992
21713
7053
12234
1965
5383
888
16056
6594
12315
6944
15787
13842
20377
22309
18926
7703
13396
1775
461
13999
13938
5175
6171
7622
12941
2561
13971
13385
10518
3419
5278
10229
4173
14147
10681
13742
10345
4878
19518
14708
3698
4785
1981
15193
18546
8971
16217
15328
17961
22885
15331
20953
21191
10798
16992
7550
18649
4035
9752
21429
13033
17549
6641
17314
7518
18266
10227
6666
9220
19766
17078
16567
15309
9530
11146
5716
21819
21721
24760
15811
22504
7617
13593
5763
5235
7637
7418
3568
16560
15688
18589
24381
19966
21143
1887
15607
5638
2615
19224
22429
2190
18055
6304
11698
12607
6546
7261
3269
24313
17318
18256
16415
10263
20909
17562
781
7194
10516
16189
16783
13728
5687
15305
14194
9285
13126
24098
15698
11503
16988
10372
4822
16926
5812
7704
9081
9543
1251
4314
1229
12635
24542
1523
11389
10311
9249
18068
6240
17887
4310
13839
7755
15054
18499
24212
7706
11548
8228
8591
12389
5462
19135
17567
4389
2679
23581
8338
10735
5550
9552
23671
2680
16462
22215
8140
24849
12263
22266
24140
11648
5932
14418
11122
18841
10595
833
12727
152
7567
16675
12567
17604
21262
4436
7682
21912
14732
6031
24754
12500
21657
24219
2208
13172
12265
21673
252
17933
22916
5688
7140
14554
1895
9452
14110
17674
15365
7349
17657
315
8264
19866
13375
24927
21294
7971
22242
923
743
12739
10148
8131
10247
6563
10618
9293
7067
15465
18685
9026
18437
10862
5074
21655
12340
1337
13705
1846
15186
24566
19311
450
24884
17792
22055
7161
22072
3088
7428
20151
6633
5164
2804
8611
12005
12473
7994
18652
9372
18091
21194
14754
12998
13195
2188
13553
6938
3750
34
23872
15428
4591
17712
21214
15841
17040
3309
8482
18027
10823
19968
17233
10847
17326
16643
16687
9879
16518
8778
7787
14739
15891
12809
20202
2069
22696
24173
13456
17822
20070
10278
9686
15004
10574
8909
5734
1084
12156
11454
23705
10769
20449
5027
4213
12786
20285
5954
3814
16779
4034
13084
20458
16035
18941
22845
8865
21921
24359
9929
12203
20361
21837
21918
681
11587
22173
14152
2721
24922
24437
23817
15059
17279
17700
20939
12434
23031
22842
16668
13058
15611
22506
2500
23926
17130
12019
14964
18902
7214
5182
7541
19916
8613
16367
20866
23908
23015
7610
11531
13563
10259
12252
12515
16805
2979
12565
12722
21606
23558
2151
3197
8857
3953
8630
19336
16088
20055
16076
15128
10634
24397
12557
2819
15825
17114
16906
7756
22576
6282
12881
14742
18105
22677
18323
18658
4708
10354
1245
8879
11624
24735
13531
16968
11623
1829
13611
19849
11729
3660
12690
3121
5575
13548
13132
8234
529
5592
19549
11921
20354
4391
14503
2455
23640
5595
3674
22619
19088
13869
5381
22338
12650
8979
8470
5435
23226
11483
10427
11539
7895
2600
15278
24633
12046
17105
15433
4105
19474
5324
11029
6206
18674
5118
17142
18659
10913
22964
6725
23641
16449
24964
23561
22189
15750
3885
23160
20755
6517
10359
4748
4170
18372
6253
22969
12891
20102
2460
16633
1591
14162
14769
22979
20474
24697
21263
625
15816
17301
11907
22315
5113
12511
3714
22292
18631
6143
16075
24365
7871
1381
7574
19082
7471
8731
21700
17573
23263
12770
24374
1109
1918
15496
10778
2046
21823
1435
19165
16721
21801
7627
15503
14665
21257
2880
3882
4886
18051
23219
11037
14778
19909
24563
10002
15254
11543
7395
13950
14001
17976
24396
391
7600
22808
3472
4694
284
10204
1809
22905
20035
8250
5292
10712
12398
6660
13245
21705
17391
5549
9982
12663
20673
5079
3824
23479
16757
5733
8827
1597
20920
21358
2385
7515
14509
5447
4862
24138
18603
23061
164
13419
17273
8135
24025
24758
16614
6811
10470
11610
20399
4656
21082
1496
4841
13877
7985
5217
2915
1968
22870
22513
19757
15217
20373
7752
14481
6036
21187
16339
8326
24454
14076
11714
7723
178
6525
8685
8728
4186
20508
22314
9322
2102
7081
17621
1682
24560
24339
15333
15702
3340
20511
18061
15314
23772
21747
22359
17704
13998
5516
20149
5198
6001
14348
5052
8237
5173
19561
19161
10310
7009
2738
9558
22976
22491
20779
7177
8992
12329
3333
5796
9477
9110
16620
22562
7839
4094
10339
15338
13540
14367
23955
16946
7979
21238
24218
22971
12205
13861
22008
12421
15582
8268
19850
21260
11617
7280
10548
22531
17126
2942
14145
24905
2506
15651
21815
5571
16032
12834
3183
14604
11225
20364
3254
2939
20341
11473
15682
12969
22294
11618
8876
4457
18190
11665
20312
12242
23778
12359
22503
2806
5026
4824
23691
9906
13558
22717
6048
4930
21573
22374
7990
2859
13863
18880
682
9256
22671
12332
23858
8458
24164
18024
253
9134
3440
4799
18961
18762
1360
20801
15936
19897
22441
20083
15449
18034
18299
17137
14240
16448
21495
18388
8369
19709
15288
24417
22371
21554
24682
14209
1644
9450
5046
4848
18648
17075
8524
13709
8887
7135
20637
5545
19790
6573
8874
17443
18182
5206
18619
12667
16252
9195
12617
10037
4489
12524
14249
20727
19195
13417
3966
4357
21900
24209
23958
7744
21481
17879
11190
1119
19528
22405
21170
15481
7875
7190
17048
6584
20180
11979
23243
13292
11433
1518
22824
18640
12011
6612
13094
1536
2886
19077
2025
24447
7294
7768
4879
5474
11822
15946
10794
6333
12817
486
5928
15312
2155
4303
2246
8612
3216
24653
4137
10834
2824
4832
96
24540
10757
22140
7949
21181
24411
17134
335
6769
23054
7555
11130
11387
2507
24600
24415
2223
3682
23184
10736
176
10454
18306
12591
5431
5585
24586
117
3735
7811
9063
14018
14588
16957
6375
4657
13411
18071
7157
13865
24066
23473
16877
19200
11640
4945
20832
17070
5178
635
2772
19973
5420
22193
13883
11754
24373
22296
10351
901
11510
5236
24168
15890
16595
24147
5804
3387
6360
12526
5633
12516
14845
6262
20679
8817
17446
14921
19501
8534
16703
17505
14634
11574
7134
17705
21636
1228
23946
10309
5844
20256
10417
20849
18375
3938
18971
13059
24405
21880
21965
3136
12057
19863
21172
9112
17583
15137
7346
18539
3490
13328
5101
21820
6994
9970
15586
7094
21298
19800
24897
5758
938
3203
3644
12758
20306
20692
3397
22233
19314
4984
8124
22494
885
8255
23722
24581
16612
506
13784
5368
8777
3769
16111
14872
11432
19116
13500
18395
3110
13974
3844
19833
3526
18092
15462
13150
9392
13533
19618
23269
13710
12342
15619
15726
11064
11615
21375
3964
16508
5319
12499
5866
8559
6144
16820
15982
8622
14897
10764
11554
16008
9556
19530
14302
1243
13890
9437
8388
476
20495
23528
822
168
4539
8882
24094
22820
22702
7436
20781
19600
2035
12015
12192
16904
22810
23997
5731
21914
22298
15905
1724
16028
1156
14054
9971
22841
9976
13544
14996
22005
17878
16855
81
18047
4788
24659
23547
4896
20517
16184
4251
10856
9498
10399
14592
15081
13352
23959
7611
348
7745
10603
7517
24085
21169
9828
18544
4435
15310
6033
17618
1600
23808
15127
1702
2885
16220
11502
20343
15477
5293
937
7547
14622
6784
17701
5925
14610
4777
6228
11807
19442
16324
10584
13366
3863
1166
5341
7118
20861
8270
13030
23551
11382
13080
5554
10035
8620
14880
6925
5597
3892
7107
20962
4914
8649
14886
12842
10098
4083
24486
124
18879
8398
20891
22051
3422
17207
24197
14775
21236
2958
23392
20525
2126
4791
2012
7820
23102
19577
4829
24054
7652
6736
13824
6198
23426
9082
19153
24424
24839
6564
21231
20812
1247
3240
7623
16180
18343
10169
11051
11864
13821
1760
4893
13850
6549
24003
22404
5663
24575
1934
19741
16916
5209
6153
23870
21599
19029
19957
24224
5503
15246
23275
20587
11920
11606
18125
7546
13762
2761
1233
5514
2755
17533
6477
15947
4167
10666
7300
22834
19291
15086
12493
1383
22566
11937
22901
10875
11362
10733
8715
5967
9528
20239
24997
22185
8539
7217
1873
3847
7959
8609
23976
3263
24482
19094
24377
16792
2636
3300
1191
14058
17880
24477
14790
4057
2536
9934
8110
14352
8623
16761
10783
15864
19074
6439
24650
22627
18715
14960
282
3026
15559
18744
3731
6242
24744
13862
10395
22680
4078
17270
21590
1010
15603
5749
11461
16646
23737
8927
19865
17550
8122
7553
15012
11524
8491
14131
232
3645
20012
19012
9997
18877
19446
7392
24815
3459
23006
2051
21811
957
6922
18513
15150
21453
11471
23482
8335
19004
16194
14734
15275
724
14655
11253
2253
5845
19810
23999
23122
22378
373
5110
21279
15105
10164
21443
17410
241
4349
1445
4636
24720
22877
470
7575
23966
24455
23018
24357
3528
9352
5696
11159
2197
21105
20822
5744
19188
17916
15292
20961
9992
11399
10260
8436
22623
18425
17188
11259
23119
22493
10096
6632
15563
6115
19140
15382
22330
2577
20266
8772
13891
10720
22418
21026
7916
14989
4806
15652
135
15396
14186
7192
22734
17703
4460
1417
13371
4219
7273
13315
6368
3785
9514
10241
23692
8618
17790
813
24201
16551
312
4913
19948
3949
16166
7710
19768
13933
9748
17357
21610
6462
23786
18984
722
5069
16240
9949
20240
18534
2758
11595
21137
24729
2374
17107
9753
13209
5205
23614
14139
5599
23051
4011
9277
22091
21894
9639
18113
17371
4477
478
18520
19815
20218
8999
780
6432
20859
5825
16228
4664
16678
21903
23400
18319
7866
6552
20995
11239
5564
24445
7766
16452
10451
18185
21930
17163
13962
13614
2022
17666
15130
19805
19872
24091
5068
1906
11796
20372
2055
6534
19710
23900
24319
933
12893
16758
2113
12483
17324
2954
9113
15867
4569
5495
4343
9476
19089
23178
14719
13651
5132
779
16350
23409
6675
2375
16368
13960
5241
15300
23090
11134
2241
23359
8159
8114
15800
2371
10267
6810
17059
9044
14502
2004
20503
15155
22804
11568
15085
5419
6329
13906
14285
22339
17496
17648
2531
6542
22244
18041
10658
19326
5983
4561
6126
3902
6100
24284
20344
23748
20030
24472
19845
5753
5772
22474
15472
8360
24072
6545
10041
10269
8761
7826
10472
13436
2189
17034
1725
1469
9946
3730
21600
10402
5397
13178
72
380
4350
6559
20352
16081
21372
1153
2222
24529
20625
8894
24631
10346
17548
18991
17131
1481
331
9247
8754
11061
24741
4196
444
4731
3017
2554
18598
1980
3998
8607
1145
22228
14689
2378
15644
12828
51
14526
21697
3248
16830
17240
11361
199
7982
8389
23325
6998
23552
745
13462
9460
18816
1461
2038
3076
11735
2715
22886
9673
9867
10475
13759
23838
2598
9090
15235
462
21274
11196
20988
19715
23638
9690
12298
16197
13570
8342
24886
3210
5718
12412
814
12575
2358
16731
21868
24161
502
8292
1116
7538
982
21405
20441
6251
19271
8947
11266
19454
4579
13925
9676
2261
19288
6986
18743
21431
17901
18617
22932
23323
12239
23113
5952
21036
6826
13745
12553
5142
5957
4658
23927
21297
3414
4497
24941
15078
13606
8831
19936
20041
20004
2330
8976
21430
7149
12836
10787
24303
11046
15019
22857
11787
12028
23368
19738
11890
16346
4198
22942
22434
7633
18791
7077
4212
2746
3838
15610
14786
15974
23139
12438
20189
12762
17597
11086
8177
21857
4825
14248
17013
6608
17069
10128
11416
7909
1706
4439
24083
18474
7121
11015
24254
22451
1328
23220
20231
20924
7298
8091
16053
12492
18565
16451
21699
19383
3078
11394
18637
13647
13009
15987
7591
14296
16521
15499
18440
8087
13968
23504
21478
21907
24749
13420
7684
24672
18286
17023
17613
14642
20879
10257
21613
21436
6762
13022
10606
11183
12760
5335
4627
1275
636
22299
770
6622
3373
19548
14784
18736
13841
13700
21993
3897
2257
2295
5233
19753
15547
14565
1005
17138
17211
5659
22656
23663
8806
24532
14651
8189
5146
8437
23862
6748
16859
19716
24132
22642
10123
14528
6673
1488
13010
11604
4835
20107
17593
12755
18438
2411
20273
20359
6697
19050
22178
14084
16837
7212
9201
10394
15180
17345
23893
2884
8886
23939
2430
19531
10968
11366
2586
7036
24545
980
21849
14337
11570
10915
2955
22973
13590
746
14441
1621
2165
18772
5972
9032
7295
8453
14037
12109
4868
7854
7932
16221
14869
4211
5275
11519
19062
12942
5448
10806
12143
18628
14245
20215
24195
18247
9723
4610
2148
7215
9405
296
16358
4081
24521
771
11753
23515
15955
9338
12372
2634
4206
4971
7460
10604
3798
19038
3032
13349
2501
17229
9588
23173
6600
12444
17448
18333
12267
21534
16471
23027
14314
9649
15826
9699
12843
20908
5443
4114
20661
21313
23889
2913
21761
6402
2367
9839
16044
6878
23732
679
6696
21180
18851
9651
1143
19615
4762
21227
23931
9469
9433
12135
23340
12136
16249
3454
2827
2272
23754
17759
22252
7561
4513
22206
6154
1833
13086
7708
2950
1015
16927
20668
11289
1938
10897
6424
8262
2399
9616
10868
19648
12865
20542
3574
5715
21941
484
24892
19175
10312
4023
23963
9167
10789
1021
2422
14320
21674
443
3804
14420
19989
12917
24435
9844
10447
5858
13416
17349
24351
17043
19087
16883
5308
19829
12915
11797
10068
9187
4881
23579
21459
8903
8176
21897
24733
22469
14703
3932
1057
7146
5247
23743
15993
16290
7033
17721
12543
467
2469
14464
8803
4760
3251
5720
538
1900
2676
16370
9972
21661
14256
20413
10588
10226
2582
10326
12012
11226
10559
20050
1333
6349
18166
11619
8115
3009
14028
12133
15671
5920
4837
17228
15264
8417
7955
13753
10614
19686
17194
16908
11142
10690
3797
8768
2579
9389
12451
14635
20853
24918
24330
23833
11943
22334
24635
235
5481
7235
332
1403
5404
13792
11577
8565
16095
601
18223
8362
20565
14811
9501
22930
4924
18754
16223
17400
2050
20381
3500
22793
9079
18023
9581
4679
16404
14714
1070
11092
14560
12928
362
12798
349
23670
15823
19328
73
8535
9404
415
303
19358
16890
14524
18884
15850
7969
4417
20719
20461
1261
9408
23745
15561
6192
22519
22325
19933
2131
16714
20258
2326
19169
21247
18867
12804
21050
18080
16667
22195
14668
24524
11391
13921
5458
207
2428
1097
18989
9185
1525
3066
23376
20955
10772
8048
14364
16793
17430
13019
16695
4062
23007
23846
2169
1090
15759
14289
13101
17217
7992
14621
23367
11411
16304
5372
11532
15984
12686
5349
9747
7680
19333
2733
14074
20644
5340
15489
14007
1485
6124
4010
14099
3122
11692
8530
22750
16945
15805
22277
3308
13904
2344
5215
370
14164
14456
4499
9889
16181
23305
5212
23148
12030
19076
10252
7132
3673
9161
14947
4967
9835
4792
2511
19674
1758
17568
12954
11578
12127
16724
15159
24960
7884
13433
22514
3868
10923
20475
8134
12125
21974
23656
6347
9960
23790
6319
17232
14129
2195
24658
14236
19671
11654
17108
10234
22444
12796
16506
5345
6800
18610
6916
510
24636
17627
5981
16692
7542
24574
12578
22017
16432
18593
14667
15843
4110
19836
14359
5657
1056
11233
8183
24613
22592
15089
21220
8018
8519
3339
21378
7015
24009
8370
12349
10890
1822
8835
4604
2201
19415
412
3354
15988
16291
5351
21203
23890
17285
11485
10580
6095
2775
11453
19777
2800
6185
13984
13673
22125
13684
12875
19611
16599
23391
17590
22587
2392
10114
12561
764
20568
9310
13442
2868
5947
17949
23478
15902
17931
20217
20785
7351
17926
19862
9739
16509
5721
9768
3601
2297
10077
4274
15963
20363
3687
21175
24778
15494
18695
5000
2042
20514
24645
24858
13478
13373
3176
5568
4372
9230
19647
2120
1524
1596
17909
17110
8054
15243
3144
9679
23005
16797
22686
14873
11185
2111
13633
4843
9665
20997
11273
15709
4424
13387
18398
4298
7293
14548
7856
22389
6379
5962
22542
5180
5225
3671
22689
7211
8554
11607
14063
16012
17736
21108
2045
10749
9205
23501
11084
7286
11784
14585
10943
22456
24484
12283
10861
11137
14188
15200
13247
22183
2397
12925
17594
564
17090
24293
21985
211
20820
6256
19007
3764
20787
23996
2611
19875
5054
19705
17278
21755
1949
24485
15713
20558
8598
19838
15101
12088
17660
5680
9785
5156
3833
14362
9573
21967
17001
20500
4615
5470
23111
13470
5735
9089
15404
11772
7087
21727
15290
5083
24595
4464
16842
4919
13804
23942
2856
24279
8605
4100
23393
873
1990
18300
491
11076
14053
11728
4098
6873
18657
20749
99
12838
7849
14931
11982
21264
5736
19927
20890
15249
1266
23751
22758
17518
11738
16528
7459
9791
16816
13012
16266
109
14215
3069
104
14870
21189
1052
20179
14543
6187
2146
4340
22126
5841
7956
14657
10901
21029
4637
684
18235
8422
6227
9939
22105
15008
2853
13484
1511
12198
4317
8185
13829
19620
15030
16007
24861
11906
12715
15609
5377
9986
15927
16879
10143
23168
17779
19197
4847
20979
21413
19008
14283
23613
21835
7560
12935
5863
3768
12939
18361
5999
11573
4293
12014
8544
12320
23307
6411
16773
2353
18443
12137
11409
6484
16025
18986
402
20803
19910
5822
8843
24143
11646
10590
8034
597
9816
12509
12933
19722
14747
24192
18882
8187
12164
7754
14666
4542
10049
26
5778
23425
24932
2983
9364
13875
13535
22121
15456
15588
7338
2349
20257
21398
22624
16747
9557
3389
15560
18599
4339
856
19545
492
9203
21438
24278
15174
3286
1903
6264
18642
6005
21890
9262
17844
7030
11626
2393
13847
14962
2193
10693
13236
1267
23529
16749
10965
6335
3344
18281
6007
22732
15633
8862
9397
23232
9144
11325
19580
9097
2818
6804
16009
9442
17451
6267
20333
1923
10648
4250
17539
1012
13736
14825
23282
23235
17213
8983
9410
2622
6009
12754
22255
976
18433
24101
7116
474
16744
4148
5901
24590
7362
11854
10322
563
9351
5023
19281
21367
16840
23952
7760
10089
11383
12409
20553
9874
2329
17275
13639
10660
7765
21112
21879
24969
19783
145
17112
18818
2063
15223
567
9996
12496
12036
2993
3997
17350
236
7899
19730
2093
13690
18990
9455
10892
20337
20410
4271
5105
17199
23059
12352
14507
20185
23823
11458
806
15680
11243
15626
5547
5216
16887
18219
7989
20622
19023
23374
17866
19430
20120
13313
22868
13670
18787
6506
20965
21942
15635
17579
24368
20894
13623
17920
9129
23382
19377
8590
18866
19495
6463
20173
5847
12841
11355
15744
7254
10246
7691
8606
7722
17383
14388
6407
12525
6274
3752
15693
18271
18770
24012
3061
10104
23739
22718
9371
15701
23882
5016
24238
23484
7004
7548
15097
8021
22141
24948
7345
22308
2251
5840
4808
22148
11751
19911
16198
8751
21131
7926
22994
20549
13871
21824
8352
3195
11147
22867
709
5128
22400
8226
23351
23729
19634
11006
3553
13990
7922
12297
21940
6918
702
20094
7098
19949
12708
421
6397
21772
7549
10893
894
12649
19934
14004
14144
15664
15595
5818
24409
10500
13073
7578
8913
24361
16334
24556
18690
4093
17145
22190
6343
17022
22809
14679
1189
20282
7609
1578
5220
19652
8311
20843
22231
12604
6911
22523
17522
6618
18240
7848
10694
6735
16868
16707
9630
451
18115
21512
19568
23549
6558
18218
21052
6418
3867
2936
205
19405
13070
5774
6996
12597
5081
22428
24539
17086
19779
7315
13283
13112
186
8128
4753
9533
18148
10877
11881
9479
9989
16036
24933
14901
11039
9660
14197
15827
16764
7881
21068
24879
10286
1419
960
7657
3713
20789
22250
16863
10845
3771
20685
3683
71
13311
11902
13068
4224
13658
1806
4635
641
18298
2876
15773
8215
20195
8776
21126
12370
12167
14091
11422
20138
18087
16142
13310
20826
5050
9355
4183
11203
14184
12308
23606
20505
4534
7810
7993
16949
21197
14892
11047
3686
21614
16079
12346
16803
21836
9546
16443
20984
20709
17528
21943
17753
12107
175
9487
13979
23363
15743
19182
8629
14222
21132
8441
4269
5940
22170
14987
15958
15685
8787
13836
23873
17908
9860
11649
22769
24090
17264
19593
18226
11351
13418
1615
18042
20106
8953
20836
19895
10244
13626
23537
10132
7365
4260
9378
10398
10083
2548
15464
5956
17336
22626
24916
21464
1112
21887
3114
22617
14244
22160
19572
19450
15219
19755
523
2016
24926
5833
10670
2104
12474
7380
5029
1607
10898
15991
20840
15917
2567
1440
16885
16050
8595
569
5502
9888
7198
16129
9808
20775
17788
20695
15583
19296
21306
24601
24616
20387
8440
6556
5877
3268
24031
23804
11101
8672
16867
9226
8809
24769
2834
3757
799
7777
6420
8043
8017
20220
22666
13564
11658
7669
11839
10090
3348
10184
5445
12749
14200
23424
17197
11946
19974
20335
21272
6094
15440
22317
14325
1801
17616
20887
4536
7272
17854
1933
3043
10624
23189
22341
7618
15672
3330
10210
4741
18812
13949
14363
1875
4520
23030
1447
3678
14315
13162
8288
5594
21525
14116
11063
19219
9549
15614
18523
18063
17310
13701
13951
15202
137
1590
20330
23617
1078
5562
4318
8148
16363
4781
24911
2562
3940
7250
21568
1418
13542
16869
1108
13967
15124
10221
1845
5455
10321
13892
16407
5186
18838
3381
24322
15095
14049
24550
2105
19208
1486
18423
10250
2857
19775
8557
18335
2379
10684
15329
8384
22524
3566
15587
12564
23332
260
5480
11837
5587
14339
15621
7632
23899
2456
17329
7031
20272
10585
24937
4641
7835
11732
16929
8099
9027
10033
15482
11169
929
5134
18682
17457
16824
12095
13896
17379
3113
18782
6891
1083
23913
8632
11283
7357
22827
4644
17928
5889
20638
24893
23069
11144
14060
3879
1782
17328
17317
1661
10355
2521
17449
999
11271
24048
17415
4492
18975
3425
20860
975
18178
2059
11487
21225
18241
1353
6017
19033
24794
2613
18767
6664
5881
590
6527
19361
23919
1148
2529
4804
16382
17504
24036
943
20647
21406
17846
14590
3278
13825
23010
22289
17335
13425
8071
9938
12017
14974
23738
24793
20334
382
19941
21777
3508
3299
23075
7019
1455
18996
4374
6106
18167
17440
22033
19098
24430
1465
2308
587
13040
15286
15772
465
24832
11585
11563
8643
6930
22411
14332
20135
6016
9048
4662
10523
11861
14493
21140
4423
20243
17672
11673
19412
11365
4922
8562
18855
13415
4036
23669
5310
3961
9424
18579
15131
21470
1125
10867
24453
18263
23181
15737
15141
24458
7735
22186
14854
14805
15490
19913
18959
14855
14709
19410
22263
14024
22188
20472
16713
24756
5887
20327
8421
10661
17747
5904
23678
3495
16794
20129
19725
21273
11179
8070
2780
12044
9448
10718
23658
19640
17993
8818
11593
229
22596
22849
8009
4277
11386
17957
11726
8304
24202
24755
18156
12968
19392
9333
20174
20292
4514
3977
24533
2849
7411
21994
19819
966
18020
10822
916
20380
15115
6163
18492
23513
16501
2550
14726
1626
5276
15818
1398
21171
16787
20768
21937
5177
17996
5091
17021
5856
11588
23929
9181
21708
17563
3124
14649
1284
12024
10390
5309
18633
21877
17321
15714
6908
18133
9000
33
19857
8372
20816
18204
15684
23414
7497
24226
21956
18733
1364
22558
7382
20933
1961
10517
19232
9336
5710
14127
16253
19425
14859
13460
6223
15762
140
17582
16203
21454
16892
21319
18524
2304
19049
3237
13288
13632
20010
11405
2776
803
6235
18409
17161
5754
701
3795
13734
23257
14078
10485
11709
7792
21884
19732
12363
18010
15423
12232
12849
20168
10777
20602
20732
16059
18009
411
12994
19599
6680
3531
3529
10807
3002
7558
1572
21455
20308
19297
9503
23911
7383
13
2205
19401
20589
24440
11167
17968
11012
21714
11530
676
13153
13856
23217
5208
3597
9601
2830
15565
22320
2365
9613
11287
24114
5267
18859
20543
13708
24691
1854
1030
8498
23660
496
16606
61
20063
23716
15224
18318
8964
19110
7572
16418
10912
5783
21385
19193
3907
17475
1834
11111
580
13445
21711
8142
1203
1150
9288
7333
23625
5781
24972
17088
18739
23574
2420
11136
10494
8888
18768
21913
19351
21990
12211
24766
11236
2451
11030
8811
4530
20800
8936
10633
6014
12289
1489
2972
17172
21995
15505
19642
6271
23454
5062
12417
6602
9855
20735
16472
13601
17231
6245
5028
21007
1064
9375
6278
14942
6306
21241
13035
1019
10738
147
6030
9304
3554
3270
24657
12336
20270
15111
2952
24674
3484
2710
16710
9373
2604
4308
14928
20949
12149
14765
2714
17639
11547
16440
12826
9151
10074
24082
5478
14697
1747
23706
6224
16276
6825
10956
17277
9873
15319
1810
9414
24541
7598
3311
12974
14065
13298
17708
24963
6929
8468
5672
5488
5816
23675
2519
22425
22016
1470
17492
396
7440
7511
11958
4962
2383
6291
20534
10831
23887
7065
16958
20158
12825
10958
9318
8737
22042
23797
14331
12794
20096
23487
6654
10933
9273
23533
16419
6514
18245
11309
3179
17831
12656
10773
12688
1232
6326
9713
5673
4811
3563
3516
16060
6479
14490
15240
20076
14862
11310
20068
20305
6032
1017
14959
22928
6184
24989
12488
9430
12418
9577
5917
21638
2443
8473
7740
4993
11651
4442
11541
20507
16866
18432
8644
19144
10393
1278
4715
13029
9066
9780
24805
8281
18811
24663
15470
6854
2186
15443
24232
16856
2766
4118
13706
18874
18503
10381
22954
6238
16389
19521
13404
19210
7809
10340
3603
14968
18339
4001
12692
3839
10019
13569
18280
8245
4996
6395
17596
19589
21044
14033
19912
15102
16271
9324
16406
21157
1869
13691
146
21716
7539
18458
4103
5086
17339
9738
10067
1816
24199
3657
20688
1482
11007
4723
9920
12407
5991
588
3755
8212
2489
6553
6684
7234
3751
6332
24591
15677
23631
23107
4220
1866
21624
4398
5997
6436
2243
12756
2439
9849
5525
4655
9795
13911
17098
15654
3616
14026
18688
14073
17605
12709
8749
5994
23260
10009
23839
23026
22922
17485
6468
2238
1501
5857
12660
21382
2354
22313
11265
879
7255
14885
24608
6197
5699
9168
19685
1753
13450
8033
14552
1656
3592
11459
13811
23163
19719
6547
12820
22007
185
8830
18790
17730
11175
21581
12555
14713
21095
79
16838
10171
20365
13430
2532
9726
23317
22614
23364
3302
24788
18671
6658
10144
21567
10383
11748
14062
10860
344
5652
18700
11089
11847
1701
5272
23842
15886
3948
19015
2386
21508
4297
1212
23883
17120
8819
24442
11452
23331
14973
8523
6088
8657
22319
14055
766
14094
24291
16027
22383
18667
21832
19892
18107
811
11462
16398
14770
16587
18060
6540
6279
9314
11493
16998
18053
3488
10505
15526
18592
18030
24618
14717
10314
16999
14541
16254
8925
23250
15517
22991
19119
17813
3142
17833
14399
16414
4283
8709
12761
23768
17673
13331
2882
21692
9019
47
24239
22509
1279
3852
2249
13729
21088
17420
21186
1468
12791
23123
14990
2499
22145
20165
15576
13369
19812
24068
20193
13882
704
10461
18273
13652
10061
1358
4280
3423
19267
15381
14542
4673
16250
711
6025
20616
18849
19118
21570
2745
24079
3438
2334
1310
21250
3260
12067
11891
13165
18491
2240
14722
14563
15950
8166
18277
4648
17603
7402
12577
1276
1257
8266
16273
2296
5363
12104
4484
2773
24909
10649
519
9735
12279
22241
8240
23014
24737
14939
10854
24380
2648
7506
17922
16191
11586
24561
14264
1002
14401
15983
19498
21146
24513
783
8694
7066
968
19324
5709
22164
695
16798
10809
1327
13266
7545
1519
17418
11641
12931
6363
16571
14138
15835
21771
7153
9266
4276
1788
13224
6489
20027
23306
21330
16089
9767
14894
8277
24568
6731
8060
22262
12677
17532
4533
22553
22347
8146
18293
15342
886
7016
20192
18712
8150
13775
11272
14857
3815
19108
1550
12385
11778
4139
1462
4319
13597
23655
6872
21723
9242
22518
4899
2503
4162
16087
8119
3158
749
7452
6167
19374
15468
20022
3562
10424
4159
8261
23907
5935
18924
8051
4815
9705
627
17325
21235
4127
12449
20326
24696
13581
14259
7674
5064
6079
19322
2337
12099
22618
1290
1456
20245
290
24512
6208
3220
9947
20340
23535
4227
24646
24189
18680
12131
19622
13496
21387
6687
10201
1727
4358
9757
6867
21511
24121
2525
9207
12736
11093
21415
19517
7930
10988
21790
15144
14462
5129
22956
1606
22741
7743
20815
7619
20482
4943
10812
10970
15211
21
22415
8833
11711
20307
9403
20222
2031
16498
17506
21135
9878
13580
4663
9319
15066
931
12304
6655
22386
9260
10313
15579
17202
8461
10881
13767
19535
4780
10329
13168
4940
10811
19796
4125
16751
6662
18340
17397
12821
22984
9191
4108
10325
11024
17284
6257
11900
1234
9788
17628
23289
21540
15272
3364
406
16040
9740
15562
1932
8333
19601
7424
1211
4523
6812
19828
1723
4769
6767
24105
20481
19482
22884
8029
23915
6548
3331
11582
8064
11280
6166
10679
22198
8765
23266
24400
1793
16732
24530
6740
15250
17697
24059
24064
6708
1808
18587
2560
22653
22146
17282
5747
7860
11745
5429
20385
24562
10487
5007
4216
7051
4618
23461
3971
945
9614
9803
1479
16090
4725
10780
8340
13220
14498
2149
12630
11444
3821
3648
1708
2631
21927
13681
23386
3651
13257
16144
21193
2644
20229
7534
21299
19607
8508
18210
15415
18945
1913
11684
12282
15267
9377
4342
16285
9413
17423
794
19784
21075
8094
12971
7579
7170
17390
9234
23140
3611
13452
13843
6742
16384
8448
21946
14707
1176
16311
23229
7911
24401
24250
8890
23104
17966
4817
16134
18942
22749
11298
5617
15973
13221
5013
16093
24867
23279
14688
20435
14566
24517
17100
3523
13113
15498
994
12038
7047
5487
16454
7347
19345
17010
17724
24166
23046
13274
22744
11845
13797
20827
19279
3535
21834
12806
8169
672
13263
20054
19672
14068
18312
17327
9755
23375
5823
1997
8392
24795
21948
15189
11549
6494
12208
5331
20572
9140
16586
5270
13163
6663
1324
11804
3430
22707
22992
13074
21945
19150
14077
18719
3338
13575
16981
2614
12582
1737
7393
18515
7054
3842
15399
18552
4482
22301
5418
16888
13438
15181
23001
1429
2408
14115
13551
10207
9198
10014
10073
15166
9743
11757
16109
12955
35
5561
13572
9007
18500
9822
13947
10465
1752
21669
13780
19103
19233
12287
14919
21977
24243
2448
13686
20003
17250
11813
22028
19997
13514
2692
1880
9529
14797
209
13586
6501
4429
6631
6458
14108
2756
645
6049
19124
24940
15885
4016
20087
3612
15572
2078
12008
7115
13818
15645
7950
18380
18452
13845
1780
17802
3999
19816
18724
1740
17047
5740
21201
4178
14826
10688
11956
12520
17028
10069
15467
11967
21211
5006
22036
3880
10012
8478
744
3712
17495
23621
9345
9819
12460
21631
15259
5505
6861
3107
16493
14810
12464
9565
9954
17696
16318
20633
8889
10157
24528
2027
1434
932
10288
17402
15786
7398
1149
3570
3502
10056
23597
1734
21416
13621
537
2293
6452
5510
7889
23984
2174
8132
11916
7742
5743
17356
22204
7184
13320
21883
1786
22620
5546
3675
4818
11052
21209
12408
24845
17557
23286
3099
15221
4659
10533
9754
9147
1862
6613
10018
14128
7064
22634
18783
1086
19867
23157
22442
8082
8973
4215
13413
13170
21206
13447
17388
5583
224
237
8078
14957
9798
10177
21017
16170
3469
407
13838
8427
11962
1043
5394
12058
383
16174
22179
5910
10615
5993
7929
5148
17151
18912
18830
3412
17837
3905
3594
3906
12393
3137
24883
3846
256
15108
6761
13758
1838
24668
19078
15118
9422
7327
16769
12646
13571
3394
12659
12442
12388
23089
5457
19206
24526
19681
17544
1972
12294
16428
15067
6760
4578
5321
17896
12899
2657
4883
11712
9891
15564
18077
20772
16850
19242
20983
7330
3258
16487
5389
15810
7812
20725
13088
2553
10240
18292
6828
951
6756
5868
17912
11251
13755
12790
12257
18493
10699
16772
6321
12608
16400
17412
22887
24621
15770
19307
3342
6042
18860
23742
14830
5307
18747
9925
17080
12748
16163
20066
2470
7504
14148
8531
6136
2879
20499
18393
1349
18402
20037
5558
7512
11866
8846
14781
4652
2694
18966
10768
1945
14467
11415
22931
18336
15857
1926
19830
11970
23132
11957
23740
805
3383
12845
18863
17479
11893
155
12711
20455
1796
3458
16672
21774
22211
7396
20586
9720
14010
324
8844
3141
18972
5141
6943
5795
14265
7112
11291
4617
23694
18871
13853
6617
300
18716
11844
20163
10228
5348
15594
2744
10306
4237
827
17711
9222
9797
21393
1581
2184
6403
16623
19684
19276
4240
17272
10453
3958
10989
549
21785
3206
2760
8198
20494
21805
18914
18673
20347
10147
12908
12513
10141
23863
14801
3455
288
22548
2720
22589
17910
23605
2139
8308
655
3102
7156
16519
1361
24460
22078
17865
5031
3521
3555
5277
20958
6712
7088
23936
1543
17531
22780
18430
16473
12022
3830
10754
5327
19735
17113
7805
18222
24463
20291
23506
24593
13930
12048
5807
4732
9942
22525
3214
12697
14978
24136
13801
13434
11990
8564
11457
1334
19485
17261
7278
11883
9843
2951
9178
6071
13886
8826
2821
594
4341
5949
22265
834
23852
6490
11997
17635
3403
5683
1294
21634
20564
5640
23057
4654
4112
13936
18046
24891
22175
10882
11480
22874
24708
16145
15803
6427
14579
7038
12316
22323
15866
14881
9465
369
18233
23938
10173
12975
6839
706
9520
24315
1962
11418
10320
8263
8175
17128
8511
19596
20230
11217
935
14253
2687
21628
14951
18738
1044
17312
3723
2073
1201
8960
6456
17580
9146
22295
19292
12953
5541
3050
3799
21915
11182
5938
11662
3853
6499
8192
6791
18305
861
10774
7672
9238
21944
22843
16985
21664
4779
20662
11294
10498
20912
14351
16562
3057
19893
17934
15394
7705
20865
4714
12878
24660
6536
22264
14170
4782
6709
10801
3743
5624
24974
3742
13538
13336
12361
19021
15384
13640
12771
12062
4796
21630
3467
44
20425
9806
20583
7143
22343
17127
22379
9869
10432
731
14803
22226
20199
11336
8710
19426
20032
17027
4136
17297
16977
23726
22788
10697
10532
19922
7912
21164
320
9374
9761
10878
22481
9977
20600
17183
10215
5756
21919
9898
14243
16
23950
22487
9475
6172
7716
15190
24965
23211
8582
14226
24549
1883
19166
23989
173
6344
17226
21686
24820
9257
4076
17979
20734
24290
23828
14451
14883
3990
11138
24311
16628
2908
10283
18572
15732
13011
20974
5398
11828
1876
13957
1013
21875
22516
7526
3119
24811
19774
3175
8217
6936
1831
24407
16360
19456
23901
22835
8118
15575
11054
7256
16576
12851
15627
3055
20228
21445
9571
17087
19428
13521
11446
13849
7125
2572
24142
23373
20034
6882
4245
854
5168
23948
22222
19137
7110
23267
3930
19841
18147
15828
22063
22950
3097
2905
22045
5793
3841
16971
14484
23352
16300
22716
13018
18285
21491
13902
13713
16492
16179
119
8075
19095
1960
18645
24690
2400
158
15813
1441
13388
8967
18507
1994
1759
3086
11601
11579
6082
14776
12037
1380
585
24021
5690
14221
5629
22848
17576
13233
10519
22720
14460
1870
21065
18726
22532
12818
10209
2901
18158
18097
1507
3662
1749
13208
11670
4449
24443
23827
21081
18559
12594
2252
12750
6537
7475
15412
19037
4937
19136
4145
22528
4638
15940
22601
1546
5874
10565
7437
6394
22765
15296
17385
18497
19987
14143
13835
15755
15077
3154
4369
9724
16393
23218
9174
24151
15478
2316
20137
11455
2346
13060
20166
9425
6442
4284
12456
18678
21917
5642
14034
1007
14465
15661
4598
15294
2487
10779
22631
10238
11884
9486
9070
12879
2074
20981
12079
13561
13477
12536
18792
8593
18449
17986
1085
345
458
13964
11286
22733
24331
2944
20728
18549
2136
8929
22076
17097
3666
3255
21391
22643
9623
6324
12186
6749
22574
20059
19438
11192
19060
23835
4378
10197
11419
16862
1206
15080
12317
1787
19623
15205
20422
17029
16065
16956
11671
5677
5466
20548
10715
21281
19706
8795
9386
6246
5931
21103
17888
12535
9593
19540
11267
9003
20420
12495
11999
14292
13321
20729
1790
21329
9214
6162
16047
12112
20442
6090
22989
24481
7415
671
2318
16804
208
12652
8349
15363
4671
17361
11050
6717
1620
17480
21627
5439
17535
9023
16235
3545
24107
7712
16561
1292
15232
17885
14822
24158
10859
7984
1024
19855
13414
14669
18326
24350
16226
4425
11340
21869
6719
3653
19388
1535
18709
16119
17244
5342
16565
21952
15554
6313
2523
20972
13020
23857
20504
10411
21626
21472
14350
24873
1964
1672
13697
10154
20047
24318
17215
7913
4404
17218
22094
13720
591
9485
543
2573
15369
19287
18887
13251
12655
9526
21847
4992
6482
6263
309
14276
7927
14787
8910
7844
24824
15277
13851
24419
12980
1286
2906
5039
5522
15566
437
22685
6887
23115
7593
9467
4957
8837
11996
10997
18809
21316
22541
21555
11922
24203
22636
8460
21418
16147
1861
21425
17144
10497
20064
8974
337
9837
9865
6967
10863
24870
13980
20518
13779
9093
19713
14051
22807
10323
13176
22895
20715
10489
2333
21775
3006
5183
21871
21717
21462
13703
21216
21818
12572
21001
4446
4572
10024
2980
7947
14902
16499
1901
6195
6056
13229
10070
20303
24840
12981
8067
1068
23940
7265
8552
17338
18304
18774
18810
10429
13823
11835
15113
1048
12373
311
21412
6083
9732
5080
2089
12161
20366
11551
16424
24726
8287
6657
1110
1081
4704
8209
12249
11954
18153
15707
21100
16716
727
17801
20951
14027
24267
23618
11077
6173
6984
3318
416
3881
8899
24515
6785
5
14008
24984
23789
20653
19487
15203
3538
12141
17351
10522
24765
8603
22728
14229
21788
17606
2667
15307
10392
550
12216
21759
18781
12884
4168
433
18611
1937
8944
23791
8432
11529
14715
3595
339
23644
21073
8273
15796
19472
2599
22052
12547
5875
2762
18248
2809
2576
9259
21898
13339
11838
22982
11852
16860
20184
9083
22322
18451
18623
8093
19471
22064
6213
11110
858
11114
15543
12507
9445
16768
23855
5434
8354
14607
24385
16373
9037
10483
23881
2672
4823
24118
11635
11035
23451
17435
10510
6298
22832
1687
11499
5012
1378
6142
6912
2997
10972
3164
19876
20289
7247
22568
557
9142
17348
12151
10687
15590
18001
3368
23589
3983
2096
2079
8760
1667
1732
1826
6342
150
3507
3042
4333
15171
9610
18012
5532
15253
3581
17763
2153
2372
23492
6522
5563
4069
3676
524
16832
16317
1635
12927
8829
16880
24722
11723
7160
6807
19346
14513
2641
13914
4381
846
617
11177
1344
7490
22071
8223
17422
6481
21780
1516
4966
19888
22914
4041
6813
4296
8722
17592
24032
8282
13439
4545
13405
10289
6409
24875
21520
2543
15727
11737
15351
24632
4289
20745
16893
15015
7966
7934
17890
1978
12541
14166
23635
12288
9596
6002
7169
12805
5872
17220
7519
1765
17181
19507
10282
3504
20782
9496
17785
2814
5885
17983
2446
12979
13894
22483
19871
16568
14174
12140
16580
5078
1664
5421
7941
9537
10805
22180
5114
16723
9664
4776
21637
22110
2841
23172
17937
24145
21896
20804
23783
13522
12185
23524
15578
3378
5941
24449
20706
6637
6507
6101
18577
16468
11431
10761
18239
24712
201
317
22079
19734
3650
2851
19901
12318
21949
8439
10425
3361
4938
121
22730
7413
24670
19064
10589
314
1559
16359
24196
441
18384
2062
2816
48
19352
7588
11202
13789
2348
20509
1345
5197
9396
23987
20838
21195
8855
6386
12803
13858
4672
1506
2403
6640
10324
3717
18802
18056
2216
15691
5613
15393
21807
20710
17239
23811
1709
4553
12230
12241
11200
21571
4493
2431
20454
11831
13492
7039
6486
19532
7552
845
11995
23782
5773
5880
8975
7595
13978
15791
1602
12159
12189
3572
7312
14342
2419
20139
19567
16915
3149
12943
7928
20957
11207
3365
17667
3375
17082
13122
18626
18202
5658
7980
18881
24705
3294
16513
9764
5600
17266
12293
7999
11278
5662
21687
20748
21796
1314
16960
8900
7797
22579
5104
4447
23818
389
12273
8518
13790
15809
18489
6285
16224
24816
23834
4737
8537
3028
6685
9353
14047
10040
9606
730
5437
21616
9902
21421
6011
2948
5485
10423
6889
20080
7104
3246
9611
15889
14561
8323
2207
15716
10566
56
17179
15715
2396
18935
3207
8915
6953
3707
5320
4511
11544
15238
14005
3261
21390
24390
14389
5926
3806
13398
17994
19519
13885
3109
11857
14539
18580
5174
5544
12983
24762
10547
13592
12331
7821
16735
19533
4567
17845
8954
13795
21882
24369
15487
19199
22077
511
2449
8750
9842
19792
